_id,dataset_material,vacancy_sites,substitution_sites,defect_sites,Formation_Energy,band_gap_value,strata
BN_B62C2N63_816498e1-eef8-400f-93d4-17a0a435389a,high_BN,1.0,2.0,3.0,20.84510290000005,0.4786999999999999,0
BN_B62C1N63_631c0dc0-4762-4e3c-93ba-d4876a1b7997,high_BN,2.0,1.0,3.0,44.18487186000007,0.5971000000000011,0
BN_B63C2N62_5ea09385-eb62-43dc-9334-9142794a8de0,high_BN,1.0,2.0,3.0,24.33755153999996,0.8445,0
BN_B63C1N62_e4656f55-37a8-4fcf-bec1-fd7cc833f86b,high_BN,2.0,1.0,3.0,46.78374664000014,0.8705499999999979,0
BN_B62C2N63_91fe1ce6-6a19-4a26-8caa-82caf4ca6ac2,high_BN,1.0,2.0,3.0,22.42100626999993,1.8463999999999992,0
BN_B62C1N63_bf087d8a-5a80-4a8d-b49c-11eee139028c,high_BN,2.0,1.0,3.0,44.00151530000008,0.9186499999999996,0
BN_B62C1N63_893ce5db-7b03-4ba6-8e55-53222b1695e6,high_BN,2.0,1.0,3.0,44.197623200000095,0.660499999999999,0
BN_B61C1N64_a50c04dd-8fa1-4002-8868-188649964cc9,high_BN,2.0,1.0,3.0,42.99954696000012,1.6769999999999996,0
BN_B63C1N62_52a5aa1f-0d31-40fa-a5c4-f128d224df4a,high_BN,2.0,1.0,3.0,47.982362030000125,1.4415000000000011,0
BN_B63C2N62_b5c87de5-fac3-4157-86fd-41eac6b5a9a7,high_BN,1.0,2.0,3.0,24.32101434000005,1.3496500000000005,0
BN_B63C1N62_3b0d3454-cfed-46c6-9fe5-b0df4a2edc66,high_BN,2.0,1.0,3.0,46.78994642,1.9909,0
BN_B62C2N63_4409358a-dcc8-49f6-b702-608d39766e11,high_BN,1.0,2.0,3.0,21.158434800000148,0.2347500000000018,0
BN_B63N62_3760435c-dd62-4d1f-9763-66311e5ab139,high_BN,3.0,0.0,3.0,69.42079068000012,0.4364500000000006,0
BN_B62C1N63_cc56269d-91a1-4a0b-b9e8-e158426efc36,high_BN,2.0,1.0,3.0,44.40609617999999,0.9067000000000008,0
BN_B61C2N64_3a00ec3f-2de2-4d3b-9b63-3160d9d9b326,high_BN,1.0,2.0,3.0,18.365889490000114,0.5123500000000014,0
BN_B61N64_4c4fb839-fda3-4a8c-946a-c452b13f9e6d,high_BN,3.0,0.0,3.0,70.12901980000007,2.1989500000000035,0
BN_B62C3N63_9a1aea8f-da29-4edc-9208-a37956436273,high_BN,0.0,3.0,3.0,-0.8533565900000664,1.3227499999999992,0
BN_B61N64_68d5a805-c2bf-4ffe-aa80-512a409542b1,high_BN,3.0,0.0,3.0,70.00510754999996,1.5707999999999984,0
BN_B63C2N62_9ed008a9-5f25-4c0b-ba4a-8a47cda478be,high_BN,1.0,2.0,3.0,23.65796637999997,0.5088000000000008,0
BN_B62C1N63_c614fb3e-a560-49c0-a1f6-b15a83b422ee,high_BN,2.0,1.0,3.0,42.38819432999995,0.772000000000002,0
BN_B62C2N63_091e27ed-fca6-4341-b06d-4dcf13ddaff8,high_BN,1.0,2.0,3.0,22.253945790000014,1.5412999999999997,0
BN_B62N63_89a023d7-6d03-4de1-b7ea-ec06b93e6ff8,high_BN,3.0,0.0,3.0,64.49625370000015,1.0959000000000003,0
BN_B63C2N62_7978bb94-14d6-4a62-acdb-173bfcefa47d,high_BN,1.0,2.0,3.0,28.25230519000015,2.542950000000001,0
BN_B62C2N63_178ab46d-1504-44ae-8c06-e9368418fc14,high_BN,1.0,2.0,3.0,22.59689275000008,1.5412999999999997,0
BN_B62C1N63_e7bfa432-39ff-4f6e-b8dc-40c7a1915ef9,high_BN,2.0,1.0,3.0,42.26012338000001,0.9251499999999986,0
BN_B62C3N63_f8680fd0-eaf3-4516-a4f3-8a4049949bd4,high_BN,0.0,3.0,3.0,-3.1398407400000448,2.121300000000001,0
BN_B63C1N62_18465540-0d0f-4f8a-a346-5ee2d1981023,high_BN,2.0,1.0,3.0,46.66559032000011,1.0185500000000012,0
BN_B62C2N63_3b66d4b4-5c61-4ec9-b6cd-271b6bb38d6a,high_BN,1.0,2.0,3.0,22.343850649999947,1.3198499999999989,0
BN_B63N62_7c8b2dbc-467d-4efa-b29d-eb6ae8baa9af,high_BN,3.0,0.0,3.0,67.34129217,1.2908000000000008,0
BN_B64C1N61_5ecb738b-0ff9-48c5-a2da-7edc4a799dac,high_BN,2.0,1.0,3.0,49.61141955000007,0.6815999999999995,0
BN_B64C1N61_ad29eaae-1b7f-4ea7-aa6c-34e6d2f89f29,high_BN,2.0,1.0,3.0,49.7895675000001,0.5962499999999977,0
BN_B64C2N61_0e9507d0-0b0b-492c-bfd1-c6d4c7ebbde4,high_BN,1.0,2.0,3.0,27.82395881000004,1.3899000000000008,0
BN_B63C1N62_0dadbc5a-890b-4e9e-ae15-162ed3245920,high_BN,2.0,1.0,3.0,47.10617698000012,1.045300000000001,0
BN_B62C3N63_d519e596-9ce5-4f0e-833a-660967339c07,high_BN,0.0,3.0,3.0,-1.2876114799999865,1.3068500000000007,0
BN_B62C2N63_754de4d2-57e0-45ae-a7af-1c23bc0fbbec,high_BN,1.0,2.0,3.0,22.45826478000006,1.192499999999999,0
BN_B63C2N62_49fdbd0f-5c60-4d1d-88c8-1c05a5c8cac3,high_BN,1.0,2.0,3.0,27.81169837999996,2.4200000000000017,0
BN_B64C1N61_e8eeadac-33f6-49f1-8b68-6f8611cd6300,high_BN,2.0,1.0,3.0,49.726090570000125,1.2393999999999998,0
BN_B63C1N62_68634908-9c74-4064-a1e4-3c4b31f924ad,high_BN,2.0,1.0,3.0,47.43793613000005,0.8043999999999976,0
BN_B63C2N62_3cb00313-8a82-4ba1-a679-417818d76f12,high_BN,1.0,2.0,3.0,24.287141359999985,0.5558000000000014,0
BN_B62C1N63_2d68e2f9-0cc7-43b1-af84-7425cfd5e70e,high_BN,2.0,1.0,3.0,44.44389584000001,0.6967999999999996,0
BN_B62C2N63_a7990a41-e250-40d6-9b1b-7e2ac0a4c96d,high_BN,1.0,2.0,3.0,22.585545690000146,1.50375,0
BN_B61C1N64_17c71f4d-d5f4-464c-b8e5-b1898c5fffed,high_BN,2.0,1.0,3.0,42.90681730999998,1.922450000000001,0
BN_B62C2N63_92b2345b-988e-4053-acc2-3f525239e819,high_BN,1.0,2.0,3.0,22.349091849999947,0.773299999999999,0
BN_B63N62_30e985ae-e228-4195-8e28-cf02aed81439,high_BN,3.0,0.0,3.0,66.40635735000015,1.761499999999998,0
BN_B62N63_28093c54-66e6-46b7-ac1c-9072c65311fb,high_BN,3.0,0.0,3.0,68.59417307000015,1.4955999999999996,0
BN_B62C2N63_77ebe900-d4cc-4038-b4b2-cd385847e89b,high_BN,1.0,2.0,3.0,21.437925930000144,1.1630499999999984,0
BN_B62C2N63_cf472f94-6bda-44a7-8055-fccf0cbc1b22,high_BN,1.0,2.0,3.0,22.326210380000045,0.9316500000000012,0
BN_B61C1N64_0f4e864c-3690-4a58-bea4-7995bcd4321d,high_BN,2.0,1.0,3.0,42.74299651000004,1.3710999999999984,0
BN_B63N62_f9c635eb-82f7-4963-acb3-90b0e633bf42,high_BN,3.0,0.0,3.0,69.20601257000013,0.9315500000000014,0
BN_B62C2N63_ae33eeff-979d-45f8-bc0c-8fbdc7a5adae,high_BN,1.0,2.0,3.0,21.261600240000032,1.0684499999999986,0
BN_B63C2N62_619f8642-1de7-4b71-b7db-474645d68427,high_BN,1.0,2.0,3.0,27.84131833999995,2.062850000000001,0
BN_B62C2N63_5207df48-1595-4805-9931-a56f5ad20e53,high_BN,1.0,2.0,3.0,22.646675799999937,1.5311500000000002,0
BN_B61C2N64_2aa173f2-b14a-4b43-a7c5-048d1912699e,high_BN,1.0,2.0,3.0,18.599759809999934,0.3106500000000025,0
BN_B62C2N63_851295dd-8d36-425d-a17e-d6fa55a9511a,high_BN,1.0,2.0,3.0,22.61964357000013,1.6316500000000005,0
BN_B64C2N61_5a5f1225-30e0-4d5f-b6f6-682cc3a32532,high_BN,1.0,2.0,3.0,27.56357793000008,1.8126999999999995,0
BN_B62C2N63_502d44d9-27cd-4a9c-abab-598f066c4740,high_BN,1.0,2.0,3.0,22.5598425200001,1.0606000000000009,0
BN_B63C1N62_451e0075-d3d2-41f6-ab18-e2c1c908978b,high_BN,2.0,1.0,3.0,47.18268803000003,0.5549500000000016,0
BN_B63C1N62_0a32d2c9-6f84-4094-af61-3bfeb162b70f,high_BN,2.0,1.0,3.0,46.550251550000006,1.1302500000000002,0
BN_B63C2N62_d57eab31-9a40-4072-b89b-aca13fc290c9,high_BN,1.0,2.0,3.0,24.28512495000009,1.3698000000000017,0
BN_B63C3N62_c0701127-9f05-46dd-917f-ce3db122a9b2,high_BN,0.0,3.0,3.0,2.404471130000066,1.4294499999999992,0
BN_B61N64_6de4fcfe-2356-4691-8034-704e2e440a98,high_BN,3.0,0.0,3.0,69.2879179600001,0.3529500000000034,0
BN_B63C1N62_dcc9d719-27a2-4b21-a2ec-ad31a1745c5d,high_BN,2.0,1.0,3.0,47.87573266000006,1.3484499999999997,0
BN_B62C1N63_f4677a9c-8504-4148-b56a-e5948b78a2e2,high_BN,2.0,1.0,3.0,48.67579712000011,0.3728499999999997,0
BN_B62C1N63_2868b3c5-b7fb-49b5-9b08-ea89b28e5d45,high_BN,2.0,1.0,3.0,49.07093564000016,2.4571000000000005,0
BN_B62N63_564427d8-9f43-4884-a54b-d1de741134ff,high_BN,3.0,0.0,3.0,62.079115739999935,2.2809500000000007,0
BN_B63C1N62_dffa8568-65a0-4c77-9bd2-5509c8ce5335,high_BN,2.0,1.0,3.0,43.65387323000007,1.760100000000001,0
BN_B63C2N62_ace2916d-43aa-43ff-ad2c-c527b85d084b,high_BN,1.0,2.0,3.0,24.54703795000014,1.2250499999999995,0
BN_B63N62_2f16aaa5-9a28-4ddc-87ad-fa6928847c7f,high_BN,3.0,0.0,3.0,69.83150594000008,0.6399500000000025,0
BN_B63N62_d98d7686-0789-4ce8-b980-537eaf479a9f,high_BN,3.0,0.0,3.0,63.51779231000015,1.4281000000000006,0
BN_B61C2N64_756ea492-7281-42db-8bee-d9fdba5a1fd0,high_BN,1.0,2.0,3.0,16.844314959999934,1.0530500000000025,0
BN_B63C1N62_1b38dde6-635c-46b0-aa1b-bab5dfc7314e,high_BN,2.0,1.0,3.0,47.61480606000011,0.8164499999999997,0
BN_B64C1N61_5ff2d3e3-88a0-45ca-95ad-bd997617b011,high_BN,2.0,1.0,3.0,49.55896558999997,0.6075499999999998,0
BN_B64C1N61_be525049-a4e9-4e3c-8913-b0b9f8caffd8,high_BN,2.0,1.0,3.0,48.71613459000004,1.5432000000000023,0
BN_B63C1N62_0ec2498a-34e3-4caf-94dc-0db823cb9a77,high_BN,2.0,1.0,3.0,47.57292778000012,0.3457500000000024,0
BN_B63C2N62_049d1d14-29ff-4683-bd1f-39495dd3021e,high_BN,1.0,2.0,3.0,23.667747430000095,0.5584500000000006,0
BN_B64C3N61_03ed5146-982a-40e3-90b0-f30d5cef7072,high_BN,0.0,3.0,3.0,7.462225560000107,2.301949999999998,0
BN_B63C1N62_b954410f-4b43-42e3-afcd-5151a9bee045,high_BN,2.0,1.0,3.0,47.15828321999995,1.9803,0
BN_B64C3N61_3daab21b-5f18-464a-8931-4952f31b6067,high_BN,0.0,3.0,3.0,7.5995101500001425,2.286249999999999,0
BN_B64C1N61_609a2fa3-200d-4210-875d-fc77506ce4b5,high_BN,2.0,1.0,3.0,48.82838204000008,1.490549999999999,0
BN_B63C1N62_219136d4-4017-446c-9b42-248b2ca74c2d,high_BN,2.0,1.0,3.0,48.04065583000013,1.5106000000000002,0
BN_B63C1N62_eb73b8f9-1da5-43cf-8d76-8aa0825bf613,high_BN,2.0,1.0,3.0,47.07165196000008,1.9571000000000005,0
BN_B62C3N63_1031d328-ea6d-43b8-90c3-51b8a6c901be,high_BN,0.0,3.0,3.0,-0.820536909999964,0.9259500000000004,0
BN_B62N63_40c88adf-7512-4a77-9138-4049e33b51c7,high_BN,3.0,0.0,3.0,68.64676127999999,1.7354999999999985,0
BN_B62N63_ccc1765c-19db-4c86-abf0-8ff2abb2cc7b,high_BN,3.0,0.0,3.0,68.61180321000009,1.4501500000000007,0
BN_B63C1N62_48376d63-e605-414d-9e78-5da33489d484,high_BN,2.0,1.0,3.0,48.07134093000016,1.456849999999999,0
BN_B62C1N63_786fbdc3-ba77-4701-affe-4c159898064c,high_BN,2.0,1.0,3.0,44.2821787500001,0.3554999999999992,0
BN_B63C2N62_0168251b-59dc-4f2f-b697-24e55bc6015f,high_BN,1.0,2.0,3.0,24.44643974999999,1.2124000000000024,0
BN_B63C3N62_3248e3f5-31c4-479c-b681-f95c3a737f9e,high_BN,0.0,3.0,3.0,2.3819140800001337,1.21725,0
BN_B62C2N63_4ca6a74c-faac-481f-985e-83fb5f7353e1,high_BN,1.0,2.0,3.0,20.47950016999996,1.4436,0
BN_B63C2N62_a7d69c3a-6082-49d2-b078-7159b0f9c11b,high_BN,1.0,2.0,3.0,23.82927755000005,1.2299000000000009,0
BN_B61N64_55584243-97c1-43a9-ac94-252bf298774c,high_BN,3.0,0.0,3.0,64.68540662000001,0.9623999999999988,0
BN_B62C2N63_97a05779-6652-417a-9805-dc8c6b8080b6,high_BN,1.0,2.0,3.0,22.62398802000009,1.0296500000000002,0
BN_B64C2N61_279a924f-87e3-4a99-99c4-a3b5b602d9cb,high_BN,1.0,2.0,3.0,27.592756459999933,1.6929499999999995,0
BN_B61C2N64_884af59f-edab-49bf-bbed-c4ab135baa69,high_BN,1.0,2.0,3.0,18.933559640000027,0.7362499999999983,0
BN_B63C2N62_438059b3-3fda-41a9-9311-27ffff1fba2a,high_BN,1.0,2.0,3.0,24.22910124,1.3892500000000003,0
BN_B63C1N62_19d9fbee-251a-4db2-b480-be6d68b20a66,high_BN,2.0,1.0,3.0,47.92241998000011,1.3847000000000025,0
BN_B63C2N62_3ae8c7dd-5af3-495d-8385-661bd11cc41b,high_BN,1.0,2.0,3.0,28.293340869999973,2.4938,0
BN_B63C2N62_d3701cf7-61ea-494e-be47-526da62f4955,high_BN,1.0,2.0,3.0,27.796926240000083,2.421599999999998,0
BN_B62C1N63_51cf44df-d01a-4336-8cd2-f335959b30e1,high_BN,2.0,1.0,3.0,48.700991070000015,0.2382000000000026,0
BN_B61C2N64_fce1dd94-1adb-4894-83f6-074bf2dec0aa,high_BN,1.0,2.0,3.0,18.821502100000004,0.7370000000000019,0
BN_B62C3N60_ee1c1d6b-a89e-424c-adf7-1ab37e6b62c1,high_BN,3.0,3.0,6.0,69.88253274000014,0.61815,1
BN_B61C3N61_6d2c08c5-5ec0-476c-bba1-bc406e2959f0,high_BN,3.0,3.0,6.0,66.65755317999998,1.0299499999999997,1
BN_B61C2N61_8fccc50b-0f7b-463d-959a-eee16238e2b1,high_BN,4.0,2.0,6.0,85.68098775000016,1.5093500000000013,1
BN_B63C4N59_47386aea-7579-4834-bfa0-478a99639a88,high_BN,2.0,4.0,6.0,50.79148410000008,0.587299999999999,1
BN_B62C1N60_2db64cf8-5ef0-43ac-97ee-8f57e031842c,high_BN,5.0,1.0,6.0,116.83808904000004,0.1505000000000009,1
BN_B61C3N61_0bf86f69-f630-4203-b113-0bac7117536c,high_BN,3.0,3.0,6.0,71.05969018000002,0.6927500000000038,1
BN_B60C3N62_2065400f-41cd-4768-b3b9-3d5c78ae899c,high_BN,3.0,3.0,6.0,64.75777576000013,0.3521000000000001,1
BN_B60C3N62_2f2cedf8-6c2b-4ce1-9a67-320c93df39d0,high_BN,3.0,3.0,6.0,68.77208394999997,1.2731999999999992,1
BN_B58C2N64_2799c727-6959-4bf3-bda9-cd11cecb86a0,high_BN,4.0,2.0,6.0,80.07553604000015,0.6764499999999991,1
BN_B60C2N62_5b42ffc1-ff6a-44b5-a605-7d0378057c94,high_BN,4.0,2.0,6.0,83.13543759999999,0.2656499999999973,1
BN_B60C3N62_93c32027-9669-463e-99db-ef3631efe5be,high_BN,3.0,3.0,6.0,70.81647042000003,1.624649999999999,1
BN_B61C2N61_806e84bc-0dae-44ee-8f14-b13299e3e747,high_BN,4.0,2.0,6.0,96.04288037000008,1.6858000000000004,1
BN_B61C2N61_8d9228f7-e356-4df7-b4a1-019cb56f07dd,high_BN,4.0,2.0,6.0,88.22153128000008,0.9597499999999995,1
BN_B62C4N60_ada01a97-d375-4f7b-a6e3-15c9548f02de,high_BN,2.0,4.0,6.0,49.81690200999997,1.0128500000000005,1
BN_B61C4N61_ba8fcd25-0656-47f2-b7cf-883c06e51289,high_BN,2.0,4.0,6.0,44.26813413999996,0.6227000000000018,1
BN_B59C4N63_68c2cb86-4aad-43bc-931a-2ec05dfeb813,high_BN,2.0,4.0,6.0,37.51463290999999,0.1952999999999995,1
BN_B62C4N60_cd94f525-b0d8-4a60-a3e5-3011678562f3,high_BN,2.0,4.0,6.0,50.32727843000002,0.5813000000000024,1
BN_B59C3N63_a2152063-8629-446b-82bf-a60925162b71,high_BN,3.0,3.0,6.0,61.44692742000012,0.5907000000000018,1
BN_B60C2N62_3ec6d9aa-cd85-4284-a1e2-036e4847971d,high_BN,4.0,2.0,6.0,86.30806473000013,1.3096499999999978,1
BN_B61C3N61_a0954dd2-21c8-4f9e-ac10-4886580b2742,high_BN,3.0,3.0,6.0,66.68271259,0.457650000000001,1
BN_B63C4N59_ab4f0d2a-24a9-45a2-b488-ee3ef81c4521,high_BN,2.0,4.0,6.0,50.25868484000004,0.3128499999999974,1
BN_B61C4N61_622d2783-f5f9-495d-bba9-68990d343c66,high_BN,2.0,4.0,6.0,46.33078579999999,0.6245499999999993,1
BN_B59C4N63_d43400eb-baf2-4e03-b345-88c15380c0af,high_BN,2.0,4.0,6.0,39.246619640000006,0.92915,1
BN_B63C3N59_f52176e3-c30f-409c-a752-3a9ede603742,high_BN,3.0,3.0,6.0,71.8344993000001,0.5788000000000011,1
BN_B61C3N61_90895fb7-1109-40b9-8279-c0f7b7dada09,high_BN,3.0,3.0,6.0,77.15408099000007,0.2393500000000017,1
BN_B60C2N62_31a4f582-65fc-4b32-a156-1ea780060f54,high_BN,4.0,2.0,6.0,84.56067336999996,0.5300000000000011,1
BN_B61C2N61_bfb8ad09-30ad-42b2-9b66-c71e1152b9ad,high_BN,4.0,2.0,6.0,90.04936500000002,1.0076,1
BN_B63C4N59_eae0b764-7ea6-4a25-adb1-c51347879b43,high_BN,2.0,4.0,6.0,50.381081500000086,0.2619000000000007,1
BN_B63C4N59_95bbef1c-1fc7-4137-b384-83930cad4b75,high_BN,2.0,4.0,6.0,49.68678134999997,0.7683999999999997,1
BN_B62C3N60_5b10c5f9-de6d-41e5-99aa-d3f45ee9d1ce,high_BN,3.0,3.0,6.0,75.63028199000011,1.1249499999999983,1
BN_B61C3N61_eb788e2e-71e4-416d-8238-83271dd12444,high_BN,3.0,3.0,6.0,63.461129450000094,1.6675000000000004,1
BN_B62C5N60_d0139370-d89a-4377-ac85-2fd47d220f3d,high_BN,1.0,5.0,6.0,25.04823531999993,0.69285,1
BN_B59C4N63_ff51c824-422a-41db-9c50-3acc298829d4,high_BN,2.0,4.0,6.0,40.17215529000004,0.341549999999998,1
BN_B61C4N61_857d65ad-52b8-4532-9e57-89c10a1c8164,high_BN,2.0,4.0,6.0,45.68445841000009,0.5193499999999993,1
BN_B59C4N63_ae9d7785-ef49-4c7b-b060-127af00232be,high_BN,2.0,4.0,6.0,38.99729162000011,0.3178000000000018,1
BN_B61C3N61_50686ffc-13ce-45c1-9db2-452f9ebdd816,high_BN,3.0,3.0,6.0,67.92756103000016,0.634649999999997,1
BN_B59C5N63_159eaf66-82df-4885-9c9f-de9c9de04be3,high_BN,1.0,5.0,6.0,15.699016430000082,0.3165499999999994,1
BN_B61C4N61_c6211c4a-1eeb-40eb-bb04-966e8e3379b0,high_BN,2.0,4.0,6.0,45.92623201000008,0.7687500000000007,1
BN_B61C2N61_a8b269ad-eb80-41e2-83a6-165b98e9d090,high_BN,4.0,2.0,6.0,91.44713674000008,0.079699999999999,1
BN_B61C2N61_52834d87-fff3-4e59-b9e3-45aab02de0da,high_BN,4.0,2.0,6.0,90.37123557000012,0.691749999999999,1
BN_B60C2N62_31fc2edf-b01d-48e8-bbe4-0359ed8aee52,high_BN,4.0,2.0,6.0,87.77770225,0.2248999999999981,1
BN_B59C3N63_6ad3af8e-b12d-4abb-b6f3-55eb6850054f,high_BN,3.0,3.0,6.0,57.981314579999946,0.5830500000000001,1
BN_B59C3N63_3d18075f-ce86-4d5a-86d9-34429086d0d1,high_BN,3.0,3.0,6.0,65.42691682000014,1.3832500000000003,1
BN_B61C5N61_58a973dc-587e-4340-ac35-56a03c9b5e35,high_BN,1.0,5.0,6.0,20.85025647000002,1.0096500000000006,1
BN_B61C3N61_618947cd-ae68-42d1-b765-d0a1eb30c6ac,high_BN,3.0,3.0,6.0,64.03310102000006,0.765900000000002,1
BN_B59C3N63_7ce5d11b-780f-466e-b35f-5f7fb44f0e01,high_BN,3.0,3.0,6.0,61.06857210000004,0.3791500000000027,1
BN_B59C4N63_6d37bbb8-7835-4244-829f-df15fee022ad,high_BN,2.0,4.0,6.0,38.62005337,0.1209500000000005,1
BN_B62C1N60_aeaa99b8-4bd1-4cfb-8b14-5c54c765f9af,high_BN,5.0,1.0,6.0,114.34152191000014,1.145450000000004,1
BN_B61C2N61_ca832834-938c-4c22-ac1f-1774c4a1fc26,high_BN,4.0,2.0,6.0,95.86847887000016,1.1919000000000004,1
BN_B59C3N63_1446eab7-6d2f-4f44-859e-c4b75203d5ff,high_BN,3.0,3.0,6.0,64.08114040000015,0.6278499999999987,1
BN_B63C2N59_e2bfd289-03fb-40a6-8da2-db87c197d95b,high_BN,4.0,2.0,6.0,93.7306668800001,1.7226500000000016,1
BN_B62C4N60_97e6b030-c793-4d21-934d-5894e0528135,high_BN,2.0,4.0,6.0,47.51738666999999,1.6097,1
BN_B62C3N60_7be776fb-af4a-4e57-9b07-28af455c9673,high_BN,3.0,3.0,6.0,68.16666200000002,0.4347999999999992,1
BN_B64C3N58_667769b1-c86b-487e-ab91-d35272f46cd9,high_BN,3.0,3.0,6.0,73.21094967000013,0.9319999999999986,1
BN_B62C3N60_07032995-dc0b-46ca-9aad-c37042e18f38,high_BN,3.0,3.0,6.0,67.81757101999999,1.206599999999998,1
BN_B59C1N63_ab6f62d6-9921-438a-803d-ae1fe756db32,high_BN,5.0,1.0,6.0,103.93165161999995,0.8487500000000026,1
BN_B61C2N61_9fb32b13-1626-4a80-8255-b0008e9005d4,high_BN,4.0,2.0,6.0,95.90118073000002,0.5772999999999975,1
BN_B61C4N61_0f782fea-a8df-4e1b-8acb-2ef59b4c97a3,high_BN,2.0,4.0,6.0,44.49939658999999,0.7771499999999989,1
BN_B63C3N59_f771d860-db67-428d-87e6-bf94eb10630c,high_BN,3.0,3.0,6.0,69.19820909000013,1.0855500000000011,1
BN_B59C4N63_81182b8c-c581-4fb2-9b0f-bbd1812aa310,high_BN,2.0,4.0,6.0,37.57513533000014,1.5247499999999974,1
BN_B62C3N60_ab9fa2d4-f4fd-4580-9ab4-d24314ef90f7,high_BN,3.0,3.0,6.0,69.11826904000002,1.4514500000000012,1
BN_B60C4N62_b38e8e5c-d9ad-4205-a7eb-1cc08dac196d,high_BN,2.0,4.0,6.0,40.45537684000015,0.1858000000000004,1
BN_B59C2N63_b93bac1b-0f25-4e35-8a3b-40fcdf2efc4f,high_BN,4.0,2.0,6.0,86.2534842500001,0.2813499999999997,1
BN_B62C2N60_265dbba0-50b1-443e-b3e2-17133e7742b8,high_BN,4.0,2.0,6.0,95.86104883000012,0.9711500000000016,1
BN_B62C4N60_20ca7188-b26c-492b-8901-a6420b96fd11,high_BN,2.0,4.0,6.0,56.24410415000016,2.3741499999999967,1
BN_B62C3N60_960d68db-3fcd-4f1d-8643-10c73d73b6de,high_BN,3.0,3.0,6.0,66.54363980999999,0.8716500000000025,1
BN_B61C3N61_12497fde-52d6-45f5-8bc0-709b931eee77,high_BN,3.0,3.0,6.0,67.54799718999999,0.3985999999999983,1
BN_B60C1N62_02975082-3092-4cec-a3af-c4f1dbc81ea1,high_BN,5.0,1.0,6.0,112.73194570999992,1.1758500000000005,1
BN_B61C2N61_d4b6c57c-70ae-45f1-b598-3f04cbde3020,high_BN,4.0,2.0,6.0,85.70908651999997,0.4117999999999995,1
BN_B59C1N63_347c2f07-4025-4db5-b731-3426add969bb,high_BN,5.0,1.0,6.0,103.90539186999996,0.8707999999999991,1
BN_B58C4N64_8eaeaa60-6bdb-40d8-ab1c-b6734d8e0111,high_BN,2.0,4.0,6.0,34.26164694999994,0.4544999999999994,1
BN_B62C4N60_25a3eb57-6dbf-4b47-9636-1fcd3b2caf90,high_BN,2.0,4.0,6.0,47.21090064000013,0.2598999999999982,1
BN_B62C1N60_08281391-76b4-43b8-8f88-8d8949d75506,high_BN,5.0,1.0,6.0,115.79496546000011,0.2337500000000005,1
BN_B61C4N61_bc3610f6-ae3d-46e9-93f4-a06bb121d048,high_BN,2.0,4.0,6.0,49.93811205000013,1.1434500000000014,1
BN_B60C1N62_535a764c-1fc6-42ec-8e12-bcbabd9cf7b3,high_BN,5.0,1.0,6.0,106.94167279000015,1.1217499999999987,1
BN_B61C5N61_26911a3a-dc6c-4f10-ba9c-b63aaf05f014,high_BN,1.0,5.0,6.0,22.999672149999967,0.3386999999999993,1
BN_B61C4N61_d9d74e2b-1d7a-4d3e-9aa0-9c67d034ed1d,high_BN,2.0,4.0,6.0,44.017252720000144,1.1361500000000009,1
BN_B60C2N62_def3c0d8-c0b1-478c-9fa0-cfb2ac1d2976,high_BN,4.0,2.0,6.0,90.90082725999996,1.3491500000000016,1
BN_B61C5N61_05150d59-6849-4eaf-80d5-e9700df1561d,high_BN,1.0,5.0,6.0,24.54690781999993,0.9403000000000006,1
BN_B60C2N62_f1eabecf-4fc9-45f1-a4fd-e838b3963c2f,high_BN,4.0,2.0,6.0,88.21931421000005,0.2733500000000006,1
BN_B63C4N59_2724c59c-70dd-4638-8453-231e1938f778,high_BN,2.0,4.0,6.0,55.21826668999999,0.9096000000000012,1
BN_B63C3N59_5b999e27-dbec-4a15-b7c8-aa1f73f72d05,high_BN,3.0,3.0,6.0,72.9557472500001,0.3546499999999994,1
BN_B59C4N63_d33d14d7-0ed2-4657-be5d-c994e8801fc3,high_BN,2.0,4.0,6.0,38.71844657000014,0.3581500000000019,1
BN_B63C5N59_0f9ca204-a928-4bea-973f-f664910bb565,high_BN,1.0,5.0,6.0,29.181273899999987,0.9553500000000028,1
BN_B62C4N60_80e79a32-15c2-48a4-9b2c-c150153a70a0,high_BN,2.0,4.0,6.0,46.49820262000007,0.4274999999999984,1
BN_B61C4N61_e989b50a-f63f-4d3a-a267-1ec33f6f1d0b,high_BN,2.0,4.0,6.0,46.38724824000012,0.5161499999999997,1
BN_B64C3N58_f45a1a85-00ee-4a8c-aa0c-7fe074bb962a,high_BN,3.0,3.0,6.0,74.96485943999997,0.5829000000000022,1
BN_B61C6N61_97638a31-bb61-4d0e-a9a8-505c20d58a79,high_BN,0.0,6.0,6.0,-2.001145569999906,0.4537000000000013,1
BN_B61C4N61_4b44edbb-751d-4a20-a2a6-6f2fc0815ec8,high_BN,2.0,4.0,6.0,44.82120610999998,0.3380999999999972,1
BN_B60C2N62_d2a2eb0b-80e4-4121-ab4b-e91435900764,high_BN,4.0,2.0,6.0,90.9651152300001,1.0927999999999969,1
BN_B62C5N60_f65159b6-1a93-45cb-8d29-f9f2ac8c4592,high_BN,1.0,5.0,6.0,25.88279325,0.6094499999999989,1
BN_B60C4N62_9ae3da70-fff0-4aa0-9e2d-e381258f3efe,high_BN,2.0,4.0,6.0,41.36196724000006,0.1586499999999979,1
BN_B62C2N60_7e50815a-6cd3-4abf-930d-aeaaa768a7f6,high_BN,4.0,2.0,6.0,93.15186647,0.3656000000000006,1
BN_B59C2N63_6fc4000e-3f0b-40a3-828d-133af34d0a3e,high_BN,4.0,2.0,6.0,84.19225513999999,1.13495,1
BN_B61C4N61_7164a295-58d9-4f98-94a8-71d6fcb523a0,high_BN,2.0,4.0,6.0,45.4197824300001,0.63035,1
BN_B59C3N63_1543819d-fe23-48b8-a991-e13b4dd047a6,high_BN,3.0,3.0,6.0,64.82765546000002,1.7731999999999992,1
BN_B62C3N60_c867b114-8bbc-4952-a3f5-37048d8b088a,high_BN,3.0,3.0,6.0,66.08615438999998,1.3054500000000004,1
BN_B60C2N62_99174a9c-69c7-4336-a0f9-83890f67275c,high_BN,4.0,2.0,6.0,86.65577734000004,0.472800000000003,1
BN_B62C5N60_b4b9e426-feb2-43c4-bbe4-2ec35ced64b0,high_BN,1.0,5.0,6.0,25.24397012000001,0.3427000000000006,1
BN_B59C3N63_48e81ae4-e605-447a-a396-ee36810b481d,high_BN,3.0,3.0,6.0,60.63131311000012,0.7046500000000009,1
BN_B59C4N60_34949a59-719e-4499-a036-3b0e3fe6be4d,high_BN,5.0,4.0,9.0,103.09538620000008,0.2673499999999968,2
BN_B60C5N59_772feb90-3019-4fcc-b79c-99d51a61df4b,high_BN,4.0,5.0,9.0,90.57340036,0.9914500000000004,2
BN_B58C5N61_0b7560be-72ca-46b3-a96d-c904952266b3,high_BN,4.0,5.0,9.0,81.2377058700001,0.5152000000000001,2
BN_B59C5N60_fd1dae1a-7e01-46a2-b8d4-9a43b0d5419a,high_BN,4.0,5.0,9.0,88.44964054000009,0.3758999999999979,2
BN_B58C4N61_a9716835-a2c5-44de-97c3-822d582b9c47,high_BN,5.0,4.0,9.0,106.80520443999998,0.4978000000000016,2
BN_B60C6N59_69b2e4e1-851a-497e-8c9e-cb7478994ce3,high_BN,3.0,6.0,9.0,70.57906035000003,0.91235,2
BN_B62C6N57_c1470a49-dfca-4d2e-815c-127f5dcb38b0,high_BN,3.0,6.0,9.0,69.69982101000011,0.8828999999999994,2
BN_B57C5N62_04711cba-45f9-483a-99cc-41622fe2d844,high_BN,4.0,5.0,9.0,78.34916293,0.3803999999999981,2
BN_B60C6N59_4b24f9c2-16a4-4914-9996-5504f3943dea,high_BN,3.0,6.0,9.0,67.59128921999998,0.430299999999999,2
BN_B60C6N59_eadc0053-fbce-413c-a111-1019e69e6425,high_BN,3.0,6.0,9.0,69.11197937000004,0.8180499999999995,2
BN_B59C4N60_5420fb66-8f73-4e4c-913f-5f1b5cda0cf5,high_BN,5.0,4.0,9.0,108.41515053999998,0.3271000000000015,2
BN_B59C6N60_047502c7-7911-4a13-b650-d81e409fefc0,high_BN,3.0,6.0,9.0,59.912580280000114,0.8787500000000001,2
BN_B60C5N59_da392c82-b2dc-40c2-9620-ce66725ae07e,high_BN,4.0,5.0,9.0,87.70678349000008,0.6066499999999984,2
BN_B59C4N60_bcaa87b5-af01-4c11-a5f4-c9f3f01301d0,high_BN,5.0,4.0,9.0,109.75448303999994,0.3815999999999988,2
BN_B59C3N60_ddf55b1d-4433-4e03-89c0-418d18c8239e,high_BN,6.0,3.0,9.0,129.27790459000002,0.5512999999999977,2
BN_B60C3N59_342d32e9-3bea-44c2-a8a4-d1a4037f9ddb,high_BN,6.0,3.0,9.0,131.17794911000004,0.5893000000000015,2
BN_B61C4N58_fb36650f-1d0b-484c-9964-40f73da986c1,high_BN,5.0,4.0,9.0,112.48911687000005,0.2501999999999995,2
BN_B61C6N58_91a7fb9c-f210-4633-9940-3ebe0cc2f03b,high_BN,3.0,6.0,9.0,71.98493930000012,0.9404000000000003,2
BN_B61C5N58_19faee91-3fcb-4538-9a1b-a490fe1390a7,high_BN,4.0,5.0,9.0,95.49920404999996,1.248850000000001,2
BN_B60C4N59_ec3aa808-79da-4067-a4c3-bbac2a1c797e,high_BN,5.0,4.0,9.0,109.95149146,1.0287000000000006,2
BN_B59C4N60_f9cfcc02-7c08-40dc-9427-a6357449462a,high_BN,5.0,4.0,9.0,111.33055084999998,0.7211999999999996,2
BN_B62C5N57_c7d748bd-b850-4e55-a878-0dbd55076bdf,high_BN,4.0,5.0,9.0,95.4073472500001,0.741500000000002,2
BN_B60C4N59_5c29d129-33c5-468f-98cb-7eb0729b0f76,high_BN,5.0,4.0,9.0,112.69965261,0.1942000000000021,2
BN_B59C3N60_699db9d2-13e8-427d-b318-55ff3a9e7b7a,high_BN,6.0,3.0,9.0,131.22687787000004,0.4734999999999978,2
BN_B60C5N59_f25fc5ff-de4a-4d09-8880-c698b57d4586,high_BN,4.0,5.0,9.0,86.64821606000004,0.7239499999999985,2
BN_B58C7N61_2b7e6747-0a41-4246-bf16-c97f2aba85b9,high_BN,2.0,7.0,9.0,38.96188858000001,0.982800000000001,2
BN_B58C6N61_7f42272a-d3e9-4ffb-b78f-4d6ab1bd86b5,high_BN,3.0,6.0,9.0,60.557102849999936,0.6881999999999984,2
BN_B60C4N59_67ca2cdf-f85f-4b33-8d66-3ca783e17f17,high_BN,5.0,4.0,9.0,121.60505831999996,1.4543,2
BN_B59C3N60_bc9c8d66-f39d-4f9d-95fb-d0226fa0bf6e,high_BN,6.0,3.0,9.0,129.28453040000008,0.75,2
BN_B62C4N57_667fea06-a716-4678-81d0-74fb8ac5bcc7,high_BN,5.0,4.0,9.0,116.06361576,1.275199999999998,2
BN_B59C2N60_d1a23d8b-83ea-4731-a2a2-f39836e19679,high_BN,7.0,2.0,9.0,156.6220308900001,0.7420500000000025,2
BN_B58C4N61_8ddb3521-821f-4212-9b35-a118fe206a05,high_BN,5.0,4.0,9.0,108.31302725000008,0.3565000000000005,2
BN_B60C4N59_2276fb85-7d36-429b-b756-225052bae132,high_BN,5.0,4.0,9.0,117.63039809000004,0.6063500000000026,2
BN_B59C6N60_f1620f8d-402a-4996-b70a-5a45a846ec44,high_BN,3.0,6.0,9.0,64.44945698000011,0.4041500000000013,2
BN_B57C4N62_3dfd8dff-8238-46d7-a6f8-3804a309b5ef,high_BN,5.0,4.0,9.0,100.67213161000016,0.660499999999999,2
BN_B57C4N62_dba83249-5896-48ee-aa68-a2f80d2efe89,high_BN,5.0,4.0,9.0,102.81199076999994,0.796400000000002,2
BN_B60C4N59_034a29ea-8455-4c06-a388-35baf691a924,high_BN,5.0,4.0,9.0,107.47459230000013,0.4603999999999999,2
BN_B56C4N63_36c26e69-5538-4d30-819c-1bff12c01635,high_BN,5.0,4.0,9.0,100.74070420000008,1.203599999999998,2
BN_B61C3N58_5337480f-821f-4ae6-a437-d52009a46383,high_BN,6.0,3.0,9.0,137.13948011999997,0.4752500000000026,2
BN_B58C4N61_0cea6102-b128-4a99-bb39-f5e0a81aa0e5,high_BN,5.0,4.0,9.0,106.15136612,0.3501500000000028,2
BN_B57C5N62_0b914155-d2cb-46ae-8eb7-0e86984a0204,high_BN,4.0,5.0,9.0,80.16676676999995,0.8477500000000013,2
BN_B60C4N59_e9b18a58-19bf-4e4b-b49e-0bcb35bacb06,high_BN,5.0,4.0,9.0,102.02862076999992,0.3427000000000006,2
BN_B58C5N61_09f663c0-fc0f-47ca-be40-6c6c6fa2bad3,high_BN,4.0,5.0,9.0,82.22276927000004,1.3210499999999996,2
BN_B61C6N58_c24ed5b7-e751-4b24-855e-055d15295c73,high_BN,3.0,6.0,9.0,70.72074485000002,0.6830499999999979,2
BN_B61C4N58_449f973e-6e94-4b24-95b6-16daff3011c1,high_BN,5.0,4.0,9.0,117.0753076800001,1.140049999999999,2
BN_B60C4N59_9215256c-7292-415c-8d7a-9013fc769ea6,high_BN,5.0,4.0,9.0,119.23627743000004,0.2216999999999984,2
BN_B60C8N59_420b75b7-3169-4821-b9cd-283db37a7240,high_BN,1.0,8.0,9.0,21.10334504000009,0.3309500000000014,2
BN_B60C5N59_991126e8-d7dd-47db-9b69-e26f1992f669,high_BN,4.0,5.0,9.0,90.3166602600001,0.7046500000000009,2
BN_B58C5N61_b96ddddb-497f-4306-8709-23c159c54be3,high_BN,4.0,5.0,9.0,80.55974701000011,0.3950999999999993,2
BN_B60C5N59_c4707190-acde-465b-aff3-8c71eecaa0a4,high_BN,4.0,5.0,9.0,90.9976418600001,0.3083500000000008,2
BN_B61C3N58_f863269e-211e-4e23-ae50-5780e5a525ca,high_BN,6.0,3.0,9.0,131.82773933000004,0.8866000000000014,2
BN_B60C6N59_de3c15ae-3abe-444a-b99c-c5efac54cc07,high_BN,3.0,6.0,9.0,68.83217616999998,0.2456499999999977,2
BN_B60C6N59_85d83a30-2724-4653-bd82-22b8bb63deed,high_BN,3.0,6.0,9.0,69.60330723,0.3582999999999998,2
BN_B61C3N58_d60fa95e-0b59-477c-bab5-d7495554ee52,high_BN,6.0,3.0,9.0,131.87503322000003,0.5378499999999988,2
BN_B60C2N59_71139f82-03ed-41a2-8f6f-cf4f19b46dd5,high_BN,7.0,2.0,9.0,150.84100956000003,0.8435500000000005,2
BN_B60C6N59_5049e7fd-bc30-4ef4-b693-fd54c79f19e1,high_BN,3.0,6.0,9.0,64.95326842000016,1.7241,2
BN_B58C5N61_a666c01b-992a-43d6-9361-a05619f78548,high_BN,4.0,5.0,9.0,84.81435559000008,0.2995999999999981,2
BN_B61C5N58_80fd732e-60b1-4a9b-a3f1-fa9217f8ef54,high_BN,4.0,5.0,9.0,92.80602054000002,0.8965999999999994,2
BN_B58C4N61_3459dee8-8cd7-46f4-89c9-c0c8d9154e25,high_BN,5.0,4.0,9.0,106.07402581999996,0.9927500000000008,2
BN_B60C3N59_d9399fd9-dcf0-457a-b987-7d999711bccd,high_BN,6.0,3.0,9.0,137.30551435,0.8521000000000001,2
BN_B58C5N61_f14f314f-e321-4f77-9968-5ac8b079d9bd,high_BN,4.0,5.0,9.0,78.94704207000015,0.9647000000000006,2
BN_B60C6N59_d1e0ffc3-5e17-47df-81fd-b38fd5965a27,high_BN,3.0,6.0,9.0,65.8825163100001,0.3557500000000004,2
BN_B63C5N56_64d5c02e-5974-4476-b1bb-c554ae8b455e,high_BN,4.0,5.0,9.0,98.05806256000012,0.7761500000000012,2
BN_B60C5N59_3ed05937-68d6-4287-aba3-c07707d89d4d,high_BN,4.0,5.0,9.0,89.05996328999998,1.0568000000000026,2
BN_B58C6N61_2632c2d6-2885-409c-8e36-de12f4aa67d5,high_BN,3.0,6.0,9.0,59.56305483000013,0.6738,2
BN_B58C3N61_9672cc87-1c02-4996-8106-d57263be719d,high_BN,6.0,3.0,9.0,126.37391498999996,0.8999500000000005,2
BN_B59C5N60_ecefe5db-d503-4e64-a5a5-fd005967829a,high_BN,4.0,5.0,9.0,85.72469927000004,0.3197999999999972,2
BN_B60C6N59_f2573b8e-3282-4d15-a871-960865471d38,high_BN,3.0,6.0,9.0,67.85679852000005,0.0851499999999987,2
BN_B58C6N61_018d79b4-fc10-46d3-81f9-d8c06f172d82,high_BN,3.0,6.0,9.0,59.044149099999984,1.1271500000000003,2
BN_B61C2N58_24f2bc31-62fb-4bcb-a67e-5a9f17c948c9,high_BN,7.0,2.0,9.0,156.91352202000002,0.4305500000000037,2
BN_B58C6N61_3cc1f690-ca73-4b37-9b6e-1cd1607c3801,high_BN,3.0,6.0,9.0,63.934605239999954,0.4447999999999972,2
BN_B61C5N58_1c785395-11e4-4550-bf70-be89d8e04798,high_BN,4.0,5.0,9.0,90.58675195000006,0.889050000000001,2
BN_B60C6N59_2ebc1187-e162-4ae1-849a-2c2c708cc3ea,high_BN,3.0,6.0,9.0,69.16708842999999,0.9453500000000012,2
BN_B57C6N62_e3c0c12a-e471-4e14-bb9b-6a976297ea64,high_BN,3.0,6.0,9.0,62.02646217000002,0.3414999999999999,2
BN_B60C5N59_3ac74abf-6c1b-4b6c-b98a-37e5b23e63f4,high_BN,4.0,5.0,9.0,81.45626835000002,0.5712499999999991,2
BN_B61C5N58_4c37fed2-1aa8-47d5-934c-2f704b6999b9,high_BN,4.0,5.0,9.0,82.59635851000013,0.4290500000000001,2
BN_B59C6N60_3c7585a6-4e5d-4a9f-947a-7eb3807fbee5,high_BN,3.0,6.0,9.0,65.64786715999999,0.3835499999999996,2
BN_B59C6N60_667fdbab-83d8-4a6d-8201-f24352ff3a37,high_BN,3.0,6.0,9.0,64.64146612000009,0.3281499999999973,2
BN_B61C4N58_81e15b0f-5aaa-4fec-986c-add6ba272322,high_BN,5.0,4.0,9.0,116.04481984000012,0.3111500000000013,2
BN_B60C5N59_7c92f24a-8a38-4d41-acbf-5b7e9200de38,high_BN,4.0,5.0,9.0,88.25218127000011,0.8217500000000015,2
BN_B58C4N61_ee5e39d1-823c-4070-8b53-9f767843d0a3,high_BN,5.0,4.0,9.0,103.74192135000008,0.3712000000000017,2
BN_B59C4N60_b1e28517-7333-485e-8e5d-91c96ee82751,high_BN,5.0,4.0,9.0,103.42884120999994,0.4505499999999998,2
BN_B61C5N58_93679b80-b1fa-4954-bb18-62a1d72328a5,high_BN,4.0,5.0,9.0,89.67090564000006,0.541400000000003,2
BN_B58C6N61_37d50284-3499-4feb-963f-9d92a18c7544,high_BN,3.0,6.0,9.0,62.636400449999954,0.5244500000000016,2
BN_B60C1N59_4856223a-a3b8-4781-9734-19f713ad614a,high_BN,8.0,1.0,9.0,175.5644780000001,0.7373000000000012,2
BN_B59C2N60_8a5c6e3f-5399-41fb-b7c5-c6aa982c50e5,high_BN,7.0,2.0,9.0,154.51202805,0.6230499999999992,2
BN_B58C6N61_41c9e217-65ce-493a-acaf-04cde07ec3ca,high_BN,3.0,6.0,9.0,57.89829175000007,1.269349999999999,2
BN_B63C5N56_0c7e2dce-7e6f-4981-8555-bc10518ca2fc,high_BN,4.0,5.0,9.0,96.72397183000004,0.9059999999999988,2
BN_B60C4N59_fc07bae8-db78-4b27-a08a-2b63b5c5b840,high_BN,5.0,4.0,9.0,112.84901809000014,0.2381500000000009,2
BN_B60C6N59_9362c864-7f1e-47b9-8e70-ea153c1c7a29,high_BN,3.0,6.0,9.0,64.69533800999996,0.8955500000000001,2
BN_B61C6N58_a1464ebc-8b90-4053-bfae-c8fcb14088ed,high_BN,3.0,6.0,9.0,71.02349468000006,0.2881,2
BN_B63C4N56_e6c78a86-ebfb-4688-920e-9fe1a6a4aa46,high_BN,5.0,4.0,9.0,122.72418207999992,1.00685,2
BN_B57C5N62_c14c331a-f327-449d-8b16-bba1e2e37fcc,high_BN,4.0,5.0,9.0,87.20825593000004,1.100200000000001,2
BN_B61C2N58_485230e1-76f0-4988-929b-4866b90c31ae,high_BN,7.0,2.0,9.0,153.35026249000003,1.047550000000001,2
BN_B57C6N62_683bed62-adfe-4a69-85cf-0416b43b1160,high_BN,3.0,6.0,9.0,60.886518779999925,1.0310500000000005,2
BN_B61C4N58_ecddaedb-10e4-4538-a956-385b7d380ce1,high_BN,5.0,4.0,9.0,116.50872221000004,0.3908500000000003,2
BN_B61C4N58_3cd91ac7-693e-4db4-9495-604d3588ae1d,high_BN,5.0,4.0,9.0,115.86605814000012,0.7881999999999998,2
BN_B58C5N61_dd5a0e8b-103a-4e2a-b945-6533f244e243,high_BN,4.0,5.0,9.0,90.31451505000015,1.1920000000000002,2
BN_B59C5N60_4ddfc5bd-151b-47e0-9485-7bfe890f0a3d,high_BN,4.0,5.0,9.0,86.67300323000002,0.3891999999999989,2
BN_B60C3N59_db6fc924-03f6-4507-8a16-9d929da6c640,high_BN,6.0,3.0,9.0,136.3618159300001,0.3338999999999998,2
BN_B58C8N58_9a709d63-5e67-44cc-baa9-c2569d726cdf,high_BN,4.0,8.0,12.0,85.98843960000008,0.3407499999999999,3
BN_B58C8N58_725a1b0f-cb6a-4d38-9e47-6500291e023f,high_BN,4.0,8.0,12.0,85.94266219000005,0.5290999999999997,3
BN_B60C6N56_7a5f4dd5-780a-4787-849f-5654db5c04fa,high_BN,6.0,6.0,12.0,137.56474067000008,0.1809499999999992,3
BN_B60C7N56_3215b2af-2ba0-41a6-bfdb-22d0f8d7f6cd,high_BN,5.0,7.0,12.0,105.20842244000002,0.1533000000000015,3
BN_B56C5N60_a1a02be6-8926-4029-90f2-2a7ba5a2efd2,high_BN,7.0,5.0,12.0,145.41916263000007,0.277750000000001,3
BN_B57C6N59_93730f28-a265-423f-9a8a-bef95a445b6e,high_BN,6.0,6.0,12.0,121.83917676999998,1.1809499999999993,3
BN_B60C5N56_e7c5d5b8-1ddb-483e-941b-7337b226c976,high_BN,7.0,5.0,12.0,154.06448977,0.3368499999999983,3
BN_B60C7N56_12887f19-aa58-496e-ab92-418d0f6e544d,high_BN,5.0,7.0,12.0,114.70349185000006,0.561399999999999,3
BN_B60C6N56_978cbad4-e2d4-42ca-9e45-db9d79f27447,high_BN,6.0,6.0,12.0,133.9370651,0.9148000000000032,3
BN_B59C5N57_de40645c-2d38-4261-94d8-f056d8889e73,high_BN,7.0,5.0,12.0,156.08273739,0.6239000000000026,3
BN_B58C6N58_08c8727a-8e03-456c-b881-d873d20efaaf,high_BN,6.0,6.0,12.0,131.03955157999997,0.5401500000000006,3
BN_B57C7N59_5d414417-4db2-4f73-8577-4937172e5014,high_BN,5.0,7.0,12.0,103.9238187300001,0.76755,3
BN_B60C8N56_5048e261-8708-44fd-8782-1dda2384896e,high_BN,4.0,8.0,12.0,87.78497019999995,0.4772500000000015,3
BN_B59C5N57_29a11801-d00a-4a69-be2f-03323a3d2840,high_BN,7.0,5.0,12.0,151.60961376999998,0.5482000000000014,3
BN_B59C7N57_a8a4e598-db68-4dcd-8e71-e703a97b185c,high_BN,5.0,7.0,12.0,114.20612194000007,0.5683000000000007,3
BN_B57C5N59_58eb1172-b461-4339-9826-4f6a1dff18d9,high_BN,7.0,5.0,12.0,145.6138703900001,0.4128000000000007,3
BN_B58C6N58_8da97a12-4278-42a8-8a9f-42769afc39e5,high_BN,6.0,6.0,12.0,125.96398833,0.695450000000001,3
BN_B57C8N59_09b1ef40-1be3-4216-b2dc-cedaebc2fa19,high_BN,4.0,8.0,12.0,76.76853907999997,0.4718499999999999,3
BN_B56C6N60_b50198cd-9c6a-4f2e-87e1-63ceb201673b,high_BN,6.0,6.0,12.0,117.68250818000011,0.0798999999999985,3
BN_B57C6N59_f9c52cff-db62-414a-9eb0-51fad83bccca,high_BN,6.0,6.0,12.0,127.01013321000003,0.5069499999999998,3
BN_B59C6N57_135d2287-792b-44df-a3f9-5bf6863b581f,high_BN,6.0,6.0,12.0,130.78203673999994,0.4318999999999988,3
BN_B59C5N57_43eed403-9f2a-4123-a3cb-6d14a49a4f23,high_BN,7.0,5.0,12.0,158.81090447000005,0.5904500000000006,3
BN_B59C5N57_950a5213-6edc-480b-8f71-fdd69bd71a73,high_BN,7.0,5.0,12.0,153.52484344,0.3047000000000004,3
BN_B59C7N57_870f7e9b-215a-4741-82e0-b9a62b65ab8b,high_BN,5.0,7.0,12.0,112.76314604000012,0.3238500000000002,3
BN_B57C4N59_7ab5113d-25fd-4c39-b7b1-50dee39d137a,high_BN,8.0,4.0,12.0,168.9883978800001,0.4217000000000013,3
BN_B58C4N58_62d06b29-a2db-4687-ad09-c41cc9fb072d,high_BN,8.0,4.0,12.0,173.84609506000004,0.0870999999999995,3
BN_B57C7N59_48a7be32-1edf-47ad-8191-3ae8067ec1df,high_BN,5.0,7.0,12.0,101.57487428,0.3815500000000007,3
BN_B56C5N60_8913c57b-632f-4f56-897e-b138470272e7,high_BN,7.0,5.0,12.0,146.08025706,0.3665500000000001,3
BN_B56C7N60_8463b0d4-2891-4ba9-84e2-1cf5e568d1b1,high_BN,5.0,7.0,12.0,104.73807494000016,0.2743500000000018,3
BN_B57C6N59_03c1ae6f-31a6-4272-8fd4-b08885ddcca7,high_BN,6.0,6.0,12.0,129.94717076999996,0.1892500000000012,3
BN_B59C4N57_dbc10317-97d8-4a40-b0c5-2daf07a701b7,high_BN,8.0,4.0,12.0,176.40958358999998,0.8902000000000001,3
BN_B58C5N58_6a09a988-3fd5-48d7-bf41-9d480d75abca,high_BN,7.0,5.0,12.0,154.6542201000001,0.3387499999999974,3
BN_B56C7N60_f9492db3-4d5e-4f7f-9752-61c7bd25802e,high_BN,5.0,7.0,12.0,102.34209703000008,0.9235500000000024,3
BN_B58C6N58_99d1407e-7c46-49a3-a3af-32bd136159a5,high_BN,6.0,6.0,12.0,120.19859840000014,0.4645499999999991,3
BN_B60C5N56_30abe55a-ae5f-4ec7-b066-d4b12894f7fa,high_BN,7.0,5.0,12.0,150.56996852000006,0.4153999999999982,3
BN_B59C8N57_5c9aa49b-9ef7-4336-bcfb-7b2a9cf96b48,high_BN,4.0,8.0,12.0,86.44658950000004,0.2577500000000015,3
BN_B60C5N56_e6c05bb8-9262-4f6b-b560-5fcc6cefe1ef,high_BN,7.0,5.0,12.0,147.9383171700001,0.5271499999999989,3
BN_B60C5N56_337b0902-b431-4acf-bfc1-ef303d3d7a99,high_BN,7.0,5.0,12.0,157.0456680300001,0.3170999999999999,3
BN_B58C6N58_0aa0a6d3-9b9f-4909-8399-d6b0b7f744c6,high_BN,6.0,6.0,12.0,130.7185470600001,0.6933499999999988,3
BN_B56C6N60_22dad1b3-0283-4655-a659-4ec6be8087a4,high_BN,6.0,6.0,12.0,123.68190579999995,0.6348999999999982,3
BN_B57C7N59_8ff6032c-2869-4d52-a70d-749dc5b7beb3,high_BN,5.0,7.0,12.0,102.82336569000005,0.28125,3
BN_B58C6N58_da689c02-1bdd-4c41-8eee-6887ca971621,high_BN,6.0,6.0,12.0,128.6311655600001,0.4234999999999971,3
BN_B58C6N58_567a85fa-227c-4a18-9728-fa818d00e248,high_BN,6.0,6.0,12.0,121.9661405800001,0.1837499999999998,3
BN_B57C7N59_84e4a6a6-6c72-4b53-9b8c-08867def17c5,high_BN,5.0,7.0,12.0,100.37406040000006,0.3242499999999992,3
BN_B56C7N60_d9fe66c1-3491-4f37-b1b9-eede020d5685,high_BN,5.0,7.0,12.0,103.73614330000008,0.5309500000000007,3
BN_B56C6N60_c5542134-07ac-48e8-8e62-54ef1e400f9b,high_BN,6.0,6.0,12.0,124.91507474,0.4415000000000013,3
BN_B58C7N58_1f04a78c-1e28-46a0-8e44-36bf03b2fc5b,high_BN,5.0,7.0,12.0,106.57086075000004,0.3017500000000019,3
BN_B60C6N56_9b1193b5-464f-4f2f-ac75-082a929fd476,high_BN,6.0,6.0,12.0,136.68383070000013,0.7770999999999972,3
BN_B57C7N59_668fa5ba-af75-43c2-9c38-41ff4477516d,high_BN,5.0,7.0,12.0,102.62400555000008,0.6698999999999984,3
BN_B59C6N57_2d76950e-b389-4286-a1ec-53d93bb7c273,high_BN,6.0,6.0,12.0,129.77733381999994,0.3513999999999981,3
BN_B57C7N59_2cc51ef2-9803-4475-91c7-7fa87b5d8432,high_BN,5.0,7.0,12.0,105.70851718000004,0.3920999999999992,3
BN_B57C5N59_98c9f9b1-9698-415d-bed3-de6456005bc2,high_BN,7.0,5.0,12.0,147.60484400000007,0.4408999999999992,3
BN_B57C5N59_c808c9d3-f0e7-4fd2-9391-245abfc68212,high_BN,7.0,5.0,12.0,141.74430487000006,0.5402999999999984,3
BN_B58C6N58_f7327653-7703-490a-9478-15fa8ea8dc66,high_BN,6.0,6.0,12.0,134.84108664999997,0.7821499999999979,3
BN_B58C5N58_5072cc3a-160e-4063-9ccd-0ba24e8d52a6,high_BN,7.0,5.0,12.0,154.2235063600001,0.8532000000000011,3
BN_B57C8N59_d02359e4-f38c-446a-8bf1-2df0f923b677,high_BN,4.0,8.0,12.0,89.98624921000008,0.5075000000000003,3
BN_B58C4N58_5ff031e4-ab1d-476b-a141-ad75afa621b1,high_BN,8.0,4.0,12.0,171.44956050000008,0.4234500000000025,3
BN_B58C4N58_6b2c67e4-8be4-4dfb-a26a-650c80831d8b,high_BN,8.0,4.0,12.0,173.75167450000004,0.5143999999999984,3
BN_B60C6N56_6bf66b06-dada-469d-8ce0-ddd525c39542,high_BN,6.0,6.0,12.0,137.3610372900001,0.4252000000000002,3
BN_B59C6N57_6a7af6fa-4558-4ed2-9524-5dda83b811f7,high_BN,6.0,6.0,12.0,128.18136649999994,0.5819499999999991,3
BN_B60C6N56_711feaf6-0519-45af-baab-7ba0851f7e49,high_BN,6.0,6.0,12.0,137.86692479000007,1.1093499999999992,3
BN_B57C7N59_4147e169-7573-48e0-91fb-4f8fe945915c,high_BN,5.0,7.0,12.0,98.24131844999998,0.696550000000002,3
BN_B59C8N57_0c31eb1e-91ab-4293-bc6c-bb99458c32d9,high_BN,4.0,8.0,12.0,88.58352061000002,0.8719000000000037,3
BN_B60C6N56_79ea487a-367a-4120-816e-60a60d241322,high_BN,6.0,6.0,12.0,138.21408094000012,0.5616000000000021,3
BN_B60C4N56_1841a996-be3f-443d-9442-9265cdb15a82,high_BN,8.0,4.0,12.0,175.15894028,0.4517500000000005,3
BN_B59C6N57_c1b127ce-6587-442b-a911-b2b7c48aace0,high_BN,6.0,6.0,12.0,133.27817767000008,0.5160499999999999,3
BN_B58C6N58_f1310de3-7274-47da-9055-c28f5e3151b4,high_BN,6.0,6.0,12.0,122.86520724000012,1.2592,3
BN_B56C6N60_47145106-dee7-451d-bc9e-724a11071a9b,high_BN,6.0,6.0,12.0,122.11571299000012,0.5850999999999971,3
BN_B56C4N60_4dfae1f9-c2bb-4789-8b21-baabcad7ff21,high_BN,8.0,4.0,12.0,156.89125892000004,0.2225000000000001,3
BN_B58C6N58_0a5f2f65-bfd1-4767-873f-882ab418dfd0,high_BN,6.0,6.0,12.0,125.72270415000013,0.3158500000000011,3
BN_B58C7N58_847dfa7a-ecbd-4108-bc04-37f52bdf12d4,high_BN,5.0,7.0,12.0,106.78749852999997,0.2266499999999993,3
BN_B56C6N60_a608375e-a10a-4e85-a0a7-593eef1ac58b,high_BN,6.0,6.0,12.0,114.29828636000012,0.9027999999999992,3
BN_B58C4N58_07d90a54-9597-4ec5-95cc-e3ee1afb287b,high_BN,8.0,4.0,12.0,174.80611326000007,0.597249999999999,3
BN_B57C7N59_c78a68f2-4b36-4699-bcfd-e16c13f47c2e,high_BN,5.0,7.0,12.0,106.75538084000014,0.654399999999999,3
BN_B58C6N58_b5beb248-7ba9-4fe5-9902-eb49aa1f3204,high_BN,6.0,6.0,12.0,135.1268973,0.5354500000000009,3
BN_B57C8N59_e1b68398-bbb3-44e2-ab16-16e726ae571c,high_BN,4.0,8.0,12.0,83.60385700000005,0.6686499999999995,3
BN_B59C7N57_f1021f36-6239-49eb-9cc1-9a1f03502204,high_BN,5.0,7.0,12.0,110.26570187000002,0.4908000000000001,3
BN_B57C7N59_3154a7a4-6901-4df5-9c42-8e56d092510d,high_BN,5.0,7.0,12.0,105.74369525999995,0.7171999999999983,3
BN_B60C6N56_835b7040-70b7-4b68-b008-4a9d15553b4c,high_BN,6.0,6.0,12.0,133.7467003,0.3272499999999994,3
BN_B56C7N60_a7571619-744c-4c6d-a9ef-101267208809,high_BN,5.0,7.0,12.0,97.73527003000002,1.254450000000002,3
BN_B59C6N57_37dd2187-8198-4878-8388-0724418500e1,high_BN,6.0,6.0,12.0,133.5375506,0.902350000000002,3
BN_B58C7N58_96addd86-21d4-402c-b5a4-a3d99abfc030,high_BN,5.0,7.0,12.0,101.06506856000009,0.922699999999999,3
BN_B60C6N56_f238f811-e4ab-4d75-93e8-679e6c4f3885,high_BN,6.0,6.0,12.0,126.47291075000008,1.291800000000002,3
BN_B60C8N56_d2c42c78-f6e4-42d0-a7f2-fbcbcde29c8b,high_BN,4.0,8.0,12.0,95.53751584999996,0.386099999999999,3
BN_B58C8N58_a2273f87-3b0e-45f5-ac25-3ee6888dc06e,high_BN,4.0,8.0,12.0,85.99118959999996,0.2887999999999984,3
BN_B57C7N59_23c5b335-91a4-422c-b76e-97b5150eab70,high_BN,5.0,7.0,12.0,95.25367560000004,0.2657999999999987,3
BN_B56C7N60_f7e43120-1c90-4568-a2a9-8d3e9bf4133c,high_BN,5.0,7.0,12.0,102.62775563000012,0.5672999999999995,3
BN_B57C6N59_6b4d1fd0-26ba-41ea-a7d6-b40e79a1f305,high_BN,6.0,6.0,12.0,121.77721401000008,0.6103999999999985,3
BN_B59C6N57_0cebbd35-0c80-4cbb-b40c-99bcd205bce9,high_BN,6.0,6.0,12.0,134.18797367,0.6508500000000019,3
BN_B56C7N60_090c05c6-6176-4a52-bd9f-0d5502f161f4,high_BN,5.0,7.0,12.0,107.79930340000008,0.6187000000000005,3
BN_B58C6N58_7ba27f5f-b99c-4859-9f0a-f5ff5412d9a4,high_BN,6.0,6.0,12.0,121.35801902000011,0.3811999999999997,3
BN_B58C6N58_22264df8-430f-4229-a387-97c644a6f684,high_BN,6.0,6.0,12.0,129.22829119999994,0.4801499999999983,3
BN_B56C6N60_4207f6e4-c177-42ce-81ab-253171500e50,high_BN,6.0,6.0,12.0,121.5249160500001,0.3981999999999992,3
BN_B57C7N59_3b1a6f08-d81b-49f8-b9c0-2ef91f4f8252,high_BN,5.0,7.0,12.0,104.56808407999992,0.6015999999999977,3
BN_B60C8N56_2d964614-1767-485d-9714-097a383f5ee4,high_BN,4.0,8.0,12.0,91.00337464000005,0.349499999999999,3
BN_B56C5N60_b9fc3d29-df67-42db-afbd-258a0f695a13,high_BN,7.0,5.0,12.0,145.0470783400001,0.5914500000000018,3
BN_B59C7N57_903f7335-9e07-46e6-838f-2552436bf134,high_BN,5.0,7.0,12.0,108.26655943,0.3209999999999979,3
BN_B59C6N57_c95e00a3-489f-4852-8914-8b4589bd8611,high_BN,6.0,6.0,12.0,126.46472364000007,0.2171500000000001,3
BN_B56C6N60_c8be913b-3a4b-4acb-9e4c-88bcc9426814,high_BN,6.0,6.0,12.0,129.78329474999998,0.3356500000000011,3
BN_B60C7N56_86f12aaf-e995-4701-95f0-3533563fcf19,high_BN,5.0,7.0,12.0,109.61822229000016,0.4285999999999994,3
BN_B56C8N56_220e0f94-eb6c-45f5-949c-68fbf9e97c14,high_BN,8.0,8.0,16.0,164.59876561000004,0.3418000000000027,4
BN_B56C8N56_36a18d82-eae3-4735-827a-793f426a409c,high_BN,8.0,8.0,16.0,161.22877639000006,0.2916500000000006,4
BN_B56C8N56_115439fc-0a94-4b82-b741-5b35c294b9e4,high_BN,8.0,8.0,16.0,171.92801795000008,0.3886500000000019,4
BN_B56C8N56_66c2e778-32b6-49ab-811b-730a62716829,high_BN,8.0,8.0,16.0,166.3864863500001,0.3588500000000003,4
BN_B56C8N56_14abf2bb-7619-4a18-83e3-ca350ceea68f,high_BN,8.0,8.0,16.0,169.16131549000005,0.666999999999998,4
BN_B56C8N56_6d72762a-f5c0-4669-9d02-b185b42fb3a5,high_BN,8.0,8.0,16.0,170.15862227000008,0.2555000000000014,4
BN_B56C8N56_ea3e0de2-9cbb-44a9-a59e-24e76c4d06e2,high_BN,8.0,8.0,16.0,170.44588211,0.6337499999999991,4
BN_B56C8N56_552e398a-fdaa-425c-ab5d-7da86d8d68f6,high_BN,8.0,8.0,16.0,166.18608016000002,0.2140500000000003,4
BN_B56C8N56_fca4085a-9b8c-4d56-b90d-f0833b640d5e,high_BN,8.0,8.0,16.0,168.18808972000005,0.6034500000000023,4
BN_B56C8N56_c7b7ebf8-e24b-4df1-b6b4-3e542d2630fb,high_BN,8.0,8.0,16.0,167.34431659,0.5616999999999983,4
BN_B56C8N56_4ebf4574-08c8-4325-9544-35ccc7a585ac,high_BN,8.0,8.0,16.0,159.76424545000003,0.6260500000000029,4
BN_B56C8N56_992715c0-0315-4ade-babe-aa7733206324,high_BN,8.0,8.0,16.0,165.34924194,0.9457999999999984,4
BN_B56C8N56_8ca9d057-0dfc-4283-a8e9-799ac99abdc2,high_BN,8.0,8.0,16.0,169.38559397,0.3878500000000002,4
BN_B56C8N56_794b491e-60fa-4ff4-846c-a8d9264cc89b,high_BN,8.0,8.0,16.0,168.72820717000008,0.1632999999999995,4
BN_B56C8N56_36cf5e94-09a7-4fe6-be6e-d1db664e08d8,high_BN,8.0,8.0,16.0,176.36281549000006,0.4343499999999984,4
BN_B56C8N56_80f2abd4-9141-49f8-aa13-321edf5cff9d,high_BN,8.0,8.0,16.0,165.83645742000004,0.7116499999999988,4
BN_B56C8N56_5b3a27ff-37b8-4e98-87bf-62ddf657a678,high_BN,8.0,8.0,16.0,169.45160217000006,0.3051500000000011,4
BN_B56C8N56_14cf50ae-202f-4c2e-8310-815199e1f8d7,high_BN,8.0,8.0,16.0,168.74603292,0.1470500000000001,4
BN_B56C8N56_b35ce94f-de07-4bb7-9e4c-6e0f8c9b37e6,high_BN,8.0,8.0,16.0,170.44794293,0.3103499999999997,4
BN_B56C8N56_dbd66174-cf70-4837-9ff3-ac765b092c19,high_BN,8.0,8.0,16.0,161.85076052000005,1.1072999999999986,4
BN_B56C8N56_c19e08a5-b08b-4255-b0a5-672b7d247fec,high_BN,8.0,8.0,16.0,169.1779165000001,0.3495999999999988,4
BN_B56C8N56_f1a28b25-d508-489e-a9b3-025e9cb64309,high_BN,8.0,8.0,16.0,171.20807028000007,0.6250500000000017,4
BN_B56C8N56_80cfbdde-ad28-491a-9e96-9efa8a18fb90,high_BN,8.0,8.0,16.0,167.2804473600001,0.7127000000000017,4
BN_B56C8N56_e948bec5-1060-459a-abe9-9680bc2ba73b,high_BN,8.0,8.0,16.0,163.76342254000002,0.916400000000003,4
BN_B56C8N56_cbbad7e9-3210-40b5-a6ee-076717cbe702,high_BN,8.0,8.0,16.0,166.85650572000003,0.6473499999999994,4
BN_B56C8N56_22a8bcbb-9b72-4081-ad9e-fc253378f65a,high_BN,8.0,8.0,16.0,167.4138292400001,0.1985000000000027,4
BN_B56C8N56_67621d10-78ad-484a-a20a-cc15b1cca27f,high_BN,8.0,8.0,16.0,160.94117478000004,0.6311499999999981,4
BN_B56C8N56_ca5abacd-314e-4de2-b137-392574eae70d,high_BN,8.0,8.0,16.0,171.83327542,0.5528999999999975,4
BN_B56C8N56_c4d47eb4-764a-4504-a75d-6d11389796cd,high_BN,8.0,8.0,16.0,168.29393249000003,0.6062000000000012,4
BN_B56C8N56_2b4666c7-f3b7-47db-ae18-5781b436486c,high_BN,8.0,8.0,16.0,168.11500873000006,0.5787000000000013,4
BN_B56C8N56_8eb7a5e7-2bd7-4fd1-960e-8df193d7be55,high_BN,8.0,8.0,16.0,169.62972182000004,0.3850499999999996,4
BN_B56C8N56_ca083c4c-a07d-4b8d-bc2a-719fbd88ace2,high_BN,8.0,8.0,16.0,162.2707437200001,0.1770499999999977,4
BN_B56C8N56_2909574d-f150-468c-b136-62313c90e2fd,high_BN,8.0,8.0,16.0,166.73428464,0.4725499999999982,4
BN_B56C8N56_2187029e-45b5-4267-9a10-9718acfb8d7f,high_BN,8.0,8.0,16.0,164.5069319000001,0.3859999999999992,4
BN_B56C8N56_d755eb96-83f4-4979-aa09-7ece31263688,high_BN,8.0,8.0,16.0,170.32306393000005,0.5219999999999985,4
BN_B56C8N56_574fc31e-a92e-42e8-8393-5bba44973904,high_BN,8.0,8.0,16.0,163.88655853000006,0.6430499999999988,4
BN_B56C8N56_377c81e6-fa75-4e8f-8d55-4bd7a5d476bd,high_BN,8.0,8.0,16.0,163.51539528000006,0.451749999999997,4
BN_B56C8N56_27914a55-4000-4887-82e9-942a4f01efe8,high_BN,8.0,8.0,16.0,165.83715259000002,0.724499999999999,4
BN_B56C8N56_749b6a5d-ee65-43cf-86fd-5acb470df8a2,high_BN,8.0,8.0,16.0,172.86889297,0.2458499999999972,4
BN_B56C8N56_4f9b0eb7-a059-4742-8d2e-59c629f3f7e6,high_BN,8.0,8.0,16.0,170.44384458000007,0.2601000000000013,4
BN_B56C8N56_58e91856-4404-4e28-9258-d25e3912945b,high_BN,8.0,8.0,16.0,166.20193410000007,0.3335000000000008,4
BN_B56C8N56_7580705b-b129-4d3c-af2e-dfd6c8f9c243,high_BN,8.0,8.0,16.0,166.7203048400001,0.3597999999999999,4
BN_B56C8N56_e3cf586b-fef7-48f9-9c26-4919c8ba866d,high_BN,8.0,8.0,16.0,167.01858144,0.4093000000000018,4
BN_B56C8N56_28d817f7-798c-4dd8-8b23-b3dccac268dc,high_BN,8.0,8.0,16.0,162.77899643000006,0.5163999999999973,4
BN_B56C8N56_92a73362-2fe0-4cf5-9d31-944f950be314,high_BN,8.0,8.0,16.0,170.71578447000007,0.2960499999999975,4
BN_B56C8N56_6a825861-f0cc-491f-88f7-aef026839a9e,high_BN,8.0,8.0,16.0,165.24287068000007,0.3783999999999992,4
BN_B56C8N56_42af1b2f-7e1b-4a66-a4b9-1f9f63e7e34e,high_BN,8.0,8.0,16.0,167.05280568000006,0.3623499999999993,4
BN_B56C8N56_ba05f177-20c1-43b6-81fb-56f69ef9b375,high_BN,8.0,8.0,16.0,157.2122687600001,0.8999499999999969,4
BN_B56C8N56_34aa60b0-77f7-40a0-b43a-8dde508db3b8,high_BN,8.0,8.0,16.0,166.72615157,0.3201999999999998,4
BN_B56C8N56_606a67dd-1749-431a-b95a-a7e3f7c9c920,high_BN,8.0,8.0,16.0,158.68285005,0.559000000000001,4
BN_B56C8N56_aabbd699-db88-434c-a35d-593fb782d80e,high_BN,8.0,8.0,16.0,172.49985996000004,0.1895500000000005,4
BN_B56C8N56_92b9afe0-0a45-45cd-b955-62a2a0bb6fc5,high_BN,8.0,8.0,16.0,168.82535438000008,0.6286500000000004,4
BN_B56C8N56_21a22c8b-8afb-47dc-bc9f-2d7c8531bb7a,high_BN,8.0,8.0,16.0,173.40830482000007,0.4399000000000015,4
BN_B56C8N56_daca2cea-d68d-448c-956e-3e13282409e2,high_BN,8.0,8.0,16.0,164.77279481,0.6565499999999957,4
BN_B56C8N56_9c908513-ee3b-4e25-9a90-1dfc4b8ca7bd,high_BN,8.0,8.0,16.0,170.94274197,0.6255500000000005,4
BN_B56C8N56_e257290b-dbfc-4a78-89d8-ee0cf9795183,high_BN,8.0,8.0,16.0,166.59927222000005,0.285149999999998,4
BN_B56C8N56_b6a5ea49-7a20-4581-b2f2-89f1d4ae755a,high_BN,8.0,8.0,16.0,168.9319623400001,0.3318000000000012,4
BN_B56C8N56_c2c3e43e-132d-49f8-8beb-a2baa7b39e7f,high_BN,8.0,8.0,16.0,163.86764237000006,0.3066999999999993,4
BN_B56C8N56_12949bea-9156-4957-80b5-e06a48317804,high_BN,8.0,8.0,16.0,170.52608514000002,0.4893,4
BN_B56C8N56_6a2adc13-4fae-483c-95b4-1f845d3eff76,high_BN,8.0,8.0,16.0,169.8229567900001,0.9987500000000012,4
BN_B56C8N56_209c47c7-7818-4e6a-b083-8ec2349b7c2b,high_BN,8.0,8.0,16.0,175.4847368,0.4365000000000023,4
BN_B56C8N56_125c8b29-b7c3-41fc-aa70-0a9d57913f8b,high_BN,8.0,8.0,16.0,162.5448096300001,0.4497500000000016,4
BN_B56C8N56_157654ed-2b9a-45b3-b300-0f7c6cbb186b,high_BN,8.0,8.0,16.0,166.89360943000003,0.1652500000000003,4
BN_B56C8N56_e6205bc3-b16a-4b49-8a77-c597860908e5,high_BN,8.0,8.0,16.0,170.80990705000005,0.16845,4
BN_B56C8N56_2f177f2f-d9e1-4fd9-8c11-4eb01352cc22,high_BN,8.0,8.0,16.0,167.40652727000003,0.2939499999999988,4
BN_B56C8N56_57a6593d-53a7-47b3-bde8-1a09f1ee2aaa,high_BN,8.0,8.0,16.0,167.72978086000006,0.558250000000001,4
BN_B56C8N56_df41306d-cc7b-4de7-9fc7-f57a80edcaca,high_BN,8.0,8.0,16.0,176.0592957400001,0.2258999999999993,4
BN_B56C8N56_0b09929d-d1ec-4a35-b0af-1b01132cc34d,high_BN,8.0,8.0,16.0,172.62377965000002,0.9400000000000012,4
BN_B56C8N56_8ab7daca-7ef0-4ff6-9beb-9fb65161730a,high_BN,8.0,8.0,16.0,169.88431134,0.3139500000000019,4
BN_B56C8N56_eccc8c0e-e4dd-454f-9f5c-d45885de1692,high_BN,8.0,8.0,16.0,165.56828962000003,0.3064,4
BN_B56C8N56_cf54a8d9-0091-422a-9c39-52d7335619f9,high_BN,8.0,8.0,16.0,167.0164718700001,0.8240000000000016,4
BN_B56C8N56_0e3eb25b-6186-4c5f-be79-bce4077c10f9,high_BN,8.0,8.0,16.0,165.21399287000003,0.6644500000000022,4
BN_B56C8N56_629e0c2f-1e71-4aed-8c6a-940d1cc097b0,high_BN,8.0,8.0,16.0,166.21458938000006,0.958000000000002,4
BN_B56C8N56_a001b897-9e06-4c2a-90c4-7479563fdd17,high_BN,8.0,8.0,16.0,161.32922334000006,0.7942999999999998,4
BN_B56C8N56_d3974e62-e217-415d-a839-71725bf31543,high_BN,8.0,8.0,16.0,168.75117382000002,0.4190499999999986,4
BN_B56C8N56_acc2c6b6-2902-40c7-99f7-8b22fc533651,high_BN,8.0,8.0,16.0,169.81213142000007,0.33155,4
BN_B56C8N56_b80d9e0d-a129-487e-a412-4afd2dc5c979,high_BN,8.0,8.0,16.0,168.26202723,0.4017499999999998,4
BN_B56C8N56_7b1b9684-6ab6-4fdb-aae5-3903d40637ea,high_BN,8.0,8.0,16.0,163.38555924000008,0.4664999999999999,4
BN_B56C8N56_54a563d4-2349-451e-b63a-a291ffce8769,high_BN,8.0,8.0,16.0,166.34447241000004,0.0834500000000026,4
BN_B56C8N56_5986965c-8cd1-4097-bd1a-0c4ef19ef4b0,high_BN,8.0,8.0,16.0,171.24699366,0.3119000000000014,4
BN_B56C8N56_a1b359b4-5840-4012-b441-f744327f495b,high_BN,8.0,8.0,16.0,167.96542503000006,0.2075500000000012,4
BN_B56C8N56_3e97e1dc-2960-4f73-9c6d-feeb7a108408,high_BN,8.0,8.0,16.0,167.56015225000004,0.6642500000000027,4
BN_B56C8N56_77ca0752-de83-432c-babe-191d2a5f2144,high_BN,8.0,8.0,16.0,159.64464183,0.6376000000000026,4
BN_B56C8N56_fe120e81-7a30-4ffa-8394-5f63ab3635d4,high_BN,8.0,8.0,16.0,163.63597211000007,0.4938500000000019,4
BN_B56C8N56_eb5c88b4-0921-4728-b515-dfb747b1748f,high_BN,8.0,8.0,16.0,168.38754423000006,0.5846499999999999,4
BN_B56C8N56_c79ffcb7-3fcf-4c9b-9462-b8ebda5f278e,high_BN,8.0,8.0,16.0,162.36952156,0.5150000000000006,4
BN_B56C8N56_8ac2c80d-a253-4eae-a39f-bbccf89268cb,high_BN,8.0,8.0,16.0,165.458817,0.6053999999999995,4
BN_B56C8N56_5604e293-16e8-4fac-aed9-774ef7218eaa,high_BN,8.0,8.0,16.0,167.11939750000005,0.6907499999999978,4
BN_B56C8N56_4c60d3c0-b191-4447-a27c-9d7f371c9fbb,high_BN,8.0,8.0,16.0,162.56105843000006,1.0063499999999976,4
BN_B56C8N56_e8f77ad1-0d28-4c85-965a-cc9ffe5c8a27,high_BN,8.0,8.0,16.0,163.08994820000004,0.2336499999999972,4
BN_B56C8N56_cac6681a-09a6-4ecf-a233-75fdb6d15bfa,high_BN,8.0,8.0,16.0,170.32599709000004,0.7374000000000009,4
BN_B56C8N56_d5669d69-d723-403c-9876-bfff1da97239,high_BN,8.0,8.0,16.0,164.15955164000007,0.4548500000000004,4
BN_B56C8N56_ecad1d7d-53b6-4ee4-8b06-504c5f001040,high_BN,8.0,8.0,16.0,166.5642819500001,0.8493999999999993,4
BN_B56C8N56_4a5f9cc8-7e77-48dc-83d9-142f8187384a,high_BN,8.0,8.0,16.0,170.03210080000002,0.3872500000000016,4
BN_B56C8N56_ee8dfc11-62b4-489f-abe3-f5208756964a,high_BN,8.0,8.0,16.0,166.73615439000008,0.3233000000000032,4
BN_B56C8N56_958b65d0-6745-480a-87ff-02fa53b148c6,high_BN,8.0,8.0,16.0,168.15795122000003,0.7250499999999995,4
BN_B56C8N56_413ecc1b-b235-44c3-86f1-5c04e35d1b63,high_BN,8.0,8.0,16.0,170.57193091000005,0.3270000000000017,4
BN_B56C8N56_0a1b0043-5f8d-47b3-acc8-17432c195769,high_BN,8.0,8.0,16.0,165.46785652,0.4441500000000005,4
BN_B56C8N56_a1dbf3a7-1e22-43d0-ae40-3ffb622f4153,high_BN,8.0,8.0,16.0,168.11058806,0.5805500000000023,4
BN_B56C8N56_e55c8a71-86c7-4d74-b2aa-4ebff26da2ae,high_BN,8.0,8.0,16.0,170.17407141000007,0.5346499999999992,4
P_P141N1_dd6a5668-efc9-4f4c-aee8-ac3472eaf09f,high_P,2.0,1.0,3.0,19.75492610000009,0.9622500000000008,5
P_P141N1_2a285334-f6b0-498c-bb4a-788bfd4af4a6,high_P,2.0,1.0,3.0,19.125938850000068,0.8405500000000004,5
P_P141_83ddad39-bb28-4896-93f3-a97b8664304f,high_P,3.0,0.0,3.0,36.54817308000007,0.5803499999999993,5
P_P141N1_64f2c31f-7207-4897-9877-60187bcb87d4,high_P,2.0,1.0,3.0,19.424219400000027,0.8497500000000002,5
P_P141N1_af730d2e-7790-46db-8751-75e46bf49b68,high_P,2.0,1.0,3.0,19.777127650000068,0.598749999999999,5
P_P141N1_2ba80edc-221d-4ee2-8fcd-e1841b61edd9,high_P,2.0,1.0,3.0,18.91584200000005,0.781600000000001,5
P_P141_d0a3022b-819b-40a6-a751-95a842e0b766,high_P,3.0,0.0,3.0,37.19600093000007,0.8168999999999986,5
P_P141N3_36cf2937-a12b-44cc-8666-c2b40897a308,high_P,0.0,3.0,3.0,-15.630337579999978,0.9693000000000004,5
P_P141N3_fc942ccc-3244-4a56-ad44-d8387123e395,high_P,0.0,3.0,3.0,-15.636095979999968,0.9741999999999996,5
P_P141N2_24cbcb02-7eee-4a28-a1ef-54efe7f6deec,high_P,1.0,2.0,3.0,1.807825850000098,0.8742999999999981,5
P_P141N1_a2518086-01e9-4fcf-aed5-1a87ef7bf64c,high_P,2.0,1.0,3.0,19.31808278,0.8933999999999997,5
P_P141N3_a1bea3f0-e862-4a09-9a87-9fc5ce376097,high_P,0.0,3.0,3.0,-15.335029029999903,0.5686,5
P_P141N1_2234ee2a-46f8-4f6b-9f5c-8bedf7031556,high_P,2.0,1.0,3.0,18.390004340000075,0.5164000000000009,5
P_P141N3_d8496443-e7b8-4f5d-8e57-88eb1fbe38ff,high_P,0.0,3.0,3.0,-15.628456729999955,0.9682999999999992,5
P_P141N1_76942033-f334-4500-8066-bd98863415b8,high_P,2.0,1.0,3.0,19.369607190000067,0.8346000000000018,5
P_P141N1_3403a2e7-4573-4feb-8789-743249e131e6,high_P,2.0,1.0,3.0,19.45473627000007,0.8227499999999992,5
P_P141_3316d674-3142-4744-aacb-4bbd4ff46387,high_P,3.0,0.0,3.0,35.55297613000003,0.89405,5
P_P141N2_bbde927d-2e5a-42ea-894b-640c5eb8fe1d,high_P,1.0,2.0,3.0,1.7180623400000865,0.8017000000000003,5
P_P141N1_25d8f6eb-aebf-4169-b4c4-c0bdd88c8e08,high_P,2.0,1.0,3.0,19.820869329999997,0.8994500000000016,5
P_P141N1_25980aaa-7c92-4283-b0ee-c686066ea476,high_P,2.0,1.0,3.0,19.200387730000045,0.4952000000000005,5
P_P141_aa34213d-bce4-49ff-a97c-73d3daec8ffc,high_P,3.0,0.0,3.0,35.92631588000005,0.6008999999999993,5
P_P141N2_25422909-d4d5-41c2-be6f-33292b1cfc51,high_P,1.0,2.0,3.0,2.287482480000006,0.9863,5
P_P141N1_e061f29c-4ea8-4686-b353-b7a55664072b,high_P,2.0,1.0,3.0,18.49883427000003,0.6698999999999984,5
P_P141N2_04a33e23-f383-47b2-b718-95ea4993e1f6,high_P,1.0,2.0,3.0,1.6963217500000507,0.8469499999999996,5
P_P141N2_d8ba1f38-49bb-4586-bf30-fa7ece740f3b,high_P,1.0,2.0,3.0,1.845796990000066,0.8619000000000021,5
P_P141N1_0f9605a1-adb2-4cab-a10d-a3da9f6a6ef4,high_P,2.0,1.0,3.0,19.48624288000002,0.8744000000000014,5
P_P141N1_25e974fc-6710-4e7b-9e9b-a454cfbc0662,high_P,2.0,1.0,3.0,18.446082200000035,0.6077000000000012,5
P_P141_83d49210-0207-4b38-a572-a8a582451342,high_P,3.0,0.0,3.0,36.80061036000005,0.4806500000000007,5
P_P141N1_83df32c2-423d-4073-872b-6937e8570b22,high_P,2.0,1.0,3.0,18.44877412,0.6407999999999987,5
P_P141N1_c26dc204-fc9b-4cf9-bcf3-43030fc26fdb,high_P,2.0,1.0,3.0,19.36204188000005,0.7566999999999986,5
P_P141N1_3d43e175-248f-4b7f-b29f-8ef2d334a78b,high_P,2.0,1.0,3.0,18.077142490000085,0.9882000000000026,5
P_P141N1_2a5c238a-f320-4c80-a986-95192dc44d0e,high_P,2.0,1.0,3.0,20.084455550000087,1.0396999999999998,5
P_P141N1_01bbc325-f6d9-4b60-aff4-5922339c9f86,high_P,2.0,1.0,3.0,19.428555490000065,0.8925999999999981,5
P_P141N1_96995dae-53f3-4495-a5e5-328dcb677907,high_P,2.0,1.0,3.0,19.74097143,0.9101500000000016,5
P_P141N1_662448b0-f7fc-407d-904b-487019da347d,high_P,2.0,1.0,3.0,19.70781461000007,0.2806999999999995,5
P_P141N1_d4622668-2c1a-46f9-b5c5-0d35dbb840a2,high_P,2.0,1.0,3.0,20.153429480000057,0.7955499999999986,5
P_P141N1_611c9cde-fd59-4457-848e-f1a2839856c6,high_P,2.0,1.0,3.0,20.152290720000053,0.8085500000000003,5
P_P141N1_5b070561-0a88-4c46-9f0e-27ae72550efc,high_P,2.0,1.0,3.0,18.28191744000009,0.9727999999999994,5
P_P141N3_9d5b58ce-71cd-4d2d-94e6-30695815819b,high_P,0.0,3.0,3.0,-15.628052689999922,0.9621000000000032,5
P_P141N1_83e22768-a32d-4dfd-b6d4-d36d944578e2,high_P,2.0,1.0,3.0,19.76656673000008,0.9250000000000008,5
P_P141N1_b24b667b-7856-42ba-8225-6489a3efe6f2,high_P,2.0,1.0,3.0,19.44001987000007,0.8655499999999989,5
P_P141N1_c235f70d-9130-48b0-a8b8-0f86e06d25fc,high_P,2.0,1.0,3.0,19.457495600000072,0.8738500000000009,5
P_P141N2_880186a1-64fe-48b6-b506-bfe2f2f1b364,high_P,1.0,2.0,3.0,2.000225240000089,0.8716499999999989,5
P_P141N1_335774b0-1fb6-4a37-8514-fb4b89b7d8f7,high_P,2.0,1.0,3.0,19.121262950000016,0.8862500000000004,5
P_P141N2_bc3aa07a-bc1b-41f5-944f-e64ef3d18307,high_P,1.0,2.0,3.0,2.2303350400000124,0.984099999999998,5
P_P141N1_cb33545b-b49e-4146-a875-355a485da47b,high_P,2.0,1.0,3.0,19.5325203700001,0.8750499999999981,5
P_P141N3_9c81ac6e-5f07-49f4-8cab-2f62f253f177,high_P,0.0,3.0,3.0,-15.625603129999975,0.9639000000000024,5
P_P141_ba5ccc1f-20c4-4f60-8eee-3d7536c3f3d2,high_P,3.0,0.0,3.0,35.712308040000025,0.9281500000000004,5
P_P141N2_5f8e17bc-97e0-4872-8b06-98007f420613,high_P,1.0,2.0,3.0,2.4128369200000304,0.9652999999999992,5
P_P141N3_e17eb7ad-6a10-43c1-b2e1-9542879863e7,high_P,0.0,3.0,3.0,-15.599968069999964,0.9701999999999984,5
P_P141_ca1f2bf6-6047-42a7-8ed6-287e8e33ea17,high_P,3.0,0.0,3.0,37.22670661000005,0.8701500000000006,5
P_P141N2_f8206bfb-ea13-472f-bc5a-e614528efe52,high_P,1.0,2.0,3.0,1.874870080000063,0.8039000000000023,5
P_P141N1_61d9a91f-1003-49e6-8021-c94337b2ac08,high_P,2.0,1.0,3.0,19.79136138000007,0.3643999999999998,5
P_P141N1_109c9551-eb9e-47b7-aa59-68e89709a432,high_P,2.0,1.0,3.0,19.28898750000002,0.8787500000000001,5
P_P141N2_2bcc3573-eaa5-4efd-aff2-2e23e9e0712f,high_P,1.0,2.0,3.0,1.889466990000086,0.8700999999999972,5
P_P141N2_7d49fea3-c63c-4448-bfbd-4ec14fb288e9,high_P,1.0,2.0,3.0,2.525067649999995,0.3183000000000007,5
P_P141N3_031d7f98-cafb-4c11-a8c8-4f6b5627e515,high_P,0.0,3.0,3.0,-15.733376949999895,0.9689000000000014,5
P_P141N2_14c141e4-b42a-493f-a636-8ab7ac395859,high_P,1.0,2.0,3.0,1.8771881100000325,0.8659999999999997,5
P_P141N3_59dd99bf-b3b9-4448-8b93-4f3453089860,high_P,0.0,3.0,3.0,-14.67878205999992,0.8005999999999993,5
P_P141N2_c32970f1-4e5a-41ad-99fa-7b438791d6a6,high_P,1.0,2.0,3.0,1.8359730500000195,0.8608499999999992,5
P_P141_0315a297-d591-4160-9fd0-637aadf4ffb1,high_P,3.0,0.0,3.0,37.06519411000009,0.7437499999999986,5
P_P141N2_e43de1b1-88a6-41e1-815c-5f73d89009e9,high_P,1.0,2.0,3.0,1.8677567700000408,0.8842500000000015,5
P_P141_00cb58bb-9519-47f8-ae57-cfbf5af07806,high_P,3.0,0.0,3.0,35.95314313000004,0.5076499999999999,5
P_P141N1_f7a69d73-2e7b-49df-8524-162f1099b656,high_P,2.0,1.0,3.0,19.378643400000044,0.6205999999999996,5
P_P141N1_1af2b028-736b-48ca-87f2-5c752d827d08,high_P,2.0,1.0,3.0,19.26615041000008,0.8693000000000026,5
P_P141N3_d93cbdf7-bf6d-4cab-90cd-f96e43732b07,high_P,0.0,3.0,3.0,-15.629627070000002,0.9714999999999988,5
P_P141N1_a8b4323a-d54e-49a6-a0bc-553a46cb3529,high_P,2.0,1.0,3.0,18.50270960000006,0.6610999999999976,5
P_P141N1_aad91e07-a830-46a9-b029-f4631bbc21aa,high_P,2.0,1.0,3.0,19.33758986000004,0.8711999999999982,5
P_P141N1_eb47fe64-efcc-49f9-b48e-f16d526947e6,high_P,2.0,1.0,3.0,19.355571569999995,0.8404500000000006,5
P_P141N2_2ea7bdd4-233f-4fac-bca7-25de4cc0ba19,high_P,1.0,2.0,3.0,1.592490750000037,0.8982500000000009,5
P_P141N2_e2c8d392-c69d-4805-bcb6-f4329e5d3569,high_P,1.0,2.0,3.0,2.1195110900000724,0.9867000000000026,5
P_P141N1_75f54b62-04bb-4b0b-8b9a-93b7bd83349f,high_P,2.0,1.0,3.0,20.19265089000004,0.5612999999999992,5
P_P141N2_9010bbf5-7deb-4e2c-aa1b-4501660eb72c,high_P,1.0,2.0,3.0,2.266288980000025,0.9823500000000004,5
P_P141N1_f7df6470-19d5-4760-9456-203d83217874,high_P,2.0,1.0,3.0,19.30494983,0.8724500000000006,5
P_P141N2_574c0e5c-061c-473f-bfcb-58b534d4c04b,high_P,1.0,2.0,3.0,1.0673685500000951,0.8606000000000016,5
P_P141N2_368bbf9c-11a7-4a8d-a6d1-f28cb59c5f7a,high_P,1.0,2.0,3.0,2.2604213900000456,0.9934000000000012,5
P_P141N1_3a92e1e4-1bff-4be5-b1ca-44fc78809e56,high_P,2.0,1.0,3.0,19.351918630000057,0.8362999999999978,5
P_P141N1_fbf1d7b8-dd1d-4f2f-8aff-7fd912b6f38f,high_P,2.0,1.0,3.0,19.769809339999995,0.8871499999999983,5
P_P141N2_ec4f42b1-4dda-49e5-bd0e-a29a817f844a,high_P,1.0,2.0,3.0,1.874455720000027,0.8465500000000006,5
P_P141N1_f0b75ece-03f7-46c2-8bc0-1973294e096d,high_P,2.0,1.0,3.0,20.24106379000005,1.038399999999999,5
P_P141_920f0c10-adc7-45fb-ab06-c91e7cd5fb8d,high_P,3.0,0.0,3.0,35.9841434100001,0.6070000000000011,5
P_P141N2_1129b1b9-35c9-487c-8451-3ba62e8a4a28,high_P,1.0,2.0,3.0,1.8663644399999963,0.8462999999999994,5
P_P141N3_37434475-2e73-44f5-9518-bc7f77d1301c,high_P,0.0,3.0,3.0,-15.623519669999984,0.9695999999999998,5
P_P141N1_58ab206a-fb55-47e7-9b8f-9c0b53556a57,high_P,2.0,1.0,3.0,20.169373310000022,0.9491000000000014,5
P_P141_129d1ff8-bfb4-4873-989c-36a5e8cbe7ae,high_P,3.0,0.0,3.0,36.63221070000007,0.8077500000000004,5
P_P141_9bd13c7e-f976-4a03-b23e-4c8e3ef39a40,high_P,3.0,0.0,3.0,35.91133723000006,0.4938500000000001,5
P_P141N1_801ae4a4-5b4a-4480-bf01-dbe9c0f9df3b,high_P,2.0,1.0,3.0,19.486700410000083,0.8624000000000009,5
P_P141N1_b3c76831-5b66-4cc1-9b39-9529c0600544,high_P,2.0,1.0,3.0,20.25277401,1.0076999999999998,5
P_P141N2_edb082e6-7c36-490f-890b-dcebdfc8fd01,high_P,1.0,2.0,3.0,1.7254484900000886,0.8100999999999985,5
P_P141N2_bd3707fd-126e-42aa-81d6-dc4f1c33bd4c,high_P,1.0,2.0,3.0,2.2903744800000947,0.9832999999999998,5
P_P141N1_b77b754c-44b4-4ed4-b9db-93b14660f000,high_P,2.0,1.0,3.0,19.650142300000027,0.3571499999999972,5
P_P141N2_f5146c04-9fdb-48e6-9e68-25fc39298d70,high_P,1.0,2.0,3.0,3.152862790000098,0.8693999999999988,5
P_P141_fdacad83-a78b-4e2f-ae92-30991b6ba411,high_P,3.0,0.0,3.0,35.50880727000002,0.9131,5
P_P141N1_163caa61-5499-4b25-8340-fda78dde7860,high_P,2.0,1.0,3.0,19.39771189000004,0.8615999999999993,5
P_P141N2_55cbbf86-9018-4610-8abd-8dc6ba7cfb25,high_P,1.0,2.0,3.0,2.027991190000092,0.466899999999999,5
P_P141_6ddd5566-3820-4345-b25c-658be93f7d0c,high_P,3.0,0.0,3.0,36.87635377000002,0.8938000000000006,5
P_P141N3_0cb3f035-4edc-490f-8308-24a5eea2a82f,high_P,0.0,3.0,3.0,-15.584082239999962,0.9493000000000008,5
P_P141N2_dea913b7-a19a-4708-9e9b-c6d71423f991,high_P,1.0,2.0,3.0,2.2649520800000698,0.986699999999999,5
P_P141N2_8bc5b068-9187-49d0-b1c1-ef962f5a249e,high_P,1.0,2.0,3.0,1.8744623800000808,0.8741000000000021,5
P_P141N1_a8b6294f-6248-467b-a074-023f9c77ae15,high_P,2.0,1.0,3.0,19.40022350000009,0.6429000000000009,5
P_P137N2_bc68362b-2933-4b83-a16f-e13db07be34f,high_P,5.0,2.0,7.0,50.07393615000005,0.8152499999999989,6
P_P137N4_b958fce9-f0b8-4819-b85f-eeb4809514a1,high_P,3.0,4.0,7.0,15.401670420000016,0.5109499999999976,6
P_P137N3_3bf7bdab-9467-4eba-9d3e-dcc4aec17939,high_P,4.0,3.0,7.0,32.36266943000008,0.7202999999999982,6
P_P137N5_0358e850-b83f-49ba-84d0-83a60cfc53c0,high_P,2.0,5.0,7.0,-1.5354862499999484,0.5841999999999992,6
P_P137N3_b0770001-393a-4760-82d3-3e2a703933ec,high_P,4.0,3.0,7.0,33.41981835,0.5590500000000027,6
P_P137N5_415e74c5-4995-4a68-a6a9-0a5cecb41573,high_P,2.0,5.0,7.0,-2.675086299999961,0.5617000000000019,6
P_P137N5_a222418f-529e-48d7-a06b-d0dbfb5ce22c,high_P,2.0,5.0,7.0,-1.502236019999927,0.6485000000000021,6
P_P137N4_589fbb64-0896-4d7b-a7e1-ccdbd331d6b2,high_P,3.0,4.0,7.0,14.790983570000035,0.9231999999999978,6
P_P137N5_6fc85a7c-d8ff-4e0c-b1d8-287d3ef7dcde,high_P,2.0,5.0,7.0,-1.7260782099999543,0.878499999999999,6
P_P137N5_06e656eb-7795-4fda-9d25-007c19b32527,high_P,2.0,5.0,7.0,-1.481841059999951,0.9284,6
P_P137N4_b6921c41-11fa-4638-a0f7-d20281b453ba,high_P,3.0,4.0,7.0,15.108817490000035,0.5268999999999977,6
P_P137N4_fc5ec95a-5e62-430b-9f2d-b31bf504f60d,high_P,3.0,4.0,7.0,15.321550990000048,0.5982500000000002,6
P_P137N3_b5d74288-e5c7-4ddd-8244-52ce98f90fe9,high_P,4.0,3.0,7.0,32.45035721000009,0.9061499999999968,6
P_P137N5_70e7b9d7-547e-4074-8308-96d3210ddaee,high_P,2.0,5.0,7.0,-0.8450397299999253,0.4004000000000012,6
P_P137N4_6112b49f-2026-4ddf-ab15-6deb6596ec9c,high_P,3.0,4.0,7.0,15.666697880000072,0.9590500000000012,6
P_P137N5_006f3989-8249-47a3-b0a1-cfce4bb48923,high_P,2.0,5.0,7.0,-1.018933009999941,0.6362500000000004,6
P_P137N4_25cebdb4-20bd-4196-9cbc-1a0232f91e58,high_P,3.0,4.0,7.0,15.714218000000017,0.914550000000002,6
P_P137N4_78d06775-b86b-457c-a6a6-4c0fb52c0c00,high_P,3.0,4.0,7.0,17.068215860000066,0.7363999999999997,6
P_P137N3_ef7c3940-76bf-4340-8c6f-62bbf3ab9969,high_P,4.0,3.0,7.0,32.89106150000008,0.588199999999997,6
P_P137N1_8d9efecc-9986-4799-a3a6-17f1cb926346,high_P,6.0,1.0,7.0,67.3868198200001,0.6132000000000026,6
P_P137N3_593706db-4f9f-4acc-b2e0-9c2fb11b498f,high_P,4.0,3.0,7.0,34.526060130000005,0.3355499999999978,6
P_P137N2_4120326e-e6e5-44e8-8fde-ce97713d0792,high_P,5.0,2.0,7.0,49.20463077000003,0.8555500000000009,6
P_P137N3_b6a1be42-2896-4599-abf6-f1447c852b9a,high_P,4.0,3.0,7.0,31.253851550000025,1.0304000000000002,6
P_P137N5_bbf5bad7-0099-4585-b8ee-adecb0c032e9,high_P,2.0,5.0,7.0,-0.7790409599999606,0.8941000000000017,6
P_P137N7_fb85ca31-7916-4501-80dc-bb6113a97ae1,high_P,0.0,7.0,7.0,-36.00167969999991,0.968899999999998,6
P_P137N5_36c19875-7d34-443a-8891-089717d0a176,high_P,2.0,5.0,7.0,-2.167965479999893,0.9008999999999964,6
P_P137N4_605910e6-9b1a-48a5-9eea-ecc820799a67,high_P,3.0,4.0,7.0,15.282466860000056,0.7414000000000023,6
P_P137N2_c936beff-ae7b-4ee9-9b38-1d7d0702ae01,high_P,5.0,2.0,7.0,49.093803860000016,0.8373999999999988,6
P_P137N4_dd09ae5b-5741-427f-9f2f-06c66aea79d6,high_P,3.0,4.0,7.0,14.353819360000044,0.9367500000000036,6
P_P137N5_ae9ec94c-b37c-4051-b67d-a45e48fef13a,high_P,2.0,5.0,7.0,-0.5006700399999175,0.7987499999999983,6
P_P137N5_cc69cc56-5c43-41a4-aa3e-40a43b7f7bcf,high_P,2.0,5.0,7.0,-1.3579884299999634,0.905450000000002,6
P_P137N3_d2806710-f20c-4508-967a-e760a2350b5e,high_P,4.0,3.0,7.0,33.71340678,0.4710999999999998,6
P_P137N3_99e88140-31cf-42ed-96cf-4e5c744f9f6a,high_P,4.0,3.0,7.0,34.28431821000002,0.285499999999999,6
P_P137N3_5d7a9374-4632-43f3-b5e8-a64872e7c817,high_P,4.0,3.0,7.0,31.76523283000005,0.9698000000000028,6
P_P137N5_4d202fbd-a289-4234-a0e7-9a54f3680bd8,high_P,2.0,5.0,7.0,-0.5854939999999118,0.9421,6
P_P137N3_d8bb5ac7-d807-4f2b-88f6-8b171bfe8850,high_P,4.0,3.0,7.0,32.8139249500001,0.708000000000002,6
P_P137N4_24b7ffaf-f846-45f9-a439-b45195323ccf,high_P,3.0,4.0,7.0,14.897864810000044,1.0028000000000006,6
P_P137N3_d847b49d-2b80-4052-9553-7a73cc0deb9c,high_P,4.0,3.0,7.0,33.51312205000009,0.3864499999999999,6
P_P137N4_75682765-03e7-4858-9f32-c42202c85a99,high_P,3.0,4.0,7.0,15.10352314000005,0.5911000000000008,6
P_P137N5_2196bc90-7bd5-4062-a293-039358e543ee,high_P,2.0,5.0,7.0,-0.978091909999975,0.2806999999999995,6
P_P137N4_3dcead56-4e5a-4b78-8f89-10193b208b2d,high_P,3.0,4.0,7.0,14.721065980000104,0.4091999999999984,6
P_P137N2_dce522f0-e6d7-4f11-9ff1-0b62a1b39346,high_P,5.0,2.0,7.0,49.64646851000001,0.8587500000000006,6
P_P137N4_eb6b3e67-dea4-41f9-b13e-79dfa9f5300a,high_P,3.0,4.0,7.0,16.27883713,0.6968499999999977,6
P_P137N2_0614bca2-4112-4136-9c58-c168ef04c53b,high_P,5.0,2.0,7.0,48.96343634000008,0.4245000000000019,6
P_P137N1_fb22dc6d-9420-4205-a6a5-244e4c826407,high_P,6.0,1.0,7.0,65.77930867000005,0.2232999999999982,6
P_P137N5_40d7c9d1-4f37-4b6b-95cc-ee6219367db3,high_P,2.0,5.0,7.0,-1.0795929499999914,0.8737500000000011,6
P_P137N4_aba1f3cb-7561-48ab-a680-955dadd8aff4,high_P,3.0,4.0,7.0,15.085615910000058,0.5652000000000008,6
P_P137N4_87fc71c1-163c-4860-ad4d-f8deb6aa2bdf,high_P,3.0,4.0,7.0,17.13594236,0.7275999999999989,6
P_P137N3_e4f575e6-b42d-4564-81db-8f036f87fa9e,high_P,4.0,3.0,7.0,31.24336494000009,0.9699999999999988,6
P_P137N2_4a1dfd64-7e9d-499a-acd5-a778c137fb55,high_P,5.0,2.0,7.0,50.314317,0.6999000000000031,6
P_P137N2_6907ea49-0e60-4841-b013-5894e34bf88a,high_P,5.0,2.0,7.0,48.983373510000014,0.8285000000000018,6
P_P137N3_58779a3f-bd47-4dc3-8ca1-4e7b8b93f58c,high_P,4.0,3.0,7.0,32.85983754000004,0.4627000000000016,6
P_P137N4_3904a9b6-3627-4562-8220-8af78f431b6c,high_P,3.0,4.0,7.0,16.216580960000044,0.9703499999999998,6
P_P137N2_57c8cd82-a352-42c5-bdff-8d5b28abd541,high_P,5.0,2.0,7.0,50.40936623000008,0.5476000000000028,6
P_P137N4_45d7c27d-f7cb-443f-93fd-622d98716a8c,high_P,3.0,4.0,7.0,16.173188870000047,0.530149999999999,6
P_P137_065287f6-9bbd-4c7b-82fc-e71e90df7a1c,high_P,7.0,0.0,7.0,82.85232035000001,0.6194000000000006,6
P_P137N4_fdfb3e17-3c2f-46aa-acba-6e3ccfba43d6,high_P,3.0,4.0,7.0,16.881699300000093,0.1854000000000013,6
P_P137N5_5c3d78bd-e423-4753-88da-7d86f4e1b1aa,high_P,2.0,5.0,7.0,-1.3068581499999112,0.8199000000000005,6
P_P137N5_a5a1a6a1-16ea-4918-9a4d-e1c39b75bf01,high_P,2.0,5.0,7.0,-1.832064299999942,0.8432500000000012,6
P_P137N6_8d6dd065-c6f1-4c88-9757-99a0a9cebae4,high_P,1.0,6.0,7.0,-18.49513331999995,1.000899999999998,6
P_P137N2_aad53440-3b76-426e-86f1-2236f98d3e43,high_P,5.0,2.0,7.0,49.88981286000004,0.94435,6
P_P137N4_6fc50b2e-fc19-445d-b736-23c9c1ca2981,high_P,3.0,4.0,7.0,16.194391340000095,0.8053500000000007,6
P_P137N3_f7a7fe1e-05bb-4b37-a4e0-94578dbdf508,high_P,4.0,3.0,7.0,31.25848023000002,0.7463499999999996,6
P_P137N6_12e00639-d302-4525-be7c-02ffadbf43d7,high_P,1.0,6.0,7.0,-19.442416739999917,0.9101,6
P_P137N2_4d8c34c3-2ad8-4ebf-916a-14524e61569d,high_P,5.0,2.0,7.0,48.67901369000007,0.9886499999999998,6
P_P137N4_79b6ab5c-3014-4971-9b96-aba26c1aeb85,high_P,3.0,4.0,7.0,15.568609490000028,0.6601999999999997,6
P_P137N6_539a3b77-1177-49f8-920e-888a9e3efee1,high_P,1.0,6.0,7.0,-19.064431709999923,0.9548500000000004,6
P_P137N4_45f18f50-3411-4635-a490-87621b74004d,high_P,3.0,4.0,7.0,16.08577107000002,0.7993500000000004,6
P_P137N2_8144e336-4080-442c-b2f3-362f8a9ac509,high_P,5.0,2.0,7.0,48.41467563000007,0.7060000000000031,6
P_P137N3_a394036d-f70e-435e-a2c8-325b3674a4d9,high_P,4.0,3.0,7.0,31.347369280000056,0.56785,6
P_P137N4_06c3f239-33bb-44df-8e03-5bd0614c77df,high_P,3.0,4.0,7.0,15.90309356000006,0.4266500000000022,6
P_P137N6_c0015495-ea6c-4988-9478-0ff9419acec7,high_P,1.0,6.0,7.0,-18.918991509999984,0.9463000000000008,6
P_P137N2_862356c3-d070-4f77-882c-4ba37debe14c,high_P,5.0,2.0,7.0,49.63645907000004,0.9665999999999996,6
P_P137N3_cb9a5369-d2e8-41c5-976a-bd149ee360f2,high_P,4.0,3.0,7.0,32.25668628000004,0.6868499999999997,6
P_P137N4_48cbff8f-137f-4e9e-9047-75789dc53402,high_P,3.0,4.0,7.0,15.615201990000005,0.6474999999999973,6
P_P137N5_b9f572f6-66a3-4b07-a56e-0a741399944b,high_P,2.0,5.0,7.0,-1.3986968099999189,0.8986999999999981,6
P_P137N2_ce428a41-48c5-4b12-a52e-f5ac8d9bda00,high_P,5.0,2.0,7.0,48.82699823000011,0.7775999999999996,6
P_P137N4_69eea3f5-821b-4a4e-a7f8-7d712a926a5b,high_P,3.0,4.0,7.0,15.607137100000102,0.290499999999998,6
P_P137N4_e8b9ed0e-efc7-4dbe-b6ed-d5ef80a1e5bf,high_P,3.0,4.0,7.0,13.375646050000055,0.8373500000000007,6
P_P137N3_d37ce590-09f2-435c-bdb3-fef947d3a8d1,high_P,4.0,3.0,7.0,33.53658670000003,0.1794499999999992,6
P_P137N4_04a6c54d-fdcf-457b-a041-6345740eb494,high_P,3.0,4.0,7.0,16.564742570000078,0.2520999999999986,6
P_P137N4_bc856342-ae65-4e24-931f-eaab57557646,high_P,3.0,4.0,7.0,15.462754870000085,0.7068000000000012,6
P_P137N1_c35bab9c-c90b-4db7-852d-bc1539029f7a,high_P,6.0,1.0,7.0,67.65929973,0.4293499999999994,6
P_P137N3_cb02cd7a-05e0-4189-82ee-cd268f655081,high_P,4.0,3.0,7.0,33.84587784000006,0.2561999999999997,6
P_P137N2_27a3d97f-c60d-43b7-8020-27c44e8190d6,high_P,5.0,2.0,7.0,52.0802453800001,0.2964500000000001,6
P_P137N3_8223e344-7c6b-4645-8893-a61e95237d84,high_P,4.0,3.0,7.0,32.58997845000009,0.66845,6
P_P137N5_74427461-f671-4ced-b5cd-ced9d50cd259,high_P,2.0,5.0,7.0,-0.5289196099999884,0.8758499999999998,6
P_P137N1_87eff9d6-e456-4871-9f93-6127e68a435d,high_P,6.0,1.0,7.0,67.23252368000006,0.2570999999999976,6
P_P137N2_0d50c75d-1679-4bca-b91a-30bc458a92b4,high_P,5.0,2.0,7.0,50.62552112000007,0.7251500000000028,6
P_P137N5_45a9746a-48b3-4d58-a67e-b61c699017c3,high_P,2.0,5.0,7.0,-2.143175400000004,0.745000000000001,6
P_P137N2_f73f4fd9-4f08-4c31-8f18-4dd41ce90be8,high_P,5.0,2.0,7.0,50.30982267000005,0.5156999999999989,6
P_P137N1_e393d1b7-ad39-404b-8cfc-fe1b3d5c7767,high_P,6.0,1.0,7.0,66.85669206000007,0.476700000000001,6
P_P137N2_f7041a57-205f-43c6-a02d-0e6cc05dbdb4,high_P,5.0,2.0,7.0,48.87215270000005,0.615750000000002,6
P_P137_accbc2ee-96eb-43b9-8340-bd9a206de692,high_P,7.0,0.0,7.0,82.8077630900001,0.5653999999999986,6
P_P137N4_816ebace-e8d4-40a5-8840-40d844b756a8,high_P,3.0,4.0,7.0,15.532633350000026,0.8097999999999992,6
P_P137N4_135e9e55-91a1-4c0e-bcbc-e8552d1f2ae2,high_P,3.0,4.0,7.0,16.698606900000016,0.2998000000000012,6
P_P137N6_f90d2bb8-cdbd-4e27-91b7-f9c8cb9d4840,high_P,1.0,6.0,7.0,-18.187488739999964,1.0396999999999998,6
P_P137N3_54ce393d-7973-471e-9ba0-f0f662413b26,high_P,4.0,3.0,7.0,32.00264516000003,0.5603000000000016,6
P_P137N3_3ed80fe8-f19f-40bd-9e99-8575a2eb5cfa,high_P,4.0,3.0,7.0,33.04166732000009,0.2286999999999999,6
P_P137N5_05381aa2-cdbb-45f0-8310-e43bd8a4aeae,high_P,2.0,5.0,7.0,-1.3885030199999022,0.8045000000000009,6
P_P134N4_1f4f24b8-bb8b-46e4-999c-ae52a386ae3a,high_P,6.0,4.0,10.0,52.87270118000008,0.1732999999999975,7
P_P134N5_f56e1f7a-b220-4377-92eb-6d5b4e24f938,high_P,5.0,5.0,10.0,33.616133560000094,0.6266999999999996,7
P_P134N3_9b2d83ba-6543-425a-80ee-c038f54762e6,high_P,7.0,3.0,10.0,67.85833235000004,0.4155499999999996,7
P_P134N4_767a10da-c92d-4725-90de-c0a8f0de82ce,high_P,6.0,4.0,10.0,51.30605180000002,0.8283000000000023,7
P_P134N4_868ae9b7-8335-4856-9a20-e132e014bf56,high_P,6.0,4.0,10.0,51.72169150000006,0.3323,7
P_P134N7_408b7e25-21f0-424a-b5ae-3a2bc97d7429,high_P,3.0,7.0,10.0,-0.2526593199999958,0.7927999999999997,7
P_P134N7_4fc204c8-5fa7-4924-a8ce-d8049b4f8fe1,high_P,3.0,7.0,10.0,0.3521424600000067,0.4681999999999995,7
P_P134N4_8c5769b4-9dc9-4032-abac-2af201bc5d8f,high_P,6.0,4.0,10.0,50.615159510000055,0.7079000000000022,7
P_P134N3_0bbe3973-1534-431a-8cd6-f17dd0ee3b7a,high_P,7.0,3.0,10.0,65.17350110000004,0.4158000000000008,7
P_P134N3_fded71ba-b99c-418b-b57d-49fa3248c9e2,high_P,7.0,3.0,10.0,69.3179114700001,0.4091500000000003,7
P_P134N4_8e2fa756-7496-4508-a2a1-3f5fa25aeffe,high_P,6.0,4.0,10.0,50.02980794,0.411999999999999,7
P_P134N5_fb60d648-7bf8-48af-bca4-acc90bc17b7b,high_P,5.0,5.0,10.0,33.36296605000007,0.3882499999999993,7
P_P134N4_95d6b15c-5a7c-4057-98c2-34ce9f796f3b,high_P,6.0,4.0,10.0,49.717287570000096,0.5463999999999984,7
P_P134N8_734e82b4-bec2-4969-a332-7cb2f9972f37,high_P,2.0,8.0,10.0,-17.014755709999935,0.4731000000000023,7
P_P134N6_7770b6b7-0902-4b9a-8212-c2abcbf9202b,high_P,4.0,6.0,10.0,17.842950980000026,0.7750500000000002,7
P_P134N5_a31ed8c7-1605-4f5d-bd26-e5843611b232,high_P,5.0,5.0,10.0,34.45952112000009,0.4046500000000002,7
P_P134N5_c451268e-ac0d-4124-b970-8314fbde1f26,high_P,5.0,5.0,10.0,34.85873273000004,0.8520000000000003,7
P_P134N6_df8cffd8-9f7c-4440-8b00-55c9855a256b,high_P,4.0,6.0,10.0,18.85025374000004,0.3256499999999995,7
P_P134N5_d2b8d242-9a9b-488f-9798-377052a014f7,high_P,5.0,5.0,10.0,34.05601223000008,0.841149999999999,7
P_P134N6_c3cf1a78-0368-4c4f-9bba-ba26ce2e58bd,high_P,4.0,6.0,10.0,15.66107923,0.879050000000003,7
P_P134N5_57f4ae5f-93fb-43cd-96cd-02bd64f2d098,high_P,5.0,5.0,10.0,32.94726177000007,0.8693999999999988,7
P_P134N5_62a407e9-aa9c-4f88-a27f-c89ec12fe962,high_P,5.0,5.0,10.0,36.13737091000007,0.3535000000000003,7
P_P134N6_9da86eec-5598-446e-8969-df136523391d,high_P,4.0,6.0,10.0,17.127992770000063,0.729499999999998,7
P_P134N6_3b0609d7-100e-4770-b032-4f7ccb643c8a,high_P,4.0,6.0,10.0,17.30087705000001,0.7678499999999993,7
P_P134N8_ed83894b-9caf-418b-89c6-c9d163acc79f,high_P,2.0,8.0,10.0,-16.74765673999993,0.8986999999999981,7
P_P134N5_8a956711-e5f7-4e40-bf43-f3eead7e2650,high_P,5.0,5.0,10.0,34.21640973000001,0.7506500000000003,7
P_P134N7_040fc94c-cd5e-4888-ab7e-e333732cff7f,high_P,3.0,7.0,10.0,-0.4113390199999891,0.6987500000000004,7
P_P134N3_7ebc2d09-bdac-4179-a839-c70d9f23c09f,high_P,7.0,3.0,10.0,67.72124071000005,0.4609000000000023,7
P_P134N6_d3a602b0-3ce3-4e8e-82fd-c0b4be0c93b8,high_P,4.0,6.0,10.0,16.793238130000034,0.9212999999999988,7
P_P134N6_0c75b3d9-dab1-4c86-b4aa-8a992d8eccb7,high_P,4.0,6.0,10.0,16.82535326,0.9335999999999984,7
P_P134N7_5c681082-42e5-4bc2-acf1-b232e2db46cc,high_P,3.0,7.0,10.0,0.2835053400000582,0.7572499999999991,7
P_P134N4_3febdf35-4e17-4685-965c-0fbd755217de,high_P,6.0,4.0,10.0,50.63626924000009,0.7878499999999988,7
P_P134N3_9d8a29c4-56aa-472d-bd90-e365c71ca7aa,high_P,7.0,3.0,10.0,66.44162303000004,0.9527,7
P_P134N6_27a5dcd5-d616-46a0-93b6-c44ea8bd8b70,high_P,4.0,6.0,10.0,16.806400580000016,0.8520000000000003,7
P_P134N3_a677e9e4-ac2d-46cf-a2b1-1d38f6e11e89,high_P,7.0,3.0,10.0,66.53818250000003,0.7849000000000004,7
P_P134N3_bdc16de1-0e53-494f-a5e7-3c84bce2ac04,high_P,7.0,3.0,10.0,68.10594469000009,0.3872999999999997,7
P_P134N5_a864d784-5a0c-4495-82d5-a679ac327c34,high_P,5.0,5.0,10.0,35.84298304000004,0.7992999999999988,7
P_P134N4_76bce3cf-0f4f-4e0c-a1c9-c8c6ebcf0a08,high_P,6.0,4.0,10.0,50.40126215000002,0.5457500000000017,7
P_P134N7_f560ee56-a141-49ee-9a7f-f34f7e99a2e5,high_P,3.0,7.0,10.0,-0.3779284199999644,0.7797499999999999,7
P_P134N4_a9df820c-b893-41d5-814e-7bcaac40821e,high_P,6.0,4.0,10.0,49.49695928999999,0.8384999999999998,7
P_P134N4_ae136efa-c44c-4335-a31b-f9925eb03a7b,high_P,6.0,4.0,10.0,50.90478822000004,0.8757999999999981,7
P_P134N7_af75a6dc-efbb-4d85-bed9-0d2a67f0de04,high_P,3.0,7.0,10.0,-1.0137741899999106,0.6686999999999976,7
P_P134N6_ddfacc04-1ad3-4d33-aa17-17a6d5d37887,high_P,4.0,6.0,10.0,16.136417410000107,0.7365999999999993,7
P_P134N7_1c3f1289-4dde-40af-838b-121846aecfd4,high_P,3.0,7.0,10.0,-0.0312912699999721,0.2239000000000004,7
P_P134N7_ba8055c9-84af-487a-8205-307dc5f954a5,high_P,3.0,7.0,10.0,-0.3359065599999873,0.8451500000000003,7
P_P134N4_1fe3516f-1738-48a9-9e5e-18be3c987e21,high_P,6.0,4.0,10.0,51.11597084000009,0.1918000000000006,7
P_P134N3_cbfa87f8-5485-422b-81ac-40a16b13277a,high_P,7.0,3.0,10.0,68.96250991000008,0.3618999999999985,7
P_P134N8_6e157880-fca5-4f07-9385-6575dfeed892,high_P,2.0,8.0,10.0,-16.83348065999998,0.8753999999999991,7
P_P134N7_e6d8503d-2d3e-4f27-a8a3-d4c9252f50ee,high_P,3.0,7.0,10.0,0.1560525100000198,0.8704499999999982,7
P_P134N5_def7da73-9b20-4bae-a4a0-595c4a025b9a,high_P,5.0,5.0,10.0,34.51174909000008,0.4949000000000012,7
P_P134N3_15b930fc-1826-40d2-96ba-9d74d17dabd3,high_P,7.0,3.0,10.0,67.96148803000003,0.5919000000000025,7
P_P134N6_b540332c-a65f-418a-9e58-89aada84e729,high_P,4.0,6.0,10.0,17.009457049999995,0.7416000000000018,7
P_P134N8_1940fe06-4315-4639-b6ea-12f7b20b6692,high_P,2.0,8.0,10.0,-15.523449649999993,0.3223500000000001,7
P_P134N5_014d7867-5bbd-4b36-94ca-25f5445d180a,high_P,5.0,5.0,10.0,34.27846459,0.4724499999999985,7
P_P134N6_2f9acbda-8d5d-41ea-a290-6d9370abf721,high_P,4.0,6.0,10.0,17.484145690000062,0.3104000000000013,7
P_P134N4_e5ec77f8-8cc3-40ab-8d6b-e52f8d6306e8,high_P,6.0,4.0,10.0,48.99669303,0.9272500000000008,7
P_P134N5_65de94d6-bf47-4f7d-b5c8-e46f3ee6411d,high_P,5.0,5.0,10.0,33.7123593,0.5755999999999979,7
P_P134N3_dda7d839-bc4d-48cb-a66f-1ba5db069526,high_P,7.0,3.0,10.0,67.5160511,0.3457499999999989,7
P_P134N5_f507163f-08d6-4049-b4fc-752a8460244b,high_P,5.0,5.0,10.0,32.0051550500001,0.4369999999999976,7
P_P134N5_aaa1614d-2055-467f-8b81-2ee6d2079f7d,high_P,5.0,5.0,10.0,34.47524515000009,0.2052000000000013,7
P_P134N9_fda88fe1-afe4-4c5d-a409-454f60e489ae,high_P,1.0,9.0,10.0,-34.5345098499999,0.943950000000001,7
P_P134N1_c9de04e1-bbe0-4d3f-a80f-5fbc20ee4341,high_P,9.0,1.0,10.0,99.97076454000008,0.5442000000000036,7
P_P134N5_2fb2dac9-625b-4a58-8d71-1ab73a779346,high_P,5.0,5.0,10.0,33.509228620000044,0.4372000000000007,7
P_P134N4_461e2c63-a6ef-4683-9fd5-c7ca0df15ce2,high_P,6.0,4.0,10.0,50.225683000000046,0.7787000000000006,7
P_P134N6_8fec1ea2-f8f7-489d-8c17-4676cc311996,high_P,4.0,6.0,10.0,17.742045040000065,0.6519000000000013,7
P_P134N7_b7fc819a-e88b-4ba3-bee1-6524c1a35842,high_P,3.0,7.0,10.0,0.1967564200000673,0.3624000000000009,7
P_P134N8_7d0f0dba-f643-4814-a7f7-d75dc3186f5a,high_P,2.0,8.0,10.0,-16.61206019999999,0.679000000000002,7
P_P134N3_4fc5e85d-3efc-44ae-ae01-4e490ac4a659,high_P,7.0,3.0,10.0,66.47728494000009,0.5096999999999987,7
P_P134N8_77084258-796b-405c-8b5a-17d19cee3337,high_P,2.0,8.0,10.0,-16.669678329999915,0.9377999999999992,7
P_P134N5_82af502a-3429-4a1d-a6e2-cdce7962a6e0,high_P,5.0,5.0,10.0,33.67541918000006,0.588000000000001,7
P_P134N4_40525fc0-40da-4864-8c25-0c2e48f1dc5d,high_P,6.0,4.0,10.0,51.58246206000005,0.2774500000000017,7
P_P134N2_7d818b15-98d7-46a0-8001-037c616cfa2c,high_P,8.0,2.0,10.0,84.10020143000011,0.644400000000001,7
P_P134N4_38f274f6-4e5b-4e75-af8a-d382b8a7f15f,high_P,6.0,4.0,10.0,50.72151572,0.8693999999999988,7
P_P134N6_f49d38e2-e192-4630-bf86-69067535a1ea,high_P,4.0,6.0,10.0,18.21496090000001,0.1684999999999981,7
P_P134N6_830832b7-0dd2-4f20-b337-b06a84de9d62,high_P,4.0,6.0,10.0,17.5510991500001,0.316950000000002,7
P_P134N4_1cf43041-d206-4f94-8eee-bb99bf6bb6e3,high_P,6.0,4.0,10.0,50.29330749,0.7102000000000004,7
P_P134N4_89dc2314-6579-4424-b6c7-d062222a43ae,high_P,6.0,4.0,10.0,50.43227836999999,0.0780999999999991,7
P_P134N4_e02cd285-929e-4369-9fb2-ea222ee54a52,high_P,6.0,4.0,10.0,50.5830944100001,0.7642500000000005,7
P_P134N7_02381019-d5d0-4d7d-b881-18b484da501e,high_P,3.0,7.0,10.0,0.6081155800000282,0.6616,7
P_P134N6_a6b45668-5d73-402a-a930-bed430880c8c,high_P,4.0,6.0,10.0,16.174473730000003,0.7144000000000013,7
P_P134N6_1795fa63-6921-49b3-99d2-6d1d42e69da8,high_P,4.0,6.0,10.0,15.461964370000103,0.9246499999999996,7
P_P134N4_40fd86f6-a77c-4924-a5af-01b02ef8973a,high_P,6.0,4.0,10.0,51.996653020000096,0.2798999999999978,7
P_P134N5_8fc90672-e572-478f-a6fb-8713e877498b,high_P,5.0,5.0,10.0,33.12226893000002,0.6501999999999981,7
P_P134N5_c23221a9-df60-4cdc-9665-4fdc194c5873,high_P,5.0,5.0,10.0,32.77302247,0.3262999999999998,7
P_P134N4_0353b1ca-5c8a-43b1-b8f5-4f32de886987,high_P,6.0,4.0,10.0,52.30360140000009,0.6099500000000013,7
P_P134N8_2ffd6ca1-fb18-4077-9a35-fe1b0c31d1f9,high_P,2.0,8.0,10.0,-16.6095491199999,0.6023999999999994,7
P_P134N7_7fd36a51-a310-4951-a0a5-8764590b96af,high_P,3.0,7.0,10.0,-0.9955580499999748,0.2827499999999965,7
P_P134N8_a97435be-b765-4385-9fc5-a6b25d984811,high_P,2.0,8.0,10.0,-14.400322959999944,0.2316000000000002,7
P_P134N6_d44d6b1b-afde-4b55-b705-eecde5fd12f5,high_P,4.0,6.0,10.0,17.451330690000034,0.8513000000000019,7
P_P134N3_a583a5c5-7ee5-4059-8db9-de8f911cc29a,high_P,7.0,3.0,10.0,67.31073934000003,0.2597999999999985,7
P_P134N7_8ff501f0-ae56-4896-8503-ce388fa1a3d3,high_P,3.0,7.0,10.0,0.5512557500000206,0.7378999999999998,7
P_P134N2_b92a129c-f235-49ff-9d7a-17762d5bc989,high_P,8.0,2.0,10.0,83.95283687000008,0.5813999999999986,7
P_P134N6_365a18c8-53a4-4b5f-abda-0c487f036b94,high_P,4.0,6.0,10.0,16.123734170000105,0.7591999999999999,7
P_P134N6_da22a42e-e9af-426b-9203-b2620563c393,high_P,4.0,6.0,10.0,17.40694523000009,0.5543999999999976,7
P_P134N3_409f65ef-2273-4d8e-a6b1-bb5f60b05449,high_P,7.0,3.0,10.0,68.08991725000007,0.2506500000000002,7
P_P134N9_c82f4875-98fb-49f1-ab04-283575a00f39,high_P,1.0,9.0,10.0,-33.29715720999997,0.8665999999999983,7
P_P134N6_2920bc67-f10b-4f30-89e0-d56a14de5e16,high_P,4.0,6.0,10.0,17.347319229999997,0.7981499999999997,7
P_P134N4_6e5f359b-6e75-4487-8517-24b248721bf2,high_P,6.0,4.0,10.0,50.21974757000002,0.5884500000000017,7
P_P134N6_6d560aaa-09ea-47a0-b8e5-2f51affd6650,high_P,4.0,6.0,10.0,17.284599920000076,0.7171500000000002,7
P_P134N7_618fa7fd-b549-4eda-a5a2-2091f6fae7ba,high_P,3.0,7.0,10.0,-0.8803701099999195,0.37575,7
P_P130N8_d44cef95-6ae9-4b15-b1f6-fb93414e6b3a,high_P,6.0,8.0,14.0,28.33543394000003,0.7473499999999973,8
P_P130N6_8780cc4a-2c2c-4e87-b15d-2686726157f0,high_P,8.0,6.0,14.0,63.94284446000004,0.4039000000000001,8
P_P130N7_cbb24f34-38ab-490e-ba63-d259d94a7542,high_P,7.0,7.0,14.0,47.56515889000006,0.2622499999999981,8
P_P130N7_2025967a-9ab1-4d20-b533-10bf9f3e9ac4,high_P,7.0,7.0,14.0,45.81717443000007,0.4814000000000007,8
P_P130N5_4c457252-3cad-4d67-9a4c-b51053edab2e,high_P,9.0,5.0,14.0,78.32939289000004,0.4198500000000003,8
P_P130N7_2dd91df6-6100-4305-adb3-79179704cffe,high_P,7.0,7.0,14.0,46.42559121000004,0.7369500000000002,8
P_P130N8_e0cbdf57-ff29-441b-b3c1-3f37dc641a17,high_P,6.0,8.0,14.0,29.462717,0.2796500000000002,8
P_P130N9_fe8c27f7-59e4-4eb1-8a8c-053424d50d5d,high_P,5.0,9.0,14.0,15.01759785000009,0.1905000000000001,8
P_P130N7_e236b37e-ec6c-4beb-a178-c706965a3988,high_P,7.0,7.0,14.0,47.44277375000006,0.325800000000001,8
P_P130N5_6e3e845b-8c44-44c0-ba72-6328e12f6052,high_P,9.0,5.0,14.0,78.41964991,0.5879500000000029,8
P_P130N7_f91e70ca-6967-4b13-9eb7-597606d554fa,high_P,7.0,7.0,14.0,46.30812868000002,0.5245499999999979,8
P_P130N9_6442911f-1ed6-4891-b85a-d1b822e2ebdc,high_P,5.0,9.0,14.0,13.9823666600001,0.1454999999999984,8
P_P130N7_ad5f6a9f-a704-4f5e-ba23-947aebf85ffe,high_P,7.0,7.0,14.0,45.72124788000001,0.6800500000000014,8
P_P130N5_eaa7618c-ccd2-429c-8d8a-d050a79aa4f6,high_P,9.0,5.0,14.0,82.14662334000005,0.2826999999999984,8
P_P130N8_b7cd3fbb-0cce-4e9e-847a-c0d906ae51ac,high_P,6.0,8.0,14.0,27.81702658000006,0.2972000000000001,8
P_P130N8_08f35635-f38e-4fb1-815e-0fad4f3151b9,high_P,6.0,8.0,14.0,27.3875485100001,0.5121500000000019,8
P_P130N7_994234e0-6afa-4350-9336-08ff99246c9e,high_P,7.0,7.0,14.0,46.72196194000007,0.2752999999999979,8
P_P130N5_896edace-b940-4729-b10a-4299f50f3f54,high_P,9.0,5.0,14.0,80.34074601,0.1996499999999983,8
P_P130N5_80f6bc02-a992-4236-9ff5-295b6a41e29c,high_P,9.0,5.0,14.0,79.09009588000006,0.5986000000000011,8
P_P130N9_c3e5370b-0dc4-4cfc-a17a-d1330199b2ac,high_P,5.0,9.0,14.0,16.079038590000057,0.565100000000001,8
P_P130N6_a561b15c-3302-48d7-b324-92890d7914a2,high_P,8.0,6.0,14.0,65.06324712,0.2731999999999992,8
P_P130N6_8f5a7df4-beb3-475e-8e4b-3991d5d4922a,high_P,8.0,6.0,14.0,63.77259578000005,0.4596499999999999,8
P_P130N8_49a6bdfb-57fb-4de6-b76e-c808ec013647,high_P,6.0,8.0,14.0,29.50671707000004,0.6005000000000003,8
P_P130N9_c882b163-1c7a-49f2-ba35-bc6295794690,high_P,5.0,9.0,14.0,14.716861960000037,0.0481499999999996,8
P_P130N5_4ee3a88f-97de-4829-ae40-03303b6e6b5f,high_P,9.0,5.0,14.0,82.34877168000006,0.3534000000000006,8
P_P130N9_74450b87-d1a5-4e39-bf68-a8ecd754afba,high_P,5.0,9.0,14.0,11.68995331000004,0.8164999999999978,8
P_P130N9_f3fab8c3-3ce2-430a-a807-842bb30610ed,high_P,5.0,9.0,14.0,13.434046220000102,0.2263000000000019,8
P_P130N5_215544be-bf9c-449d-8483-f0a975ef4feb,high_P,9.0,5.0,14.0,80.04047423,0.3481000000000023,8
P_P130N6_069edc97-55b9-4d15-979d-c70a3e435e35,high_P,8.0,6.0,14.0,66.24693669000007,0.3891999999999989,8
P_P130N9_3fc7f007-8310-411c-a5e8-a0e6c2637a0c,high_P,5.0,9.0,14.0,12.692478450000028,0.4902500000000032,8
P_P130N8_7be5e4fd-b3c6-4971-be20-b6e867dea66e,high_P,6.0,8.0,14.0,29.87908347000007,0.1640499999999995,8
P_P130N7_4a2a1de9-21f5-407c-92b9-fcc691c32f2c,high_P,7.0,7.0,14.0,47.32469452000002,0.5731999999999999,8
P_P130N8_dd71e334-eece-43e1-a544-59db454dd3a4,high_P,6.0,8.0,14.0,32.07369054000003,0.2622999999999997,8
P_P130N5_ecdf8c58-5dda-41dd-84a3-7f128e7e4c41,high_P,9.0,5.0,14.0,80.07077207,0.3592000000000013,8
P_P130N9_17b41d60-2546-4181-8472-f88095da555d,high_P,5.0,9.0,14.0,13.05370620000004,0.2897500000000015,8
P_P130N9_9c55fcfb-4852-4fb8-8dba-4928deac216e,high_P,5.0,9.0,14.0,12.677040820000077,0.3309999999999995,8
P_P130N6_37773af0-c054-4339-aa42-6e09ec39bbfc,high_P,8.0,6.0,14.0,64.80518358000003,0.155899999999999,8
P_P130N8_11fa53a0-1edb-4670-b5f3-e004c73bf4af,high_P,6.0,8.0,14.0,31.016916180000067,0.1638999999999981,8
P_P130N9_bb15c85b-afad-47ab-86be-6fbab1c3264b,high_P,5.0,9.0,14.0,13.943478920000036,0.1597000000000008,8
P_P130N8_b6b6d550-e53b-4108-b41b-b25643f0fd24,high_P,6.0,8.0,14.0,29.94259359,0.3951999999999991,8
P_P130N8_4aac5017-d6d9-4292-8811-719a1f60d73b,high_P,6.0,8.0,14.0,30.346096610000014,0.218200000000003,8
P_P130N6_ad4e8262-bfb5-49be-8679-a28ee4287eef,high_P,8.0,6.0,14.0,60.88769169000009,0.6634999999999991,8
P_P130N6_ba791020-e5c2-4b19-8d8d-c8121118f779,high_P,8.0,6.0,14.0,63.80158858000002,0.4576499999999974,8
P_P130N8_df98ff3b-6173-4c50-ae56-97602fdf8885,high_P,6.0,8.0,14.0,29.339548130000026,0.7622999999999998,8
P_P130N6_88db6f28-2c41-406d-b843-4a467435e1dd,high_P,8.0,6.0,14.0,62.38706625000007,0.4979000000000013,8
P_P130N6_efbb5525-a45d-4da4-83d9-5c02ac781399,high_P,8.0,6.0,14.0,65.64810066000004,0.5010499999999993,8
P_P130N8_5ba3615a-2ff7-4a52-be6b-43df378e9901,high_P,6.0,8.0,14.0,29.5973544200001,0.3082000000000029,8
P_P130N5_8b8b7b1a-f34c-489d-88eb-451613270b3d,high_P,9.0,5.0,14.0,80.9545822800001,0.4323499999999995,8
P_P130N9_e2c5c376-7257-4338-943d-2bf5966c3069,high_P,5.0,9.0,14.0,13.46983600000006,0.0726499999999994,8
P_P130N9_3062eaab-2840-4ec2-9db1-5015c7b9aa4d,high_P,5.0,9.0,14.0,14.020718290000064,0.3368500000000018,8
P_P130N5_4e385960-7233-4e3c-9d15-e61da012e8f7,high_P,9.0,5.0,14.0,79.54975458000004,0.4341499999999989,8
P_P130N6_ee74078f-bc7a-4330-a46a-c9964d4dabd2,high_P,8.0,6.0,14.0,62.46803653000004,0.2339500000000001,8
P_P130N7_500b7dde-9e70-48b6-bec9-192853aa0641,high_P,7.0,7.0,14.0,45.90687396000003,0.8205500000000008,8
P_P130N7_3bbf346e-d285-465c-bf8f-ec588c33ca93,high_P,7.0,7.0,14.0,44.60449742000007,0.4953499999999984,8
P_P130N7_5e586fd5-ff63-46fc-932e-f81f6d62a141,high_P,7.0,7.0,14.0,46.30146654000002,0.2784000000000013,8
P_P130N6_0344baa9-3c0e-4335-b081-f2b8fc5814ff,high_P,8.0,6.0,14.0,63.776484980000056,0.1614000000000004,8
P_P130N9_b6a3ecff-e5af-49b3-a6be-f606fcb52931,high_P,5.0,9.0,14.0,13.05284203000004,0.6421500000000009,8
P_P130N6_de7d770b-cec9-4f6e-8f95-aed0f319626d,high_P,8.0,6.0,14.0,64.93368822,0.4485500000000009,8
P_P130N9_71fffdfb-4326-48a2-8c73-33319d961736,high_P,5.0,9.0,14.0,13.853944870000038,0.8109500000000018,8
P_P130N9_df91be18-c748-407e-ba23-f1eff4499333,high_P,5.0,9.0,14.0,13.751046190000086,0.3362000000000016,8
P_P130N8_4da67312-af60-4b2d-adf5-10c7bd23799c,high_P,6.0,8.0,14.0,31.8717623,0.5786000000000016,8
P_P130N6_2a9e4cb0-7871-474d-9a95-90f7718a73c0,high_P,8.0,6.0,14.0,62.70608546000003,0.5286000000000008,8
P_P130N7_db1f83c1-a7fd-4d3f-8e88-008f925c4567,high_P,7.0,7.0,14.0,47.42798428000008,0.3397499999999986,8
P_P130N7_92210645-49ed-4160-affb-82d7e1378eac,high_P,7.0,7.0,14.0,45.69191388000006,0.3435999999999986,8
P_P130N9_db27f21b-cae3-4918-b3ba-8c8b53c63298,high_P,5.0,9.0,14.0,12.987168760000106,0.2301999999999999,8
P_P130N6_1d3a8609-0aa7-4147-a144-39eb469c3966,high_P,8.0,6.0,14.0,62.93662646000005,0.3500999999999976,8
P_P130N7_01f80b8d-2b13-4c1a-bc47-483b9d022da0,high_P,7.0,7.0,14.0,45.60447454,0.6803499999999971,8
P_P130N5_73b92a80-edba-4628-aa33-53087cf4717d,high_P,9.0,5.0,14.0,80.44848856000002,0.5432500000000005,8
P_P130N6_c80089f3-fe52-447f-ac9a-4918b4a7a919,high_P,8.0,6.0,14.0,63.05016931000009,0.4389000000000003,8
P_P130N6_218a96bc-dac1-4fa7-8749-3bbb58e1d15d,high_P,8.0,6.0,14.0,65.03004022000002,0.1583000000000005,8
P_P130N7_63ba624c-3c3d-48ef-9c65-71c70f391891,high_P,7.0,7.0,14.0,45.27397320000004,0.5807500000000019,8
P_P130N9_1cc12641-fe8e-4de7-b0d4-033e2afb0835,high_P,5.0,9.0,14.0,11.956216830000091,0.6415000000000006,8
P_P130N7_65d6b707-d576-4e00-9b6b-a2ac70bdb107,high_P,7.0,7.0,14.0,45.98813851000004,0.3933500000000016,8
P_P130N6_fdc59dc5-9b20-461f-9886-29c7d28ee7a0,high_P,8.0,6.0,14.0,63.36899691000006,0.6899499999999996,8
P_P130N6_b948f9c5-ec94-4745-b51c-f6bc89cb8bf4,high_P,8.0,6.0,14.0,63.41339675000004,0.3540999999999989,8
P_P130N7_09c76836-eafc-4eba-bc4d-3fbead153841,high_P,7.0,7.0,14.0,47.022130120000085,0.2028999999999996,8
P_P130N6_0cd4835e-8f7f-4b09-b142-165944c92a15,high_P,8.0,6.0,14.0,64.99124530000003,0.2224000000000003,8
P_P130N8_6a9c8bef-5a4e-493e-b8d4-7059d206be2b,high_P,6.0,8.0,14.0,29.424838650000083,0.423849999999998,8
P_P130N5_2c0a7c70-64dc-4f8e-9ad2-76b9b63faab8,high_P,9.0,5.0,14.0,81.94478376000009,0.5507000000000026,8
P_P130N6_08ba2b13-49a2-4e21-bb5d-88eb3756f542,high_P,8.0,6.0,14.0,63.38243278000002,0.3497000000000021,8
P_P130N7_66b1afd9-5750-460e-a194-84b877b091c0,high_P,7.0,7.0,14.0,47.87044384000005,0.1681500000000007,8
P_P130N6_0d633713-96c7-4680-a937-c42cfffc14a7,high_P,8.0,6.0,14.0,63.79145272000003,0.5414500000000011,8
P_P130N9_27b92406-2dc7-4122-bfb0-0bfa56a5d9ff,high_P,5.0,9.0,14.0,11.31180720000005,0.53885,8
P_P130N9_a44c00cc-8235-42f4-9c05-bb42b397e8d4,high_P,5.0,9.0,14.0,12.13765801000007,0.4875000000000007,8
P_P130N7_67067a32-129b-4042-85a1-9b1472951f67,high_P,7.0,7.0,14.0,47.36517492,0.292749999999998,8
P_P130N9_1b6fc625-17fa-492f-8b99-6f8f33517b1d,high_P,5.0,9.0,14.0,13.337091700000048,0.6521499999999989,8
P_P130N5_ed2bf4f7-4100-4e7a-8ca4-487c425f22ae,high_P,9.0,5.0,14.0,79.14261138000009,0.6210000000000022,8
P_P130N8_db7d6523-770a-42fe-b281-0ca1eb35cbf9,high_P,6.0,8.0,14.0,31.48899701000005,0.5413499999999978,8
P_P130N8_02a763c1-8434-4799-94fb-ae0fa1d9a7c6,high_P,6.0,8.0,14.0,30.906299120000085,0.4536499999999996,8
P_P130N9_8de0d577-74d0-44a2-aeee-f08f4fe990b2,high_P,5.0,9.0,14.0,11.962524760000026,0.5503499999999981,8
P_P130N5_2d2edeb9-0215-4da6-873c-d39a5a44fe39,high_P,9.0,5.0,14.0,80.94818516000001,0.2878000000000007,8
P_P130N8_ca4965fe-3e77-4fcc-b3c3-b04867b3b6f6,high_P,6.0,8.0,14.0,29.428343320000067,0.5138500000000015,8
P_P130N7_2135ffc4-91ef-43c5-9c02-a683d45b6bad,high_P,7.0,7.0,14.0,48.34378237000003,0.4130500000000019,8
P_P130N7_cde45174-f3e4-4f7a-ab85-24328593d92f,high_P,7.0,7.0,14.0,48.138822490000095,0.2057000000000002,8
P_P130N6_c435a7f0-479d-4698-9c35-17c29f15eda8,high_P,8.0,6.0,14.0,63.85391356,0.2203499999999998,8
P_P130N9_743bf692-dea8-42fa-913e-e86dff2ca8a2,high_P,5.0,9.0,14.0,15.105472140000035,0.1828000000000003,8
P_P130N8_08c78543-f2b7-455f-8e22-974c8b4596b5,high_P,6.0,8.0,14.0,32.263887750000094,0.4081500000000027,8
P_P130N7_b4a015b4-3fc5-4d97-b808-747104c6a144,high_P,7.0,7.0,14.0,48.39722784000007,0.5081000000000024,8
P_P130N9_12e632da-5c04-4ab7-ad14-49b9b6a8c77b,high_P,5.0,9.0,14.0,12.231372440000047,0.2753999999999976,8
P_P130N8_1869feb3-2277-4668-a9ea-fcf8e2c063c7,high_P,6.0,8.0,14.0,31.63812985000004,0.3944499999999991,8
P_P126N9_6308aee1-9f2a-4d8b-add9-8ccf828e4459,high_P,9.0,9.0,18.0,56.19761052000011,0.5665000000000013,9
P_P126N9_b34783d7-2566-4e43-ab6b-ea223bb87b98,high_P,9.0,9.0,18.0,59.22183196000002,0.1624000000000016,9
P_P126N9_4db72ad2-5159-4380-be28-61bd35157686,high_P,9.0,9.0,18.0,57.52605657000002,0.1277000000000008,9
P_P126N9_1730857a-2b5a-4925-9cd8-10b9df1f29ac,high_P,9.0,9.0,18.0,59.85386649000007,0.1728000000000022,9
P_P126N9_12f21d69-5dd9-414e-8725-6bf198669ca2,high_P,9.0,9.0,18.0,57.165960740000045,0.4075999999999986,9
P_P126N9_1249b0f7-6ba1-4eb3-9696-2c070b951597,high_P,9.0,9.0,18.0,58.32879655000009,0.6299500000000009,9
P_P126N9_66cb822e-928f-4034-8a12-3901c8b17d23,high_P,9.0,9.0,18.0,57.30488066000008,0.3727499999999999,9
P_P126N9_6dcf339c-6f79-438c-855a-1ee560d903ec,high_P,9.0,9.0,18.0,56.829370440000034,0.1792499999999997,9
P_P126N9_b1692ba6-5546-4a4e-8f00-b62c1a864bb6,high_P,9.0,9.0,18.0,58.27152797000007,0.8501499999999993,9
P_P126N9_7e089551-95a4-43b8-bd0b-5c8c686dbadf,high_P,9.0,9.0,18.0,59.692388310000055,0.1740500000000011,9
P_P126N9_e81e158e-219c-4792-bb41-fbb403ce199a,high_P,9.0,9.0,18.0,60.35951334000002,0.2239499999999985,9
P_P126N9_3d2e6e89-d1dd-4719-9fb9-22d6fc772e84,high_P,9.0,9.0,18.0,57.11648910000007,0.6921999999999997,9
P_P126N9_697eab6b-5508-41cd-9ca9-361cfb67cff9,high_P,9.0,9.0,18.0,57.73586289000001,0.3226000000000013,9
P_P126N9_994200c7-48e7-4478-8d6b-3498cd023aec,high_P,9.0,9.0,18.0,59.12685014000009,0.2821499999999979,9
P_P126N9_e5f4bc08-e0cf-42c3-a894-29fc25f626df,high_P,9.0,9.0,18.0,61.13872224000009,0.0761500000000019,9
P_P126N9_b4155960-cde2-4483-9f44-f24548a6e638,high_P,9.0,9.0,18.0,61.17845313000008,0.4294999999999973,9
P_P126N9_40065ef3-33a4-4a04-a7b0-f6b2e2454d9b,high_P,9.0,9.0,18.0,60.650244400000005,0.2162000000000006,9
P_P126N9_5f3d0ffd-1140-4c3c-826d-c25b8706254b,high_P,9.0,9.0,18.0,63.80952543000011,0.0280500000000003,9
P_P126N9_ccc168f3-e29f-4a6d-b7fa-004479c1b6ef,high_P,9.0,9.0,18.0,58.1436792600001,0.0608000000000004,9
P_P126N9_c17d1f02-c3ec-411c-9918-7f513402d117,high_P,9.0,9.0,18.0,60.39494021000006,0.2869500000000009,9
P_P126N9_9aa3ffa5-a4ef-4c76-9bef-c8cfc152f2e6,high_P,9.0,9.0,18.0,59.93775846000004,0.2168500000000008,9
P_P126N9_5eeef3f7-d6b6-4112-a8f3-3459ca7bc417,high_P,9.0,9.0,18.0,61.32667265000008,0.2987000000000002,9
P_P126N9_c0b80f3b-a14e-4db9-a38e-9b1ea2b2b306,high_P,9.0,9.0,18.0,61.33263888000009,0.254450000000002,9
P_P126N9_cef8ee4f-27de-48e1-8016-1ba77e9c0658,high_P,9.0,9.0,18.0,57.145480830000096,0.3470500000000029,9
P_P126N9_474f1e7f-dfcd-4053-91f7-503cc1ea0088,high_P,9.0,9.0,18.0,61.59948412000004,0.2581500000000005,9
P_P126N9_72625443-b1e7-46d4-ae25-d5d00e84ff62,high_P,9.0,9.0,18.0,56.57750135000002,0.1538499999999985,9
P_P126N9_b1273c09-bf9c-4d25-a799-f3c7013e997b,high_P,9.0,9.0,18.0,59.99910751000003,0.3658999999999999,9
P_P126N9_c78a55cb-1fab-417a-b1b5-feaa6377d616,high_P,9.0,9.0,18.0,58.9214516600001,0.5051999999999985,9
P_P126N9_314e6036-22ea-459f-baa1-603a415ca576,high_P,9.0,9.0,18.0,55.481767480000016,0.6942500000000003,9
P_P126N9_ea23f51d-a5bc-4add-8a6f-9dd67d203048,high_P,9.0,9.0,18.0,60.11480937000009,0.4855499999999999,9
P_P126N9_3cdc2bac-baa7-4d7b-aeb2-d85674fd326b,high_P,9.0,9.0,18.0,57.39989712000009,0.4637999999999991,9
P_P126N9_e2cb621f-63bd-46d0-abf6-c3c83d6977c2,high_P,9.0,9.0,18.0,58.112894590000096,0.2186500000000002,9
P_P126N9_abced2ad-8c61-4825-9b25-e5ff92ad6b6f,high_P,9.0,9.0,18.0,60.31196785000007,0.2478000000000015,9
P_P126N9_a6cd800a-d614-4645-877a-e6de215a9874,high_P,9.0,9.0,18.0,57.71736266000004,0.2467999999999968,9
P_P126N9_96b4f96c-bccb-4baf-994b-20008b8038dc,high_P,9.0,9.0,18.0,58.324427200000045,0.3999500000000004,9
P_P126N9_99e52c62-7004-4c8b-8dc2-23541285b4c4,high_P,9.0,9.0,18.0,62.53607246000011,0.2336500000000008,9
P_P126N9_f65db996-9b04-4aa3-af3f-d5e5e4b755ff,high_P,9.0,9.0,18.0,59.1037159000001,0.1133500000000005,9
P_P126N9_7e386bda-acfa-4b9b-85ab-262d918dcba3,high_P,9.0,9.0,18.0,59.389545600000005,0.539399999999997,9
P_P126N9_4857f4db-c231-4413-ae85-3ebc41741bcc,high_P,9.0,9.0,18.0,60.91595590000007,0.440649999999998,9
P_P126N9_09568168-ac12-4e0c-b9c3-05c2a8237172,high_P,9.0,9.0,18.0,58.07508334000009,0.534200000000002,9
P_P126N9_001cebe5-1160-4066-8518-4a11401a1fd7,high_P,9.0,9.0,18.0,62.09052265000001,0.0778500000000015,9
P_P126N9_9eedb034-d3ea-4bc9-96ab-f9e8140bcc64,high_P,9.0,9.0,18.0,60.62659183000004,0.1550499999999992,9
P_P126N9_b1e453dc-415f-4957-9871-7e364835d182,high_P,9.0,9.0,18.0,59.02087790000006,0.3318000000000012,9
P_P126N9_d6c80d9f-05a1-4732-8867-727505ecdc70,high_P,9.0,9.0,18.0,59.20960831000001,0.4379500000000007,9
P_P126N9_1fa6f41e-505c-4e2a-8ba7-c3c6443fab8e,high_P,9.0,9.0,18.0,58.43585432000008,0.6848500000000008,9
P_P126N9_9eb3e12a-558d-48e8-895d-cb367d561b14,high_P,9.0,9.0,18.0,58.99275166000005,0.2430499999999966,9
P_P126N9_7b53fa5a-ba81-4f48-a017-4e02e3c5e6d4,high_P,9.0,9.0,18.0,58.47946677000003,0.6097499999999982,9
P_P126N9_a36daa6a-06d2-40db-a973-2be30dc2537f,high_P,9.0,9.0,18.0,58.07275974000002,0.1899000000000015,9
P_P126N9_cbf225d9-923c-472b-999b-1505b8586322,high_P,9.0,9.0,18.0,59.07255568000004,0.4334999999999986,9
P_P126N9_5e3f64e4-f2ac-450e-8cb4-0ad88c9d80c7,high_P,9.0,9.0,18.0,56.559227550000045,0.8759499999999996,9
P_P126N9_192dc98f-61c1-4956-80e9-0df31c0abf32,high_P,9.0,9.0,18.0,61.45910563000005,0.5496999999999979,9
P_P126N9_cae1c228-d2fa-45b1-8b5d-2426da33e9f6,high_P,9.0,9.0,18.0,59.6161527900001,0.3212499999999991,9
P_P126N9_e737c37b-ed52-43de-9e34-88efa34d0a72,high_P,9.0,9.0,18.0,61.04676373000005,0.1027500000000003,9
P_P126N9_f83295f4-ef27-40c7-a9f8-1ba8f32138c5,high_P,9.0,9.0,18.0,58.13574642000002,0.1230500000000027,9
P_P126N9_7310b347-6231-44de-b0ff-6da0a8da68f8,high_P,9.0,9.0,18.0,60.01655035000009,0.3641000000000005,9
P_P126N9_616fabd0-e1e2-4906-bd70-28893ed869f7,high_P,9.0,9.0,18.0,58.41237178000004,0.1646,9
P_P126N9_82a2caa2-55c6-4409-8ad3-fb3dd6f1081c,high_P,9.0,9.0,18.0,56.02277123000009,0.3410499999999992,9
P_P126N9_b53eefc0-790b-4e73-8783-0f3bb8bf1cc2,high_P,9.0,9.0,18.0,57.78316549000009,0.3685000000000009,9
P_P126N9_ce9b0273-a766-430e-ae8b-6fd28920999e,high_P,9.0,9.0,18.0,59.23611748000006,0.2561,9
P_P126N9_b8c22e2a-8e47-404b-b815-a42d55b03fae,high_P,9.0,9.0,18.0,58.48347894000004,0.827499999999997,9
P_P126N9_0a0a6565-d670-47da-9da2-7dde4c4372c9,high_P,9.0,9.0,18.0,59.220667350000085,0.3833500000000001,9
P_P126N9_48e32e8c-fb3e-4fab-98d2-39f618ea94d6,high_P,9.0,9.0,18.0,60.09547549000011,0.4101500000000015,9
P_P126N9_8ba22c7c-d0b3-4b60-87e0-5e8cf04d7b20,high_P,9.0,9.0,18.0,59.34207651000007,0.596350000000001,9
P_P126N9_4d9a369e-93dd-4f42-bf3e-4a7f67636aa7,high_P,9.0,9.0,18.0,61.40924811000001,0.109849999999998,9
P_P126N9_7fef6429-91c2-4aee-a79c-c727307fb228,high_P,9.0,9.0,18.0,57.4204775700001,0.3767499999999977,9
P_P126N9_e5ce60c6-dcef-4d70-82b8-5fb4c6e6daa5,high_P,9.0,9.0,18.0,59.12793912000005,0.51145,9
P_P126N9_e0cbd1a7-9125-4f00-b5b4-0781ba880106,high_P,9.0,9.0,18.0,58.10595101000011,0.71875,9
P_P126N9_da0e2124-eedf-492e-823d-76695615eb97,high_P,9.0,9.0,18.0,59.32322176000001,0.1627000000000009,9
P_P126N9_7380dfa8-dc05-4d80-9588-b428fbab583a,high_P,9.0,9.0,18.0,60.29432067000003,0.2173499999999997,9
P_P126N9_391eee2d-2512-4811-90f5-6ef38a13d414,high_P,9.0,9.0,18.0,59.44435013000008,0.1347500000000003,9
P_P126N9_15ce4969-c812-4508-8e8b-8e608436cd0a,high_P,9.0,9.0,18.0,56.92575285000008,0.1976000000000013,9
P_P126N9_88053f0e-3c02-4df9-8704-5832fa09a700,high_P,9.0,9.0,18.0,61.67997645000001,0.2716000000000029,9
P_P126N9_db00c914-32cb-423f-9b1e-0cca156ced67,high_P,9.0,9.0,18.0,59.52498127000011,0.1642499999999991,9
P_P126N9_50acf2fa-7559-4526-b45e-dc90898c073a,high_P,9.0,9.0,18.0,60.80266355000002,0.3909999999999982,9
P_P126N9_5a4aaa7a-1bb5-4288-b9b7-d1614f1ae52d,high_P,9.0,9.0,18.0,59.03510771000002,0.3003999999999998,9
P_P126N9_5edfe23f-187b-4840-b1c1-b7e1f3f174c6,high_P,9.0,9.0,18.0,60.60890673000005,0.3826999999999998,9
P_P126N9_fdacf9d4-fc2e-4e9a-80f4-15553a42966e,high_P,9.0,9.0,18.0,61.382707490000016,0.3178499999999999,9
P_P126N9_d712b20e-edf9-4f84-98e3-09189f344383,high_P,9.0,9.0,18.0,60.38235150000001,0.2884499999999974,9
P_P126N9_7bb4a04b-b3e4-4955-9dba-ca0b5d6dfe7f,high_P,9.0,9.0,18.0,59.77494352000007,0.4268,9
P_P126N9_ab84f075-a2a5-4813-a654-eac8d1a824ad,high_P,9.0,9.0,18.0,59.70764009000003,0.3075499999999991,9
P_P126N9_7c8a6666-3183-41d0-906d-5872d9b7557d,high_P,9.0,9.0,18.0,60.11300118000007,0.2033500000000003,9
P_P126N9_4c41c46a-fb38-4e43-8130-65d3371d0b25,high_P,9.0,9.0,18.0,59.68701842000006,0.1377999999999986,9
P_P126N9_e0754269-d136-48fc-b413-c67e15d0c3cf,high_P,9.0,9.0,18.0,58.93674681000003,0.2130000000000009,9
P_P126N9_dd890994-b39a-4a20-8cb1-365956eeb1d7,high_P,9.0,9.0,18.0,59.80814815000007,0.2397500000000008,9
P_P126N9_ecb3b163-ce50-404d-9fcf-cb7eeacaa170,high_P,9.0,9.0,18.0,61.505118600000046,0.1990499999999997,9
P_P126N9_901a7680-277a-4137-9fb4-55480e3280ab,high_P,9.0,9.0,18.0,60.96832661000006,0.075099999999999,9
P_P126N9_8e9cd6c4-cc42-40f5-8972-7502788a45ec,high_P,9.0,9.0,18.0,60.46477018000006,0.3263499999999979,9
P_P126N9_e4c357cc-06ee-4854-8a92-f31c1c63a107,high_P,9.0,9.0,18.0,59.45316065000007,0.2982499999999994,9
P_P126N9_4a95634c-e361-441b-afe6-fee6bcb789c2,high_P,9.0,9.0,18.0,58.80198870000002,0.1886499999999991,9
P_P126N9_68f9d9d1-776d-4373-add0-d476a5c00f6b,high_P,9.0,9.0,18.0,58.7641934600001,0.6221499999999978,9
P_P126N9_bc892344-9e68-4a43-bfb3-6c1d5bcbc679,high_P,9.0,9.0,18.0,59.92589369000005,0.205449999999999,9
P_P126N9_f0965366-b1c2-499d-916a-56ecd381508f,high_P,9.0,9.0,18.0,58.49305101000003,0.5963000000000029,9
P_P126N9_1f7dc053-6c30-4c82-ba4c-335f6d1abf7f,high_P,9.0,9.0,18.0,59.46872551000011,0.1854999999999975,9
P_P126N9_92e3cf3a-2119-44b5-ac37-ddaebd361279,high_P,9.0,9.0,18.0,58.48208197000007,0.4524000000000008,9
P_P126N9_25816f4a-6e15-467f-83fc-4e1ea7799e2b,high_P,9.0,9.0,18.0,58.58018664000007,0.4970500000000015,9
P_P126N9_65ed0d6c-b183-4fb8-bb61-ddff09de4b38,high_P,9.0,9.0,18.0,59.0509753000001,0.2583500000000001,9
P_P126N9_63d3ff4b-5857-4592-b45b-912467a1d4c3,high_P,9.0,9.0,18.0,59.25916819000007,0.3234999999999992,9
P_P126N9_2c43a131-a32a-4372-80ed-cb03ec5f2464,high_P,9.0,9.0,18.0,61.53344966000007,0.2935499999999962,9
P_P126N9_bf090566-616e-4677-859f-52e2702aac83,high_P,9.0,9.0,18.0,59.88433006000001,0.4388000000000005,9
P_P126N9_df218ada-bff2-4241-9a7d-fada69001825,high_P,9.0,9.0,18.0,59.79385932000001,0.4592000000000027,9
InSe_In70Se71_72e0e514-b756-42a9-b3f2-2b1e00c10113,high_InSe,3.0,0.0,3.0,25.41472620000004,0.6106999999999996,10
InSe_In70Ga2Se71S1_26bbfd31-5bf6-4567-aa7a-1d2c81a3fa93,high_InSe,0.0,3.0,3.0,-2.5844011999999728,1.3139000000000003,10
InSe_In71Ga1Se70S1_62c52d3d-e0c4-48ee-a9ed-6f6a5c2b2fc1,high_InSe,1.0,2.0,3.0,7.2147735000000335,1.1353999999999989,10
InSe_In70Ga1Se71_0cf6df90-f056-4dbf-a63a-6660ee1622d9,high_InSe,2.0,1.0,3.0,16.818864469999983,1.048899999999998,10
InSe_In70Se71S1_cf386f02-a025-440c-b521-e10b6cebe7ed,high_InSe,2.0,1.0,3.0,15.595508340000007,1.184849999999999,10
InSe_In70Se71S1_b5d9dd4a-2b69-49cc-a5a7-0b271b65a681,high_InSe,2.0,1.0,3.0,15.64826645000002,1.123800000000001,10
InSe_In69Ga2Se72_bb4d8c38-a0b1-4238-bcc9-a9fac06f57dc,high_InSe,1.0,2.0,3.0,7.099092650000066,1.1796500000000003,10
InSe_In70Se71S1_0d46e760-30db-4377-8110-3e0193bd9b0e,high_InSe,2.0,1.0,3.0,14.021910160000033,1.0185999999999993,10
InSe_In71Ga1Se70S2_747a6102-ed2b-4d45-8978-fc37ec160f3f,high_InSe,0.0,3.0,3.0,-3.1870648699999635,1.3211999999999993,10
InSe_In72Se69S3_1900f7c6-e58f-4e7e-884a-9c98ac0618a0,high_InSe,0.0,3.0,3.0,-3.791392849999978,1.3452000000000002,10
InSe_In71Ga1Se70S1_88c8f623-26aa-4d03-a4ab-03fcfc5a47fe,high_InSe,1.0,2.0,3.0,7.223357959999985,1.1296,10
InSe_In71Se70S1_1628e2c4-11b4-4217-ab53-4e5a9ae52583,high_InSe,2.0,1.0,3.0,16.125025649999966,0.9577500000000008,10
InSe_In71Se70S1_a051878c-b733-48ec-95a5-58c9ee033596,high_InSe,2.0,1.0,3.0,16.262184480000055,1.08155,10
InSe_In71Se70S2_c7f358bc-b06a-43f0-8ffe-26966f326284,high_InSe,1.0,2.0,3.0,5.901521199999969,1.1996999999999982,10
InSe_In72Se69S1_28699bf4-373f-4394-8cd9-bfd652afb81f,high_InSe,2.0,1.0,3.0,17.02706371999997,1.0639000000000003,10
InSe_In71Ga1Se70S2_b0f9bf4e-ed54-48d6-8ec7-5ca2ad4397d1,high_InSe,0.0,3.0,3.0,-3.184945390000044,1.320500000000001,10
InSe_In70Se71S1_af151ef4-0caa-40b7-9c1c-8aeb29fcd097,high_InSe,2.0,1.0,3.0,15.588828909999988,1.185249999999998,10
InSe_In70Ga1Se71S1_ac44c54c-8f8b-4a72-9ed2-9f4c660c9a6b,high_InSe,1.0,2.0,3.0,6.509656430000007,1.1923999999999992,10
InSe_In70Ga2Se71S1_9e6046ae-cd64-43a2-bb62-1a28196c37df,high_InSe,0.0,3.0,3.0,-2.58095719000002,1.3097499999999993,10
InSe_In72Se69S1_080cb2f0-9602-45f8-a0a6-2b74de94c0df,high_InSe,2.0,1.0,3.0,17.111847289999982,0.9060999999999986,10
InSe_In71Ga1Se70S1_a5453d12-f5fe-433f-a0fb-524001b2fac5,high_InSe,1.0,2.0,3.0,7.235602600000048,1.1191499999999994,10
InSe_In70Se71_6c73762a-4720-4e78-8e99-e7a8aaed3495,high_InSe,3.0,0.0,3.0,23.85665721,0.8542500000000004,10
InSe_In71Se70S2_74c9831c-91ac-4908-aabd-0404786527fd,high_InSe,1.0,2.0,3.0,5.908776990000014,1.2025000000000006,10
InSe_In71Se70_77a2fd80-5f47-4f01-85fc-aeff28e98565,high_InSe,3.0,0.0,3.0,26.448274900000012,0.6954999999999991,10
InSe_In70Ga2Se71_958e6d3f-5f38-476a-8e80-bf1f27d9f3b5,high_InSe,1.0,2.0,3.0,7.82211890000004,1.1309000000000005,10
InSe_In71Ga1Se70S1_7e264ab9-3eb3-4de1-b9fb-16d1ddab0bf5,high_InSe,1.0,2.0,3.0,7.184545689999991,1.1233000000000004,10
InSe_In70Se71_70afb01c-b418-4e5d-ad50-1111f700896b,high_InSe,3.0,0.0,3.0,24.20391779000001,0.9036999999999988,10
InSe_In72Se69S2_fcb2d6c2-dee5-4a34-a3d1-e9f4ff9fa523,high_InSe,1.0,2.0,3.0,6.625659029999986,1.1300999999999988,10
InSe_In72Se69S1_dad7d20f-19ab-422d-b7c3-660ad36831b3,high_InSe,2.0,1.0,3.0,17.001916059999953,0.6518000000000015,10
InSe_In71Ga1Se70S2_733541e7-2687-4f7a-ba7a-ae4d42ad7e8e,high_InSe,0.0,3.0,3.0,-3.190461939999969,1.319749999999999,10
InSe_In71Ga1Se70S1_f95a33a7-6317-45a6-ac47-d722fcc47d56,high_InSe,1.0,2.0,3.0,7.244991210000021,1.1270500000000006,10
InSe_In69Ga3Se72_d4de76fa-a6fa-4f66-825f-696819f2475d,high_InSe,0.0,3.0,3.0,-1.966259959999952,1.3025000000000002,10
InSe_In70Ga2Se71S1_c39ba469-ca5f-49f9-abf8-f02f11a93256,high_InSe,0.0,3.0,3.0,-2.576942300000012,1.3126999999999995,10
InSe_In70Ga2Se71S1_7eab271c-c7fb-4947-beb7-eb97b50d4169,high_InSe,0.0,3.0,3.0,-2.5825909099999924,1.3121500000000008,10
InSe_In70Se71_9b52cb58-4b32-4e03-99fe-b1f00b289bdb,high_InSe,3.0,0.0,3.0,24.438235210000038,0.6588999999999992,10
InSe_In69Ga1Se72_dae3a529-5c89-4f7d-9028-a443652dbdc5,high_InSe,2.0,1.0,3.0,16.13525950000001,1.1098999999999997,10
InSe_In69Ga1Se72_448b83a5-9b71-4dbd-b5dd-c50618de5ab6,high_InSe,2.0,1.0,3.0,16.212581779999987,1.120900000000001,10
InSe_In70Ga1Se71S1_5798b061-6c53-4224-978b-ca95ef9739aa,high_InSe,1.0,2.0,3.0,6.509412080000004,1.1831999999999994,10
InSe_In70Ga1Se71_00049a2d-68a9-4651-92c6-58a83447850f,high_InSe,2.0,1.0,3.0,16.878621279999994,1.08695,10
InSe_In71Se70_be010004-79ad-49b0-9c45-81c0fa71bdb0,high_InSe,3.0,0.0,3.0,26.546617289999983,0.9530500000000012,10
InSe_In71Se70S1_bffb2141-86f2-48d1-b89b-bfd15216642b,high_InSe,2.0,1.0,3.0,16.23849337999999,1.0946000000000016,10
InSe_In71Se70_5a03f797-f4a6-4b69-856d-4a611e886821,high_InSe,3.0,0.0,3.0,26.026226710000017,1.1063500000000008,10
InSe_In70Ga2Se71S1_e6eb6e05-9cf5-4f2c-9a72-bfe43e6978ac,high_InSe,0.0,3.0,3.0,-2.580567719999947,1.311300000000001,10
InSe_In71Se70S2_d8db7101-8de5-4f93-8bd1-754b1ea9322e,high_InSe,1.0,2.0,3.0,5.909549360000064,1.197750000000001,10
InSe_In71Ga1Se70S1_e6b97baf-e542-4c09-8a9a-1e9a588c0b91,high_InSe,1.0,2.0,3.0,7.241971180000005,1.1334499999999998,10
InSe_In70Se71S1_5c358270-c00d-41d9-afb5-2d108e7bccf4,high_InSe,2.0,1.0,3.0,14.92943523000005,1.129150000000001,10
InSe_In71Se70_d383e251-e461-4b68-beeb-6a256d42f54a,high_InSe,3.0,0.0,3.0,26.60914763000001,1.050749999999999,10
InSe_In70Ga1Se71_92ad6e3b-f460-4497-a647-bf5aaa5ae780,high_InSe,2.0,1.0,3.0,16.836280250000005,1.089999999999998,10
InSe_In71Se70S1_b60d6798-0090-4f4a-b09f-e50349dba247,high_InSe,2.0,1.0,3.0,16.257737750000015,1.0959500000000002,10
InSe_In72Se69S2_8c7beced-7933-4de5-999e-07864471b21c,high_InSe,1.0,2.0,3.0,6.611504330000037,1.1276499999999992,10
InSe_In71Se70S1_dd475efa-3b5d-4dc5-9dff-7e0666c62e29,high_InSe,2.0,1.0,3.0,16.289598179999953,1.100900000000001,10
InSe_In70Ga2Se71S1_981be0f5-1851-43c5-a8ea-cef3ac593e7b,high_InSe,0.0,3.0,3.0,-2.5931793399999767,1.3068999999999988,10
InSe_In72Se69_a8318e11-ffbb-464b-bbfe-4f8717a9b21f,high_InSe,3.0,0.0,3.0,27.450252279999987,0.7245999999999988,10
InSe_In72Se69S1_b603f85f-515d-4a62-84c1-06e333e4d186,high_InSe,2.0,1.0,3.0,16.981888999999992,0.7092999999999989,10
InSe_In71Ga1Se70S1_246dbd22-e74c-4e5a-964e-b70c1cc998d3,high_InSe,1.0,2.0,3.0,7.23279979,1.132299999999999,10
InSe_In71Se70S2_bb2ef4c4-efab-4f5b-8652-7150fd1eb7fa,high_InSe,1.0,2.0,3.0,5.906806780000046,1.1995499999999986,10
InSe_In71Ga1Se70S1_cf202078-84a8-4456-a3e4-bda377fbb2bc,high_InSe,1.0,2.0,3.0,7.244722920000013,1.12655,10
InSe_In70Ga2Se71_7cb0f41a-e1e4-4caf-957b-d17eb1db1eb6,high_InSe,1.0,2.0,3.0,7.837866069999981,1.1258999999999997,10
InSe_In69Ga2Se72_1fb6e510-a89c-4102-99e6-919a775fecbb,high_InSe,1.0,2.0,3.0,7.105390379999981,1.1948499999999989,10
InSe_In71Ga1Se70S2_17ba393d-4db4-436d-be9f-7bb2269a0dfc,high_InSe,0.0,3.0,3.0,-3.1858392599999577,1.3152999999999988,10
InSe_In70Ga1Se71_5df84128-2a07-49d2-801f-52347248ce28,high_InSe,2.0,1.0,3.0,16.28342138000004,1.1539,10
InSe_In69Ga3Se72_28158252-5fac-4599-8713-a99c5ea42be3,high_InSe,0.0,3.0,3.0,-1.9637177200000404,1.3022500000000008,10
InSe_In69Se72_665370af-501c-41a0-9046-2ad53827ad67,high_InSe,3.0,0.0,3.0,24.190692420000023,1.063550000000001,10
InSe_In71Ga1Se70_122c0a34-32da-4093-b695-ce1fa4415375,high_InSe,2.0,1.0,3.0,17.631791609999983,1.1252000000000013,10
InSe_In71Ga1Se70_a81ab822-283d-40e1-9a45-9665d6da0df1,high_InSe,2.0,1.0,3.0,17.646300509999993,1.0922,10
InSe_In71Se70S1_d453e549-151b-43a7-bcd7-8655ab3392e3,high_InSe,2.0,1.0,3.0,16.27934041,1.0941500000000008,10
InSe_In70Se71S1_d26323d0-21b4-4cbe-800b-0c5af58f2b2a,high_InSe,2.0,1.0,3.0,15.54236061000003,1.1735000000000009,10
InSe_In70Ga1Se71S1_b6741447-74b0-4d28-9eb9-550597a2f298,high_InSe,1.0,2.0,3.0,6.504993299999967,1.1919499999999985,10
InSe_In69Ga2Se72_4f3508c4-0287-40c1-a7ec-0c6c5c5f82d8,high_InSe,1.0,2.0,3.0,7.099157390000037,1.1892000000000014,10
InSe_In70Ga1Se71_6fb3c70b-90f4-488d-98c5-45c744faaa44,high_InSe,2.0,1.0,3.0,16.828521979999994,1.0725999999999996,10
InSe_In69Ga2Se72_d05779d0-621d-449d-94c8-232934659bfe,high_InSe,1.0,2.0,3.0,7.112047830000015,1.175950000000002,10
InSe_In70Ga2Se71_c2309dd0-ed86-4b2a-9843-e21a78935817,high_InSe,1.0,2.0,3.0,7.992439130000056,1.0147999999999993,10
InSe_In71Se70S1_03df0f6b-c374-4c55-a473-a26a5c2e8723,high_InSe,2.0,1.0,3.0,15.989177969999982,0.905450000000002,10
InSe_In72Se69S2_86070b16-131b-49cc-ae22-a054d2f09d26,high_InSe,1.0,2.0,3.0,6.641954250000061,1.12425,10
InSe_In71Se70_e164ebd7-7577-4c8f-9836-da2ca4e0044c,high_InSe,3.0,0.0,3.0,26.47965078,0.825050000000001,10
InSe_In71Se70S1_845764dc-efe8-49cb-9465-cef4f91e3241,high_InSe,2.0,1.0,3.0,16.14728866000004,0.8324499999999997,10
InSe_In70Se71_a460eda1-af40-4081-a2b1-7bb63018ba04,high_InSe,3.0,0.0,3.0,24.39775435000003,0.7482000000000006,10
InSe_In70Ga1Se71_5f09ae5e-6775-4556-bd76-6f1cd44463c4,high_InSe,2.0,1.0,3.0,16.87443079000001,1.1175999999999997,10
InSe_In69Ga2Se72_bc82e59b-8b25-4f85-b4b1-18785cc5be53,high_InSe,1.0,2.0,3.0,7.101094459999977,1.1901499999999992,10
InSe_In72Se69S3_eb9eec3a-bfff-4a24-be42-b77eb539003e,high_InSe,0.0,3.0,3.0,-3.793038799999989,1.34455,10
InSe_In71Ga1Se70S1_2c498915-6f89-4052-a69e-e1abbd55b70f,high_InSe,1.0,2.0,3.0,7.220265050000021,1.1300999999999988,10
InSe_In70Ga2Se71S1_241541e8-1345-402a-acfb-781d3c181021,high_InSe,0.0,3.0,3.0,-2.574496270000025,1.2936999999999994,10
InSe_In71Se70S1_58e31e10-fc54-4ea0-8f97-2aab2c83f700,high_InSe,2.0,1.0,3.0,16.039263459999997,0.963000000000001,10
InSe_In71Ga1Se70_904a71cd-2986-4407-90da-96280f8d4dda,high_InSe,2.0,1.0,3.0,17.82408288999999,0.9832,10
InSe_In69Ga1Se72_63f39973-2261-44d9-a716-edbd7e5a5969,high_InSe,2.0,1.0,3.0,16.190743770000033,1.1820000000000004,10
InSe_In69Se72_84a44b24-cfd0-43bc-8854-1b34a9353866,high_InSe,3.0,0.0,3.0,25.28338092000003,1.129199999999999,10
InSe_In70Ga1Se71_3266b85a-393a-4cbc-a4f2-9168953914eb,high_InSe,2.0,1.0,3.0,16.262728089999985,1.1602499999999996,10
InSe_In69Se72_8e7148c7-2492-4889-b6ae-b0a11892df0a,high_InSe,3.0,0.0,3.0,25.22175419999998,1.161900000000001,10
InSe_In72Se69S1_c8db63b2-8d44-4d75-bae8-be5fd40bc75a,high_InSe,2.0,1.0,3.0,17.038810289999983,1.078799999999999,10
InSe_In71Ga1Se70S1_e6913635-b902-4413-87b3-2322352681c9,high_InSe,1.0,2.0,3.0,7.214782220000016,1.1339500000000005,10
InSe_In70Ga2Se71S1_ac234f54-bc9a-4a13-b786-bbdcb1fe3d11,high_InSe,0.0,3.0,3.0,-2.5847967199999564,1.3116499999999984,10
InSe_In70Se71S1_1088c385-441e-48c0-b9da-2904af84cd4f,high_InSe,2.0,1.0,3.0,14.932490279999994,1.1340000000000003,10
InSe_In70Ga2Se71S1_2f14a733-1591-4aa2-943c-dbbb0b92628d,high_InSe,0.0,3.0,3.0,-2.594233160000015,1.2959999999999994,10
InSe_In70Ga1Se71_c40dabdb-2b45-4ed8-b232-ff166b5e4858,high_InSe,2.0,1.0,3.0,16.734531600000015,0.95275,10
InSe_In71Ga1Se70S2_6ef3fb74-93ce-4b65-9c20-cc762d72765c,high_InSe,0.0,3.0,3.0,-3.1890704800000464,1.3205999999999989,10
InSe_In71Se70S1_3c93b49e-7e8f-4e5b-9fe8-13591aac7217,high_InSe,2.0,1.0,3.0,16.142735549999966,0.9444999999999996,10
InSe_In71Se70S1_a6c323e0-2482-4902-b7e2-5f1656e59c11,high_InSe,2.0,1.0,3.0,16.246577930000026,1.1188000000000002,10
InSe_In70Ga2Se71S1_aaa7258e-e9ce-473d-bd68-63beda1be735,high_InSe,0.0,3.0,3.0,-2.5859414500000346,1.308399999999999,10
InSe_In70Ga1Se71S1_a928fddd-771a-451e-a323-caf7811f65af,high_InSe,1.0,2.0,3.0,6.508254539999996,1.1922499999999996,10
InSe_In70Se71S1_ba6841ee-8e20-4432-b7bd-96456ad75188,high_InSe,2.0,1.0,3.0,15.593915510000016,1.1683000000000003,10
InSe_In71Se66S3_6da482b0-4572-4bd5-b518-6797f8afe9c4,high_InSe,4.0,3.0,7.0,31.932617650000022,0.8548999999999989,11
InSe_In68Ga4Se69S1_b3db9300-618a-43ec-839f-bfcf6b67bac9,high_InSe,2.0,5.0,7.0,14.60266333,0.9014999999999986,11
InSe_In69Ga2Se68S4_7ebcc5b8-fb57-4cef-b32b-efccabc45bec,high_InSe,1.0,6.0,7.0,2.00008984999998,1.1650500000000008,11
InSe_In68Se69S1_a04569d9-9160-4725-bfd3-5b5ae5213fb7,high_InSe,6.0,1.0,7.0,47.10098907000004,0.9644999999999992,11
InSe_In68Ga2Se69S1_2e4fd8f6-5528-4c3f-9a09-d784d1d36b93,high_InSe,4.0,3.0,7.0,29.909722849999994,0.8318999999999992,11
InSe_In69Ga2Se68S1_f1525ff6-4b34-422c-bcab-29a1f4b947ff,high_InSe,4.0,3.0,7.0,33.04207869,0.897199999999998,11
InSe_In68Ga2Se69S1_d77f45ac-5962-4cad-abff-9e47d1936268,high_InSe,4.0,3.0,7.0,30.04882608999999,0.6646999999999998,11
InSe_In70Ga1Se67S2_eab342f2-0105-4413-af2d-9ab98af2fc47,high_InSe,4.0,3.0,7.0,32.58222413000004,0.938600000000001,11
InSe_In68Ga3Se69S2_6022f84e-ea1b-413a-85b2-60ac25af70e6,high_InSe,2.0,5.0,7.0,12.97782906000003,1.078899999999999,11
InSe_In68Ga1Se69S3_143f6fa1-7cdc-485b-b1a5-d4cc00304a67,high_InSe,3.0,4.0,7.0,19.81289648000001,1.0589499999999994,11
InSe_In68Ga1Se69S3_e82cbc5e-a3f7-4337-ba44-3c454bf27848,high_InSe,3.0,4.0,7.0,19.093274109999985,1.0992999999999975,11
InSe_In69Ga2Se68S2_89c3501d-0054-4fbb-b327-a5cea367a4b6,high_InSe,3.0,4.0,7.0,21.03712391000001,0.5983999999999998,11
InSe_In66Ga4Se71S1_3c9f0303-3f15-4c27-8aad-67f60515531d,high_InSe,2.0,5.0,7.0,12.034953860000048,1.1276500000000027,11
InSe_In68Ga2Se69S1_5a7a01b3-5210-4857-9151-4b2e5b8f58a0,high_InSe,4.0,3.0,7.0,31.00050782000001,1.0280000000000005,11
InSe_In70Ga1Se67S3_8c98a293-d825-48a7-99c3-e387388b11b9,high_InSe,3.0,4.0,7.0,22.21960895000001,1.0912000000000006,11
InSe_In67Ga3Se70S1_f6805daf-878a-445d-9c0b-ab56e7f5f16a,high_InSe,3.0,4.0,7.0,22.47873614000001,0.2281999999999993,11
InSe_In69Ga2Se68S3_21c1f8e5-f417-4d01-abc5-c6238718f3ac,high_InSe,2.0,5.0,7.0,12.34939050000006,0.76755,11
InSe_In71Se66S3_bce4a7e6-9ff5-4f15-9f2d-f47962f88711,high_InSe,4.0,3.0,7.0,31.39262464000004,1.0061000000000018,11
InSe_In67Ga2Se70S1_6c214156-4fc8-4266-93f8-588a8db7deff,high_InSe,4.0,3.0,7.0,29.529409779999995,0.9595000000000002,11
InSe_In69Ga1Se68S3_adab05f5-553b-45b5-841d-37d63680916f,high_InSe,3.0,4.0,7.0,20.97476161999998,0.3550999999999984,11
InSe_In67Ga4Se70_f4ab9b88-ba67-4ab7-94e8-49698d75a251,high_InSe,3.0,4.0,7.0,22.259397939999992,0.3079499999999999,11
InSe_In71Ga1Se66S4_dd259038-5408-4437-9dba-2a0ec6547023,high_InSe,2.0,5.0,7.0,12.659062289999962,1.046800000000001,11
InSe_In67Ga3Se70S1_e3685e54-6ca3-4636-b83a-516309517dfc,high_InSe,3.0,4.0,7.0,21.36098631999998,1.1012000000000004,11
InSe_In68Ga2Se69S1_46975865-c27c-4407-b8b9-c20e6a3a6881,high_InSe,4.0,3.0,7.0,32.005326359999984,0.6526999999999994,11
InSe_In71Se66S2_3841918a-9b15-41ce-983d-1e651815fca8,high_InSe,5.0,2.0,7.0,42.13994880999998,0.6182499999999997,11
InSe_In69Ga3Se68S2_65e29e1c-1d3d-471e-bd87-3a3792f77800,high_InSe,2.0,5.0,7.0,13.812824540000005,1.0723000000000005,11
InSe_In71Ga1Se66S2_3fc031b3-fd06-4e21-9b26-875b04d71839,high_InSe,4.0,3.0,7.0,33.480817170000016,0.5031999999999996,11
InSe_In68Se69S2_3c6800e0-d47e-41e2-b4ad-4aedf33f2a0f,high_InSe,5.0,2.0,7.0,37.86380133000002,1.008750000000001,11
InSe_In67Ga3Se70S1_bb5f13ab-dda4-494f-a902-c168dd691628,high_InSe,3.0,4.0,7.0,22.28524989000003,0.2896000000000001,11
InSe_In69Ga1Se68S3_8d10a7c3-06a1-4c7e-ae31-6e1ac9d693a7,high_InSe,3.0,4.0,7.0,20.8698,0.6814,11
InSe_In68Ga2Se69S2_00210059-155e-4d9c-b501-d2d7af9506bd,high_InSe,3.0,4.0,7.0,21.722797750000005,0.6323999999999987,11
InSe_In67Ga1Se70S2_21109326-7b8d-4477-b10d-dd249c72a626,high_InSe,4.0,3.0,7.0,30.44174641,1.052150000000001,11
InSe_In68Ga2Se69S1_c4e83829-640b-4456-9186-94fb2c336fbb,high_InSe,4.0,3.0,7.0,30.26180142,0.7608000000000015,11
InSe_In69Ga2Se68S2_c9554217-2c41-4ed9-a896-b54bd441cf5c,high_InSe,3.0,4.0,7.0,22.906088729999983,0.9776999999999988,11
InSe_In68Ga3Se69S2_638985e3-2c5c-41de-91a5-7b492d1b3fa8,high_InSe,2.0,5.0,7.0,13.082492690000034,0.9289500000000004,11
InSe_In68Se69S1_d9b3943c-73f3-48ef-ad20-250fa566a172,high_InSe,6.0,1.0,7.0,47.968396250000026,0.7474499999999988,11
InSe_In69Ga3Se68S1_2a96fe37-7720-4c93-a1be-b8e8a2bf643f,high_InSe,3.0,4.0,7.0,24.144984520000023,0.9025,11
InSe_In66Ga2Se71_d7128ab4-222c-464e-81e6-970fd947b458,high_InSe,5.0,2.0,7.0,40.157757220000015,0.7184999999999988,11
InSe_In68Ga1Se69_db78ef62-0c20-4cca-b140-88855a58301f,high_InSe,6.0,1.0,7.0,50.55570781000003,0.7081,11
InSe_In68Ga2Se69S2_abef4c33-2f31-42b7-aa4f-01182c0b6460,high_InSe,3.0,4.0,7.0,21.735547889999985,0.2513000000000023,11
InSe_In70Ga1Se67S4_c96f735f-e80d-4bab-afef-00348b376703,high_InSe,2.0,5.0,7.0,11.202677910000045,1.1359499999999991,11
InSe_In68Ga3Se69S1_0fe4db07-f0e9-4734-b6b6-ff905e9abf64,high_InSe,3.0,4.0,7.0,23.361722630000017,0.9465000000000005,11
InSe_In68Ga3Se69S1_89060146-c651-49e0-a343-151064086900,high_InSe,3.0,4.0,7.0,23.592124320000025,0.7467499999999987,11
InSe_In67Ga1Se70S1_fe823c35-2a4b-4e40-bbd5-4e20aa9f9ea0,high_InSe,5.0,2.0,7.0,38.36854421000002,0.6203500000000002,11
InSe_In69Ga2Se68S3_5abeabb1-b150-4056-81d8-419d0109404b,high_InSe,2.0,5.0,7.0,12.28536822000004,0.9360500000000016,11
InSe_In68Ga2Se69S1_4acdd0eb-0cd1-497d-837f-5f80cab7e75f,high_InSe,4.0,3.0,7.0,29.27067246000003,1.0494000000000003,11
InSe_In67Ga2Se70S1_7515c55a-5fb0-4d99-96a9-d4d8d8713e7b,high_InSe,4.0,3.0,7.0,31.35094591000002,0.6643000000000008,11
InSe_In69Ga2Se68S1_8dfacdce-79cd-48db-a1e2-7ad2cfae0f18,high_InSe,4.0,3.0,7.0,32.92320783999999,0.8798000000000012,11
InSe_In68Ga2Se69S1_a5ebba85-bdad-4882-ac12-4007cd5fd4f9,high_InSe,4.0,3.0,7.0,31.084398120000017,0.7878999999999987,11
InSe_In67Ga1Se70S1_1a19f329-a908-44e3-87e4-3acf7db5adc1,high_InSe,5.0,2.0,7.0,38.57799923999998,1.0346499999999992,11
InSe_In68Se69S2_9d81a019-e673-45c3-b3f1-d31863fa515b,high_InSe,5.0,2.0,7.0,37.07913912,0.7348000000000017,11
InSe_In66Ga4Se71S1_7a793f24-23c9-4535-9eb7-05579f771f37,high_InSe,2.0,5.0,7.0,12.859214910000066,1.1172500000000003,11
InSe_In69Se68S2_38421aaf-63ed-425c-9478-08ae55682046,high_InSe,5.0,2.0,7.0,39.30746580000001,0.9702499999999984,11
InSe_In70Ga1Se67S3_d8f865e5-7a7f-42be-99ef-7b7df530e308,high_InSe,3.0,4.0,7.0,22.15430951000002,1.0656000000000017,11
InSe_In67Ga5Se70S1_aac1a199-eb53-40cb-96bc-de6ccbd1122e,high_InSe,1.0,6.0,7.0,4.797946739999976,0.9562999999999988,11
InSe_In68Ga2Se69_8f997e7a-1a39-4c12-b2c4-4d1a809d8ea3,high_InSe,5.0,2.0,7.0,41.07586343000003,0.8755999999999986,11
InSe_In69Ga1Se68S3_e85099b5-362e-456a-b2da-8bc555e0fe81,high_InSe,3.0,4.0,7.0,19.950091429999983,1.0654000000000003,11
InSe_In71Se66S3_4ecbcc90-1ee7-43c4-a02a-66c58d6f165b,high_InSe,4.0,3.0,7.0,31.75697155000003,0.944399999999998,11
InSe_In69Ga1Se68S2_9d3636c8-ed7f-4f80-9c16-e705f46eb87a,high_InSe,4.0,3.0,7.0,29.344252910000016,0.9392999999999994,11
InSe_In69Ga2Se68S2_11e54617-c010-4b44-af8e-a5c5dabf646d,high_InSe,3.0,4.0,7.0,22.839539120000005,1.022750000000002,11
InSe_In69Ga1Se68S2_059d8d93-09d1-45a0-a7b2-4135b1f3c61e,high_InSe,4.0,3.0,7.0,31.04509609000001,0.7979999999999983,11
InSe_In69Se68S2_d08bca45-9c0b-4f4d-8cbc-6f53c2f34b48,high_InSe,5.0,2.0,7.0,40.13367959000001,0.5998999999999999,11
InSe_In69Se68S1_be8b06fe-2b27-415b-9ddf-266195233ff7,high_InSe,6.0,1.0,7.0,48.82183635000002,0.8752500000000012,11
InSe_In72Se65S3_66a747e9-a639-4e3a-a1ac-60d1936007a3,high_InSe,4.0,3.0,7.0,32.96052800000004,0.7105999999999995,11
InSe_In67Ga3Se70_e5c53adf-003c-4777-8558-d311a7358e3c,high_InSe,4.0,3.0,7.0,32.123991370000034,0.7914999999999992,11
InSe_In70Se67S3_a8facf45-6c98-43a6-b8ad-1b4d04a56ee3,high_InSe,4.0,3.0,7.0,30.56203947999998,0.7575000000000003,11
InSe_In70Se67S3_1353f84d-d9ab-44ec-a94b-a50632d889ed,high_InSe,4.0,3.0,7.0,30.18735484999999,0.3538999999999994,11
InSe_In68Ga2Se69S1_71ab01ef-d262-4fda-ac23-fbd19ab5b044,high_InSe,4.0,3.0,7.0,30.840625189999983,0.7880000000000003,11
InSe_In67Ga3Se70S1_574f8e68-c567-4b58-bba4-5c6555f02989,high_InSe,3.0,4.0,7.0,22.33845496000002,0.3319999999999989,11
InSe_In68Ga1Se69S2_23ef7e73-0261-43d5-b486-a86b905ff5ed,high_InSe,4.0,3.0,7.0,30.324231569999988,0.902099999999999,11
InSe_In67Ga4Se70S1_12d08591-4240-4a4a-a611-442d1fe534c1,high_InSe,2.0,5.0,7.0,13.697809810000042,1.0531000000000006,11
InSe_In69Ga2Se68S2_ab637b0d-8cc3-499e-bad9-3816e1699532,high_InSe,3.0,4.0,7.0,22.35493534000002,0.5896500000000007,11
InSe_In67Ga3Se70S1_a6e2e26d-214c-451d-b0aa-0bc7cc0b0578,high_InSe,3.0,4.0,7.0,22.043160490000037,0.6837000000000018,11
InSe_In71Se66S4_100720fe-7180-4da6-a19d-87dc620f3749,high_InSe,3.0,4.0,7.0,21.481881179999995,0.8231999999999999,11
InSe_In68Ga3Se69S1_184906a2-b129-4c7e-8152-40ea60c48d61,high_InSe,3.0,4.0,7.0,23.152906689999995,0.6050500000000021,11
InSe_In68Ga1Se69S2_9941c658-96b8-4424-b960-e299c5c7212a,high_InSe,4.0,3.0,7.0,30.264868019999987,0.8481500000000022,11
InSe_In69Ga2Se68S2_3e288943-5853-4efb-916b-e51f8a35dd32,high_InSe,3.0,4.0,7.0,21.592418220000035,0.0524500000000003,11
InSe_In70Se67S4_1ebd3e4e-f719-4e5b-bb50-6f4edf4a22ba,high_InSe,3.0,4.0,7.0,19.696283920000024,0.939,11
InSe_In69Ga2Se68S3_81ae5cc4-cc2e-4d4c-a584-4c733c26cfc3,high_InSe,2.0,5.0,7.0,12.191642180000064,0.9189999999999988,11
InSe_In68Ga1Se69S2_45d4798f-6a08-498d-b112-ae5f8dd14041,high_InSe,4.0,3.0,7.0,30.383073150000023,1.1020000000000003,11
InSe_In71Se66S4_14a256f4-d5a9-4dc2-8e9b-ee963d2b257c,high_InSe,3.0,4.0,7.0,21.507972770000016,0.9558500000000016,11
InSe_In66Ga5Se71S1_0094c69b-73b6-4191-adba-c4f7bc4491f5,high_InSe,1.0,6.0,7.0,3.8104946699999593,1.1337500000000027,11
InSe_In68Ga2Se69S2_65bf278a-ad65-42cb-9cd1-3b61c6aeadcb,high_InSe,3.0,4.0,7.0,20.593503780000013,0.7155999999999985,11
InSe_In69Se68S3_766b9544-8147-4bb6-b85d-7967147be240,high_InSe,4.0,3.0,7.0,29.729871239999994,0.8082499999999992,11
InSe_In70Ga1Se67S3_61ddc6d8-9de0-474e-8557-edc3655fd527,high_InSe,3.0,4.0,7.0,20.109166490000007,0.558250000000001,11
InSe_In71Se66S1_e1b3d15e-85d9-492f-8f76-dfd09b2583b0,high_InSe,6.0,1.0,7.0,51.60298558,0.7395500000000013,11
InSe_In69Ga2Se68S3_07be72ea-e785-4d47-a6b4-8957251ea950,high_InSe,2.0,5.0,7.0,12.224699649999966,0.9339500000000012,11
InSe_In68Ga1Se69_327f3204-dcfa-4397-bd01-87ce89373597,high_InSe,6.0,1.0,7.0,50.441230020000006,0.3583499999999997,11
InSe_In70Se67S4_504f56bb-00a8-435d-b93e-e806113e0751,high_InSe,3.0,4.0,7.0,20.63823845,0.2805499999999998,11
InSe_In68Ga2Se69S2_d4deebd9-a049-4d44-b6f2-062bb7bb9dd9,high_InSe,3.0,4.0,7.0,21.660665270000003,0.6819000000000006,11
InSe_In68Ga3Se69S2_e899848b-3799-4a8a-a2a0-ce13e62eb666,high_InSe,2.0,5.0,7.0,13.025347110000038,1.0632500000000018,11
InSe_In71Ga1Se66S5_a545d6ff-b67c-47b6-9e1a-78cc6f94294a,high_InSe,1.0,6.0,7.0,2.1710138100000536,1.0786000000000016,11
InSe_In69Ga3Se68S2_d74a2689-788f-4bfe-b99e-2b32c9c162a6,high_InSe,2.0,5.0,7.0,14.027727920000013,0.8646000000000011,11
InSe_In66Ga2Se71S1_cf8259b3-a359-4295-81c0-2757ca155602,high_InSe,4.0,3.0,7.0,27.883280150000036,0.9749999999999996,11
InSe_In69Se68S1_b6f85f0b-021d-427d-9be1-0c4939ad9729,high_InSe,6.0,1.0,7.0,47.924438140000014,0.6099500000000013,11
InSe_In68Ga2Se69S1_9a87f677-0b80-47c3-a1a3-510f15e02867,high_InSe,4.0,3.0,7.0,31.638922129999983,0.8977499999999985,11
InSe_In68Ga1Se69S3_c24aa3c6-f604-4f4f-bee6-09322c9b2194,high_InSe,3.0,4.0,7.0,20.65890375999999,1.0130999999999997,11
InSe_In69Se68S2_eb4c9c2d-3fda-4b19-a1e1-6273f3ed4bab,high_InSe,5.0,2.0,7.0,39.54673557000003,0.543000000000001,11
InSe_In68Ga3Se69S1_ea3a700b-e5a8-4111-9650-199af4bc9fba,high_InSe,3.0,4.0,7.0,23.34599752000001,1.0636500000000009,11
InSe_In69Ga2Se68S3_fd576b5e-2471-412e-8c9e-eb3f15a0274c,high_InSe,2.0,5.0,7.0,10.897074119999989,0.8762000000000008,11
InSe_In66Ga2Se68_51391064-e9a6-4e7b-8e51-90bbbd04766c,high_InSe,8.0,2.0,10.0,64.92502694999999,0.6440000000000019,12
InSe_In67Ga1Se67S2_74f9a701-cf32-44ab-9184-4ed7708a7d8d,high_InSe,7.0,3.0,10.0,54.48983650000003,0.6808999999999994,12
InSe_In68Ga2Se66S4_47be2ecf-3685-4e3a-af7d-79c42ae13d0c,high_InSe,4.0,6.0,10.0,26.368861079999988,0.8671000000000006,12
InSe_In64Ga3Se70_fb63dd9c-e2f4-4687-92b4-514568f31948,high_InSe,7.0,3.0,10.0,52.94193422,0.6437500000000007,12
InSe_In65Ga4Se69S2_3e9a1734-ace9-4755-964d-0096dfcf151b,high_InSe,4.0,6.0,10.0,27.727077069999996,0.6950499999999984,12
InSe_In67Se67S2_9210a93f-9242-4092-b0dd-bd61622b7a67,high_InSe,8.0,2.0,10.0,61.60132080999998,0.9256000000000012,12
InSe_In71Se63S4_6c8bc773-62e2-4011-8347-d2babd33778b,high_InSe,6.0,4.0,10.0,47.95869048000003,0.4955999999999996,12
InSe_In64Ga5Se70S1_52c682a2-6d1a-44f6-8abe-a663081247bd,high_InSe,4.0,6.0,10.0,27.25604997,0.9323499999999996,12
InSe_In68Ga1Se66S2_21c58b3b-f2c7-482b-9031-96bf7d80139f,high_InSe,7.0,3.0,10.0,55.82428290000002,0.9978999999999978,12
InSe_In67Ga4Se67S1_f9dc69be-0479-40d7-981f-17f12dc1451d,high_InSe,5.0,5.0,10.0,41.256586510000005,0.7541000000000011,12
InSe_In66Ga5Se68S2_21a1ed38-3631-4548-a8a0-4495cea73989,high_InSe,3.0,7.0,10.0,20.862702000000027,0.9388499999999986,12
InSe_In63Ga5Se71S1_150dd34e-6bcd-4f82-97e7-f5fb42ea1d83,high_InSe,4.0,6.0,10.0,26.74132774999999,0.9259999999999984,12
InSe_In65Ga3Se69S2_79ed88bc-dd05-4b52-93e6-a6049fdeff86,high_InSe,5.0,5.0,10.0,37.35001149,0.8439499999999995,12
InSe_In67Ga3Se67S2_343324b8-d1f0-4298-92f6-db5337d884b9,high_InSe,5.0,5.0,10.0,37.51400637000002,0.9715999999999988,12
InSe_In66Ga2Se68S2_a2dde43b-6598-46a0-be08-68bffbc939eb,high_InSe,6.0,4.0,10.0,45.180111870000005,0.8022999999999989,12
InSe_In67Ga2Se67S2_5f1091d4-5cb2-4865-959a-5c766bf76a4b,high_InSe,6.0,4.0,10.0,45.48725863000003,0.8206500000000005,12
InSe_In66Ga5Se68S2_ffa1a90f-ce0b-4cd0-85d4-050a6b895f62,high_InSe,3.0,7.0,10.0,20.53440958,0.6312499999999996,12
InSe_In65Ga3Se69S2_47841122-201f-4785-bd3d-0338a0381fe4,high_InSe,5.0,5.0,10.0,35.63327849000002,0.9106500000000004,12
InSe_In67Ga3Se67S2_0cb58782-bec7-486a-be49-5205324bd92b,high_InSe,5.0,5.0,10.0,37.94729130999998,0.5996500000000005,12
InSe_In66Ga4Se68S2_8d2a1468-0070-4fb1-9041-46b8562e6980,high_InSe,4.0,6.0,10.0,27.826709680000008,0.7533999999999992,12
InSe_In68Ga1Se66S2_7f225c25-9b7d-4975-9977-f8278d4ffeb6,high_InSe,7.0,3.0,10.0,57.21587125000003,0.6391500000000008,12
InSe_In71Se63S4_941ea893-9ec4-4b9e-bfdb-b8d27ff9a7d2,high_InSe,6.0,4.0,10.0,48.65158772000001,0.6181999999999999,12
InSe_In67Se67S2_a17dcb4b-cb2c-4225-acf4-b095ac771d08,high_InSe,8.0,2.0,10.0,61.17162692000003,0.3703500000000002,12
InSe_In66Ga5Se68S2_0120cef7-830f-43dc-841c-c7f4036e200a,high_InSe,3.0,7.0,10.0,20.43467425000001,0.6550499999999992,12
InSe_In65Ga3Se69_de7e07d2-e514-41f9-96bd-b1e97fd5e858,high_InSe,7.0,3.0,10.0,55.61098187999999,1.0010000000000012,12
InSe_In65Ga2Se69S2_48fa4591-75bb-455d-9e3c-543371460400,high_InSe,6.0,4.0,10.0,43.84263892,1.0119499999999988,12
InSe_In65Ga2Se69S2_eaa707c4-9164-4bbe-8de3-07aa4da1d8a3,high_InSe,6.0,4.0,10.0,45.37434309000001,0.7408000000000019,12
InSe_In65Ga4Se69S3_85f16f33-71c6-4b5c-8acc-660ec7402286,high_InSe,3.0,7.0,10.0,18.597617530000036,1.0429499999999976,12
InSe_In67Ga3Se67S4_791a4c36-2001-416a-ae83-926c66e3e06f,high_InSe,3.0,7.0,10.0,17.329041240000013,0.2276999999999986,12
InSe_In68Ga3Se66S1_0cb5d341-a87d-4d79-8626-f694c3b0d94f,high_InSe,6.0,4.0,10.0,50.019775719999984,0.1168000000000013,12
InSe_In68Ga3Se66S2_d214b16e-f609-4ca8-a018-79f002f013a7,high_InSe,5.0,5.0,10.0,39.57128886,0.8407499999999999,12
InSe_In67Ga5Se67S2_96b441f0-ec8f-4fd0-8c56-c34e08eaa645,high_InSe,3.0,7.0,10.0,21.85796777000003,0.8523999999999994,12
InSe_In68Ga3Se66S3_31dd71a0-9b93-4b6b-9d9d-984a160ae36f,high_InSe,4.0,6.0,10.0,29.23437182,0.6994500000000006,12
InSe_In67Ga2Se67S3_33fd464e-000f-4496-86d7-4516a96449e7,high_InSe,5.0,5.0,10.0,36.39321623,0.8405000000000005,12
InSe_In66Ga5Se68S3_63753c0f-813a-494f-b18c-3a7e1ac0dcdc,high_InSe,2.0,8.0,10.0,10.427217720000012,1.0169500000000014,12
InSe_In68Ga2Se66S4_007da021-e3fd-45b8-8203-1f2bd5fd3df0,high_InSe,4.0,6.0,10.0,27.430933219999982,0.8646000000000011,12
InSe_In66Ga4Se68S2_7f9654b5-f45d-4647-a006-69a553eafb2e,high_InSe,4.0,6.0,10.0,28.828677469999988,0.7778000000000009,12
InSe_In65Ga4Se69_1e9900e7-5fb1-4f04-aa88-601fddf03461,high_InSe,6.0,4.0,10.0,45.16688695000001,0.6476000000000006,12
InSe_In67Ga2Se67S2_96f286dd-bb37-4ab2-9e1c-5267ee26e156,high_InSe,6.0,4.0,10.0,46.40396517999999,0.6718000000000011,12
InSe_In69Se65S4_9675419d-f871-4965-855f-ba45f4eae378,high_InSe,6.0,4.0,10.0,46.24572761000002,0.6652500000000003,12
InSe_In70Ga1Se64S4_fdf8627d-c5ae-4786-9f0e-2e1175401b41,high_InSe,5.0,5.0,10.0,39.24636816,0.4606500000000011,12
InSe_In67Ga2Se67S3_72e2b0fa-5b2e-435d-a3be-9115bd0aec1b,high_InSe,5.0,5.0,10.0,37.80449400000003,0.7702000000000009,12
InSe_In66Ga1Se68S3_ea1b639c-0248-4d59-a8dc-a3c907f1b01d,high_InSe,6.0,4.0,10.0,42.92541818000003,0.9681499999999978,12
InSe_In67Ga2Se67S2_d835ba40-56da-41aa-97ab-177ffedaa14e,high_InSe,6.0,4.0,10.0,47.56619056000004,0.6249500000000001,12
InSe_In65Ga2Se69_0c69e417-ff2e-4ada-8b67-66d89b4305ed,high_InSe,8.0,2.0,10.0,61.07122473,0.6543499999999991,12
InSe_In65Ga5Se69S1_ed566223-584b-43c3-ab82-53529f495fee,high_InSe,4.0,6.0,10.0,29.925557809999997,0.7058999999999997,12
InSe_In68Ga4Se66S4_17892c61-0616-4a28-b527-58ebf085ca1f,high_InSe,2.0,8.0,10.0,10.708225830000009,0.9818999999999996,12
InSe_In68Se66S3_a2acf09b-4195-4666-be20-b7c165de76fd,high_InSe,7.0,3.0,10.0,55.62573768000003,0.3803000000000001,12
InSe_In70Ga2Se64S3_db67fa8b-dc80-4c20-af28-b7654a1fc731,high_InSe,5.0,5.0,10.0,40.62414636999999,0.8170000000000002,12
InSe_In67Ga1Se67S3_d9d2afa0-90e9-4f94-8ba7-54ec1056ef85,high_InSe,6.0,4.0,10.0,44.792666940000025,0.2683,12
InSe_In68Ga2Se66S4_06f672b6-fb17-4604-90ee-44027669ee3a,high_InSe,4.0,6.0,10.0,28.230176599999997,0.6503999999999976,12
InSe_In67Ga3Se67S3_2bbdf6a1-4fbc-44e0-9ef6-63a422b83b44,high_InSe,4.0,6.0,10.0,27.87845416000001,0.5601999999999983,12
InSe_In67Ga2Se67S1_a38f747f-d5c5-47f5-b8fc-65d3367ae32a,high_InSe,7.0,3.0,10.0,57.20225259999998,0.8939500000000002,12
InSe_In67Ga2Se67S2_6a905c27-234d-4361-a17d-35ef990ed8fa,high_InSe,6.0,4.0,10.0,45.15601124999999,0.1309499999999985,12
InSe_In65Ga3Se69S2_85bbe2dc-38e7-41a7-843b-095367cfbd7b,high_InSe,5.0,5.0,10.0,37.53120356000001,0.68215,12
InSe_In69Ga1Se65S4_2e71e61a-40fd-4bd7-9be6-8359b94cb2c0,high_InSe,5.0,5.0,10.0,36.87385798,0.7212999999999994,12
InSe_In66Ga2Se68S2_7a842e8b-42fe-4bac-92d8-63f042867746,high_InSe,6.0,4.0,10.0,45.49905643999999,0.561300000000001,12
InSe_In65Ga4Se69S3_de1432a7-f232-4022-ad6b-4589be7bab68,high_InSe,3.0,7.0,10.0,18.766463740000003,1.065100000000001,12
InSe_In67Ga2Se67S4_9c44d5b2-e887-4709-be3b-3e000db95489,high_InSe,4.0,6.0,10.0,25.986710000000016,0.5577500000000004,12
InSe_In68Ga1Se66S2_fa14e14d-25c8-425f-afdb-65ed57f08c35,high_InSe,7.0,3.0,10.0,56.80585836000001,0.623149999999999,12
InSe_In66Ga5Se68S2_09991265-72e5-412d-85a2-d14a280f2360,high_InSe,3.0,7.0,10.0,20.911636080000008,0.9955999999999996,12
InSe_In69Ga2Se65S5_0683a8c6-b05d-4b3f-b875-73328ba667c9,high_InSe,3.0,7.0,10.0,18.936006589999987,0.9654000000000008,12
InSe_In65Ga4Se69_2aececdf-a2e5-484c-a419-9702500d4f18,high_InSe,6.0,4.0,10.0,47.70103831000002,0.7997499999999995,12
InSe_In66Ga4Se68S1_6b9360b4-9b70-4feb-acc9-52f79b547dd9,high_InSe,5.0,5.0,10.0,38.71888708999998,0.5690000000000008,12
InSe_In66Ga1Se68S3_c763548f-5c21-4e5e-a6f0-92e6ef6f7ef5,high_InSe,6.0,4.0,10.0,45.18521684000003,1.0090000000000003,12
InSe_In68Ga3Se66S5_bdfd98a3-3c9c-4b48-9050-7f84e35cfb23,high_InSe,2.0,8.0,10.0,9.286946589999996,0.9242999999999988,12
InSe_In67Ga3Se67S3_4c4be145-5247-4f42-ac10-9b0725d506f0,high_InSe,4.0,6.0,10.0,28.469053440000003,0.6861999999999995,12
InSe_In67Ga1Se67S1_f32a8b16-3a3c-4e55-b79c-76abc7c4ad0a,high_InSe,8.0,2.0,10.0,64.04713279999999,0.6420999999999992,12
InSe_In68Ga3Se66S2_704189b8-639e-4cd1-a02d-738371bf5e39,high_InSe,5.0,5.0,10.0,40.069511590000005,0.2761999999999993,12
InSe_In67Ga3Se67S3_0370b267-73f4-4a9b-a6ea-e4e42322d1f9,high_InSe,4.0,6.0,10.0,27.691030149999985,0.6762499999999996,12
InSe_In66Ga4Se68S1_8444248a-8503-4896-9cd1-a4c159041939,high_InSe,5.0,5.0,10.0,40.21105899,0.5497500000000013,12
InSe_In68Ga2Se66S1_5ae41d2d-2e38-4ee2-9088-7b0746e21338,high_InSe,7.0,3.0,10.0,58.21464412999998,0.2494999999999994,12
InSe_In64Ga5Se70_ad42b06c-672e-4746-aef4-09be7eafbd28,high_InSe,5.0,5.0,10.0,38.91543492,0.6639999999999979,12
InSe_In68Ga1Se66S2_8c5cb461-4343-4673-86f8-132db90263b2,high_InSe,7.0,3.0,10.0,54.76601424000001,0.5912500000000005,12
InSe_In68Ga4Se66S3_4319f442-a5d7-48da-9cb7-720b7b4c0b7e,high_InSe,3.0,7.0,10.0,21.25166569000003,0.825899999999999,12
InSe_In67Ga4Se67S3_aeb8384a-6085-4e69-9eb4-25411b55c64b,high_InSe,3.0,7.0,10.0,20.04670859999998,0.9718999999999998,12
InSe_In66Ga3Se68S4_1e2b8456-9a03-4399-81d1-2faa00b2cb9d,high_InSe,3.0,7.0,10.0,14.665816880000056,0.7973499999999998,12
InSe_In67Ga2Se67S2_d731a997-14c5-486e-93bf-581fdb25d43c,high_InSe,6.0,4.0,10.0,46.702117830000006,0.7523499999999999,12
InSe_In68Ga2Se66S3_2993495b-fcac-405d-9e25-3c2e11e8f4bc,high_InSe,5.0,5.0,10.0,38.392160110000006,0.4072000000000013,12
InSe_In68Ga3Se66S2_2bc084b7-b3b7-40ba-9ab4-aea6be8a1ba3,high_InSe,5.0,5.0,10.0,39.61301913000001,0.4278499999999994,12
InSe_In70Ga2Se64S5_e312ee0b-552f-44d6-aefa-365928e517a8,high_InSe,3.0,7.0,10.0,19.89791997999999,0.9890999999999988,12
InSe_In67Ga3Se67S4_3349e724-23b1-44dc-beff-51aba3528e99,high_InSe,3.0,7.0,10.0,17.939875779999998,0.8099999999999987,12
InSe_In68Ga2Se66S4_6c78906a-c246-418f-8ec9-ba54c47ffc16,high_InSe,4.0,6.0,10.0,27.66673251000003,0.2654999999999994,12
InSe_In67Ga4Se67S2_745515de-4149-4938-915a-394e1c36e10b,high_InSe,4.0,6.0,10.0,30.35382288999999,0.7304500000000012,12
InSe_In66Ga3Se68S1_3d59bd4a-29a0-4d9e-95d6-5ec6b16a8b1e,high_InSe,6.0,4.0,10.0,46.69545941000001,0.8529499999999999,12
InSe_In63Ga4Se71S1_209595a5-c609-4c4c-970a-bb640e82edfe,high_InSe,5.0,5.0,10.0,36.71114731999999,0.893699999999999,12
InSe_In67Ga2Se67S3_fede82a7-239f-475f-9a26-f4b49b1efb6c,high_InSe,5.0,5.0,10.0,37.44202799000004,0.8848000000000003,12
InSe_In68Ga2Se66S1_560a7667-3d1b-4dc4-b21a-91a1f19aa4c7,high_InSe,7.0,3.0,10.0,57.90192085999999,0.2390999999999987,12
InSe_In66Ga4Se68S2_a97bae75-56a7-440a-97ba-97c74c463b9a,high_InSe,4.0,6.0,10.0,28.191122279999988,0.7890999999999977,12
InSe_In65Ga3Se69S1_4b62b275-24b9-4b71-9ca0-b4c791b120a7,high_InSe,6.0,4.0,10.0,46.22612654,0.2322499999999987,12
InSe_In69Ga1Se65S4_f92c5a53-9b15-46a5-a698-8542d5980170,high_InSe,5.0,5.0,10.0,37.827415160000015,0.4178000000000015,12
InSe_In68Ga1Se66S2_17553102-692f-447b-924c-00105f6eb6b9,high_InSe,7.0,3.0,10.0,56.413214880000005,0.7927,12
InSe_In67Ga2Se67S3_883d14d3-c0d7-4804-8f97-4244aec76b09,high_InSe,5.0,5.0,10.0,37.34327890000002,0.6069500000000012,12
InSe_In70Ga1Se64S3_8080dd31-86a5-40f0-af57-9fb452856e4e,high_InSe,6.0,4.0,10.0,48.00486996000002,0.3290999999999986,12
InSe_In67Ga2Se67S3_28f7728d-3ce1-4ad0-973e-b255f3cdfc89,high_InSe,5.0,5.0,10.0,36.40921113000001,0.5581999999999994,12
InSe_In68Ga2Se66S4_8fd445e8-5bbb-4adf-b529-deb9414f289d,high_InSe,4.0,6.0,10.0,27.694717870000037,0.7035999999999998,12
InSe_In67Ga4Se67S2_d89c8e7e-c9aa-4b81-93ea-0a066555c49a,high_InSe,4.0,6.0,10.0,30.60625309999999,0.9484999999999992,12
InSe_In66Ga4Se68S3_7c7bf945-2dbd-41cd-af14-b701adf4c6ed,high_InSe,3.0,7.0,10.0,18.96914416999999,0.5621999999999989,12
InSe_In66Ga4Se68S3_479426f4-119b-4d94-ad18-bd144f4aff09,high_InSe,3.0,7.0,10.0,19.206156599999986,0.2763999999999988,12
InSe_In68Ga2Se66S4_b25a1caa-66f0-4e40-948b-04e92db1daad,high_InSe,4.0,6.0,10.0,28.2797387,0.5468499999999992,12
InSe_In67Ga1Se63S4_89467518-9e19-442c-a1fc-6a3c00b9037f,high_InSe,9.0,5.0,14.0,66.88765852000002,0.5884,13
InSe_In62Ga5Se68S2_2ac32374-472f-4bff-9d5e-b3ebed8b3065,high_InSe,7.0,7.0,14.0,49.640571720000025,0.9459499999999998,13
InSe_In64Ga3Se66S4_ef080f0d-f80e-4bac-bdbd-106b4da69905,high_InSe,7.0,7.0,14.0,47.41388177,0.6353000000000009,13
InSe_In67Ga3Se63S5_45e955d2-5eba-4d24-9e4f-41e530c0ce6c,high_InSe,6.0,8.0,14.0,42.30030247999999,0.7765999999999984,13
InSe_In63Ga4Se67S2_d00b8f70-e282-4011-83ac-a69ca9379c85,high_InSe,8.0,6.0,14.0,60.81964431000003,0.6994000000000007,13
InSe_In65Ga4Se65S3_0016e3dc-5cb2-4b34-9954-33c4221032d1,high_InSe,7.0,7.0,14.0,51.84690027000003,0.9529499999999996,13
InSe_In66Ga3Se64S3_1d669008-826e-4da0-9957-af2b571d47a2,high_InSe,8.0,6.0,14.0,61.73116679000004,0.3213500000000007,13
InSe_In64Ga3Se66S4_7729ad4e-636e-4b14-a6ec-7608374eda3e,high_InSe,7.0,7.0,14.0,50.47532100000002,0.6145499999999995,13
InSe_In65Ga3Se65S4_cd5fa249-3106-4c92-8aaa-5d4d60a93627,high_InSe,7.0,7.0,14.0,50.29724727999998,0.8211999999999993,13
InSe_In65Ga2Se65S5_7a5c8996-593a-47b1-9a63-33f1c475a3f7,high_InSe,7.0,7.0,14.0,49.37705094,0.6234500000000018,13
InSe_In64Ga3Se66S4_1a28a7fe-2e9a-4cda-bb09-b13b0cc4add2,high_InSe,7.0,7.0,14.0,47.40474940999998,0.9266499999999986,13
InSe_In67Ga3Se63S4_ed9b6a88-b9df-4a62-9e29-93e64dd51c22,high_InSe,7.0,7.0,14.0,54.19100589,0.8487999999999989,13
InSe_In68Ga2Se62S5_35afd7a6-ae26-4dad-8027-3d1da55e41ad,high_InSe,7.0,7.0,14.0,54.16164003,0.1355999999999984,13
InSe_In65Ga3Se65S4_fa77a407-1aae-4f79-862b-bb188ebf00d7,high_InSe,7.0,7.0,14.0,50.99539487,0.8869999999999987,13
InSe_In65Ga3Se65S2_24b268df-9338-4519-8aa4-b5fd3cc55efd,high_InSe,9.0,5.0,14.0,72.09813078000002,0.5934999999999988,13
InSe_In65Ga4Se65S2_161757a1-921f-47ad-baf2-56612ead0a7f,high_InSe,8.0,6.0,14.0,63.45000693,0.474949999999998,13
InSe_In63Ga4Se67S2_eb9bbb76-81b1-4d09-99d9-ddb4de4443a8,high_InSe,8.0,6.0,14.0,59.531264600000014,0.7737499999999997,13
InSe_In63Ga5Se67S2_b5a7e45b-6be7-4bae-8425-9bf1641002ba,high_InSe,7.0,7.0,14.0,53.11321726,0.8294500000000014,13
InSe_In63Ga4Se67S4_2a32facb-0f83-4176-9e41-8f4de1a03fd3,high_InSe,6.0,8.0,14.0,40.61300150999999,1.0009499999999996,13
InSe_In65Ga2Se65S3_bb05d3ed-2072-424e-bbe9-283526f350ca,high_InSe,9.0,5.0,14.0,68.63554432999999,0.8432000000000013,13
InSe_In65Ga5Se65S4_f40f6a79-1be2-4f31-8603-7536aaea2c7e,high_InSe,5.0,9.0,14.0,33.30965815000003,0.823500000000001,13
InSe_In64Ga3Se66S3_d3b746e6-fcfe-4d40-8919-931ddacdf890,high_InSe,8.0,6.0,14.0,59.65782460000003,0.4133999999999993,13
InSe_In66Ga3Se64S4_a3b92621-0a5e-4388-9ab2-9b65d1fdb8be,high_InSe,7.0,7.0,14.0,52.99988031,0.7584999999999997,13
InSe_In66Ga2Se64S5_c0234c9e-deab-4422-9d82-2aa1fca28b45,high_InSe,7.0,7.0,14.0,50.072030610000006,0.5593000000000004,13
InSe_In65Ga5Se65S4_8c0deeab-1891-4f44-91b6-8ad8d7d9bae2,high_InSe,5.0,9.0,14.0,33.54197632000002,0.7724000000000011,13
InSe_In64Ga5Se66S1_8a3cbece-b0b5-4a3a-b4ad-162cc0fedaec,high_InSe,8.0,6.0,14.0,62.42840078,0.6109500000000008,13
InSe_In64Ga4Se66S3_f9fe1181-4524-451a-913e-a95786b7a088,high_InSe,7.0,7.0,14.0,50.45811897000002,0.2551999999999985,13
InSe_In64Ga4Se66S4_e8c4394b-f30a-4cc9-92e6-0d3015adedff,high_InSe,6.0,8.0,14.0,41.63857444,0.1980000000000004,13
InSe_In66Ga3Se64S5_a2c14d8f-1ade-4db3-a288-11dd5bff763f,high_InSe,6.0,8.0,14.0,41.23671923999998,0.7773000000000003,13
InSe_In64Ga4Se66S3_7841cb93-06aa-4fc7-a5fb-bbcd24fc9ea8,high_InSe,7.0,7.0,14.0,48.6399529,0.3248999999999995,13
InSe_In63Ga5Se67S3_fb289d1e-0769-46ac-a9d2-48d76400ea36,high_InSe,6.0,8.0,14.0,39.60501262000004,0.9396999999999984,13
InSe_In67Ga2Se63S4_b77ea9b7-c3a2-4ed6-85aa-464ac866fdcc,high_InSe,8.0,6.0,14.0,61.88958128,0.6609500000000015,13
InSe_In65Ga3Se65S4_afbe26ff-1595-4b56-a3d3-0e7d0017fbf7,high_InSe,7.0,7.0,14.0,50.700875460000034,0.7417999999999978,13
InSe_In68Ga2Se62S5_710b9b12-1888-4b51-aa0b-43a3b5911146,high_InSe,7.0,7.0,14.0,53.58283649000003,0.6763999999999992,13
InSe_In62Ga5Se68S2_751a48b9-82cc-4d2a-8fc4-9523ddc76681,high_InSe,7.0,7.0,14.0,50.94300247000001,0.6824999999999992,13
InSe_In64Ga5Se66S1_850b2f2f-e534-433c-b913-c4aa735de8c5,high_InSe,8.0,6.0,14.0,63.40285145000001,0.5592500000000005,13
InSe_In65Ga4Se65S5_d1226ebc-c5cb-43a8-afba-7707fe6ef153,high_InSe,5.0,9.0,14.0,33.67430010999999,0.8811000000000018,13
InSe_In67Ga2Se63S5_86eb4ba0-bf67-404b-90e1-269564bb7954,high_InSe,7.0,7.0,14.0,50.39707872000002,0.6882000000000019,13
InSe_In65Ga5Se65S3_5b9fe9e4-c1b2-4d15-bd10-2263c2453cb9,high_InSe,6.0,8.0,14.0,45.49931499000002,0.7295999999999978,13
InSe_In64Ga4Se66S1_0f11a2f7-05ed-4bf6-adfe-cbad320c2988,high_InSe,9.0,5.0,14.0,69.98136882000001,0.3607999999999993,13
InSe_In65Ga5Se65S3_ffdd09f6-59db-4bd0-9e33-1ddf769c1fa8,high_InSe,6.0,8.0,14.0,45.04259894000001,0.2859999999999996,13
InSe_In67Ga4Se63S5_509e815f-9930-478a-abff-d40798471d04,high_InSe,5.0,9.0,14.0,35.85074810000003,0.8674999999999997,13
InSe_In67Ga2Se63S4_852d2a4d-18d9-4a04-92f8-ed88623179a1,high_InSe,8.0,6.0,14.0,59.88591031000003,0.8236000000000008,13
InSe_In64Ga4Se66S4_8fdd442c-f83b-4eff-858b-7c7fb4567500,high_InSe,6.0,8.0,14.0,39.95352732000002,0.2425499999999978,13
InSe_In66Ga2Se64S5_d151eda4-28bd-465a-98d6-43eada611fc6,high_InSe,7.0,7.0,14.0,50.47715365999999,0.595699999999999,13
InSe_In65Ga4Se65S3_252b5a42-e9cc-4fe0-b78e-032469649795,high_InSe,7.0,7.0,14.0,53.95091664999999,0.8603500000000004,13
InSe_In62Ga5Se68S2_5445decf-de60-472c-bb3f-92b8890904e9,high_InSe,7.0,7.0,14.0,49.81984010000002,0.6546499999999984,13
InSe_In67Ga3Se63S4_8e22acaf-e1a7-40f4-b61f-6bcf0173f615,high_InSe,7.0,7.0,14.0,52.07025566,0.8711000000000002,13
InSe_In64Ga3Se66S4_5670481e-4c2f-4fa4-907a-a47c3655eb88,high_InSe,7.0,7.0,14.0,49.89536692000003,0.4734499999999997,13
InSe_In62Ga5Se68S4_05438f4c-f7a4-4760-a0b0-9f483c6d35d8,high_InSe,5.0,9.0,14.0,32.36151400000002,0.9333999999999988,13
InSe_In65Ga5Se65S4_31dd89ca-1a90-4dda-8f87-2d3cc7886c21,high_InSe,5.0,9.0,14.0,35.16146572999999,0.9522500000000012,13
InSe_In63Ga5Se67S2_04cd308d-2fd0-43ab-ac05-2a332fbd25e4,high_InSe,7.0,7.0,14.0,52.29491845000001,0.5798000000000005,13
InSe_In64Ga3Se66S3_46673e29-8bb8-4530-bde2-64ab9ec6273d,high_InSe,8.0,6.0,14.0,58.29831652000002,0.9060499999999988,13
InSe_In65Ga4Se65S2_23d562d1-b99f-4f12-b350-37fbd7f15d7c,high_InSe,8.0,6.0,14.0,63.76278201,0.4374500000000019,13
InSe_In67Ga3Se63S4_e61ea3a3-ce10-4769-b6ae-1955bbdc94c1,high_InSe,7.0,7.0,14.0,54.63970543000001,0.3767000000000013,13
InSe_In65Ga2Se65S4_fc161b35-3b6d-4ee8-a5a5-f2981c16377b,high_InSe,8.0,6.0,14.0,57.184841460000015,0.7683499999999981,13
InSe_In65Ga2Se65S4_3e3d1a5c-faea-4e69-a7d0-15efa30426e0,high_InSe,8.0,6.0,14.0,56.55862840000002,0.8290499999999987,13
InSe_In64Ga4Se66S4_fbcd2899-c01e-4319-a1a5-8796733c6b73,high_InSe,6.0,8.0,14.0,41.68466596,0.8530499999999996,13
InSe_In66Ga4Se64S5_17fb9621-7b10-481f-a79c-2e199f6d2135,high_InSe,5.0,9.0,14.0,33.418551079999986,0.6574000000000009,13
InSe_In68Ga4Se62S5_d244fe8a-83a6-48d1-8323-398bae38ea18,high_InSe,5.0,9.0,14.0,36.969525790000034,0.1463999999999998,13
InSe_In66Ga5Se64S3_529559ff-083e-467e-b99e-9aab821cda3c,high_InSe,6.0,8.0,14.0,47.13024539999999,0.4886499999999998,13
InSe_In66Ga2Se64S3_4489003b-a683-417a-ab64-ab4c9141b5e5,high_InSe,9.0,5.0,14.0,71.60383139000001,0.2815999999999992,13
InSe_In63Ga5Se67S2_4cbeb3db-1806-481e-9993-a3d721880b12,high_InSe,7.0,7.0,14.0,51.27175067000002,0.6507999999999985,13
InSe_In64Ga3Se66S1_115a5707-d954-445b-84ec-b45046fa797a,high_InSe,10.0,4.0,14.0,79.17784672000003,0.6417000000000002,13
InSe_In63Ga4Se67S2_86fd90f3-5544-4ab4-ab26-e32013599b62,high_InSe,8.0,6.0,14.0,60.43387821000002,0.8544000000000018,13
InSe_In65Ga5Se65S2_5e93bf4d-e685-4ed3-8f31-1bd3c6100229,high_InSe,7.0,7.0,14.0,55.36435710000001,0.6638000000000002,13
InSe_In66Ga2Se64S4_6794e206-acca-4aa2-866f-6e48e10fad62,high_InSe,8.0,6.0,14.0,59.81982982000004,0.2261500000000005,13
InSe_In62Ga5Se68S1_53673aaa-dc46-4f8b-90f3-5a448792ba12,high_InSe,8.0,6.0,14.0,60.24311953,0.7219500000000014,13
InSe_In63Ga5Se67S3_4d314199-8c16-4a40-91c6-93f6eb6c1fa2,high_InSe,6.0,8.0,14.0,43.83238231000003,0.5526499999999999,13
InSe_In66Ga4Se64S3_d8aedc69-caa8-4788-abfc-82924e1688a1,high_InSe,7.0,7.0,14.0,53.94902033000003,0.6036000000000001,13
InSe_In64Ga5Se66S3_b1154d18-f8cb-4c58-aac5-258f401aa84a,high_InSe,6.0,8.0,14.0,41.72421081,0.5640999999999998,13
InSe_In66Ga4Se64S3_23a03d17-079f-4136-b437-1e007c53aa9a,high_InSe,7.0,7.0,14.0,54.71333675999998,0.5886000000000013,13
InSe_In62Ga5Se68S2_b5fc035f-6bf9-493c-a57d-224ea50b75d6,high_InSe,7.0,7.0,14.0,49.96648381,0.9206000000000004,13
InSe_In65Ga3Se65S3_e483b52f-99a1-4101-adbd-baa88d87d58b,high_InSe,8.0,6.0,14.0,58.09232925999999,0.3868999999999989,13
InSe_In64Ga4Se66S1_30a42e1e-b98e-4551-87a9-20911041bbbc,high_InSe,9.0,5.0,14.0,69.47890401000002,0.7715999999999994,13
InSe_In66Ga4Se64S5_801e469e-4d03-4d4c-aa42-2a6ec1d328a2,high_InSe,5.0,9.0,14.0,34.31583916,0.7946000000000026,13
InSe_In65Ga3Se65S5_dd30e190-6d02-4062-8a6a-aa80d52bbdae,high_InSe,6.0,8.0,14.0,37.56880763000001,0.8662500000000009,13
InSe_In67Ga1Se63S5_42a1070b-8cb7-47eb-9946-d6f261af2703,high_InSe,8.0,6.0,14.0,59.20313989000001,0.402000000000001,13
InSe_In67Ga2Se63S5_e273423f-e4dd-4769-bedf-c5c8354240f3,high_InSe,7.0,7.0,14.0,51.95725681999999,0.5564,13
InSe_In65Ga5Se65S5_424faf99-aa4a-4a99-b8c5-80d2698f98ad,high_InSe,4.0,10.0,14.0,25.08399755000002,0.5619000000000014,13
InSe_In63Ga4Se67S3_f59d1b8e-a9bb-4503-b0c1-7fd0b4d15516,high_InSe,7.0,7.0,14.0,45.96676827000002,0.8321499999999986,13
InSe_In66Ga3Se64S5_f6748386-64cf-412c-80c5-852bfb3157b7,high_InSe,6.0,8.0,14.0,42.423864590000015,0.5225999999999988,13
InSe_In64Ga4Se66S3_89932aab-b4e5-415e-9371-babc6f7c382e,high_InSe,7.0,7.0,14.0,49.42913774000002,0.4054000000000002,13
InSe_In66Ga1Se64S3_16324746-354e-40a2-8894-23c380fdb651,high_InSe,10.0,4.0,14.0,76.09492976000001,0.4903499999999994,13
InSe_In65Ga3Se65S3_18671e36-afc0-453b-9cb7-a9ebcb23f96f,high_InSe,8.0,6.0,14.0,59.03161217000002,0.1350999999999977,13
InSe_In62Ga5Se68S4_fe1004df-1e78-4556-8b51-850e2a0539f0,high_InSe,5.0,9.0,14.0,29.86942223000002,0.8902000000000001,13
InSe_In64Ga4Se66S5_92861269-35f1-4eaf-8078-efc62a383ba4,high_InSe,5.0,9.0,14.0,29.142056739999987,0.8757000000000001,13
InSe_In65Ga4Se65S5_b51b0338-d1a6-492f-88a1-9c94e545e7ee,high_InSe,5.0,9.0,14.0,33.011980230000006,0.7092500000000008,13
InSe_In63Ga5Se67S2_21299dbd-77e6-4591-b65c-9989729a6645,high_InSe,7.0,7.0,14.0,51.78885716000002,0.928700000000001,13
InSe_In66Ga2Se64S3_92f48488-f241-4669-b545-b508bdfa54f3,high_InSe,9.0,5.0,14.0,68.71145397000001,0.6722999999999999,13
InSe_In65Ga2Se65S4_79038a1b-e53c-4a4b-8c4c-54147cddc361,high_InSe,8.0,6.0,14.0,60.04916746000002,0.5287999999999986,13
InSe_In64Ga5Se66S4_b483d4f6-4bae-427a-b4db-ba430c451d2c,high_InSe,5.0,9.0,14.0,32.52069695000002,1.0119499999999988,13
InSe_In65Ga5Se65S4_41706af5-aa58-4069-99d8-6c2416d58282,high_InSe,5.0,9.0,14.0,35.20175472000001,0.5189000000000021,13
InSe_In68Se62S5_0fa353ce-67da-46f4-95ab-660fa4a9e860,high_InSe,9.0,5.0,14.0,69.80585628,0.7356500000000015,13
InSe_In63Ga4Se67S4_ef1c582d-0a3c-4b02-8605-5930868b6629,high_InSe,6.0,8.0,14.0,40.80926399000002,0.4036999999999988,13
InSe_In63Ga5Se67S3_76b40deb-4654-43ef-bf22-03d1a8ef4e27,high_InSe,6.0,8.0,14.0,42.20842567000001,0.8937500000000007,13
InSe_In63Ga4Se67S3_b03cc762-b8c6-43f0-baed-6a4287b60b24,high_InSe,7.0,7.0,14.0,49.49896665999999,0.8852499999999992,13
InSe_In68Ga2Se62S5_01cc7e46-69e9-4d77-9f5f-c2d607809b4d,high_InSe,7.0,7.0,14.0,52.87969130999999,0.3289000000000008,13
InSe_In65Ga4Se65S5_a1689187-4d29-4186-8b19-074667752364,high_InSe,5.0,9.0,14.0,33.527581320000024,0.6089999999999982,13
InSe_In64Ga3Se66S4_969ca911-2349-4f3c-9861-e7f7af7aabe0,high_InSe,7.0,7.0,14.0,48.82170157000003,0.6152499999999979,13
InSe_In64Ga4Se62S5_685bd5af-8fc0-47c0-8ca4-1024c3dd24d0,high_InSe,9.0,9.0,18.0,65.48471204000002,0.1877999999999993,14
InSe_In64Ga4Se62S5_4f81dc4a-7757-4430-8a1f-4a1d405b6dcb,high_InSe,9.0,9.0,18.0,66.8408276,0.6056000000000008,14
InSe_In62Ga5Se64S4_3fe30eb9-de72-4dee-bd0f-49f10f2b9c0a,high_InSe,9.0,9.0,18.0,66.87900112,0.2583500000000001,14
InSe_In62Ga5Se64S4_bf23c6f5-60ea-4c4c-a757-f88f62318c71,high_InSe,9.0,9.0,18.0,65.80065366000002,0.70505,14
InSe_In64Ga5Se62S5_f19d93b9-5e6f-4958-81ae-8f636965583d,high_InSe,8.0,10.0,18.0,58.85449992999999,0.5485000000000007,14
InSe_In63Ga4Se63S4_6eecb3a1-d486-49ee-af98-e8155993cf30,high_InSe,10.0,8.0,18.0,74.54461168999998,0.5830500000000001,14
InSe_In62Ga5Se64S5_988de023-c3a2-4cd7-b314-27956c70774c,high_InSe,8.0,10.0,18.0,56.228576690000025,0.8100499999999986,14
InSe_In62Ga5Se64S4_0eed9b90-5232-4f48-ba34-8eee9b9de19c,high_InSe,9.0,9.0,18.0,64.74676805000001,0.7485999999999997,14
InSe_In62Ga5Se64S3_f9cc61c1-e5ac-4352-afb9-6ae5b969bb2e,high_InSe,10.0,8.0,18.0,72.57077730000003,0.6309000000000005,14
InSe_In62Ga5Se64S5_2dcd972f-b4e0-453f-a42d-2d96adad409c,high_InSe,8.0,10.0,18.0,56.05944547000003,0.6457499999999996,14
InSe_In64Ga4Se62S5_8c8356cd-02f4-4e3b-9935-724efd462803,high_InSe,9.0,9.0,18.0,65.61965445000003,0.7821000000000016,14
InSe_In62Ga5Se64S3_dcc7d426-38f7-4f4d-ad1f-7ea213f2f119,high_InSe,10.0,8.0,18.0,74.94874902000004,0.0992999999999995,14
InSe_In64Ga5Se62S5_ec01030f-0544-45ad-9fdf-9dcd2497baa4,high_InSe,8.0,10.0,18.0,57.14825693000002,0.3549499999999987,14
InSe_In64Ga3Se62S5_a9297e38-910f-4854-9b45-2787904529ec,high_InSe,10.0,8.0,18.0,73.62653333999998,0.7191499999999991,14
InSe_In64Ga3Se62S5_3f4c9b76-2233-4a12-89dd-1424d6d0d98e,high_InSe,10.0,8.0,18.0,74.93311320999999,0.2062500000000007,14
InSe_In63Ga5Se63S4_b72faac6-1356-4f8c-bdf6-2c35c1278f54,high_InSe,9.0,9.0,18.0,66.68541194,0.1189999999999997,14
InSe_In63Ga5Se63S5_0076ea67-91a5-4122-b7f1-d5a13d21cab2,high_InSe,8.0,10.0,18.0,57.54016294000003,0.629999999999999,14
InSe_In62Ga5Se64S3_c732369a-2db3-4c99-acf3-3be592d63534,high_InSe,10.0,8.0,18.0,75.53181421,0.6127500000000001,14
InSe_In63Ga4Se63S4_eb186b41-a33c-448a-81e0-0475537b7a3e,high_InSe,10.0,8.0,18.0,74.00609256999999,0.7002499999999987,14
InSe_In62Ga5Se64S3_615993da-ff7f-4af2-8c39-932f83656c33,high_InSe,10.0,8.0,18.0,74.52499685999999,0.5381,14
InSe_In62Ga5Se64S5_3109106b-b949-4107-a98e-2b5a59e66c72,high_InSe,8.0,10.0,18.0,56.12310437999999,0.6974,14
InSe_In62Ga5Se64S3_2ef61a70-811d-4166-8bbb-360b1f57350f,high_InSe,10.0,8.0,18.0,74.9120158,0.6187000000000005,14
InSe_In62Ga5Se64S4_970bec89-02cd-486e-a9a8-b9da4ae04d12,high_InSe,9.0,9.0,18.0,64.51143816000001,0.5369499999999992,14
InSe_In62Ga5Se64S4_e7a9a1bb-9b50-41ec-8179-95d89ba20f47,high_InSe,9.0,9.0,18.0,65.42037181,0.3169499999999985,14
InSe_In64Ga4Se62S5_224353b2-689d-40a5-a6a4-f12d1e6ea2a3,high_InSe,9.0,9.0,18.0,66.03958916000003,0.2870000000000008,14
InSe_In64Ga5Se62S5_2e0a214a-1191-4c5f-97ac-73444828bd26,high_InSe,8.0,10.0,18.0,59.70828225000004,0.6651000000000007,14
InSe_In64Ga4Se62S5_67b26b97-528f-42ac-99fe-67239d872c88,high_InSe,9.0,9.0,18.0,66.76435518999999,0.4292000000000016,14
InSe_In64Ga5Se62S5_99cb522d-4c34-4a15-9581-b70ab2e5fa03,high_InSe,8.0,10.0,18.0,58.84900849000003,0.3536000000000001,14
InSe_In62Ga5Se64S3_007c149f-af1e-4dc5-9094-4c8c25bdfe84,high_InSe,10.0,8.0,18.0,74.57242976000003,0.7359999999999989,14
InSe_In62Ga5Se64S3_a1cf265b-2cc6-4e58-a42a-87d4c5a8f5a9,high_InSe,10.0,8.0,18.0,73.33197799000004,0.7703999999999986,14
InSe_In63Ga5Se63S5_3bd11984-4f16-4aea-ae51-7026bbb8a5bb,high_InSe,8.0,10.0,18.0,56.64939299999999,0.5700499999999984,14
InSe_In64Ga5Se62S5_de5b663d-fa9d-4382-89e4-3d664a379d85,high_InSe,8.0,10.0,18.0,58.18089522999999,0.8534000000000006,14
InSe_In63Ga5Se63S4_f7080790-7128-4482-a9ed-65a635382272,high_InSe,9.0,9.0,18.0,68.32146936999999,0.6270999999999987,14
InSe_In63Ga5Se63S5_89b14066-4d79-44f9-a7e1-fe9c799a7091,high_InSe,8.0,10.0,18.0,56.10785931,0.7099999999999991,14
InSe_In62Ga5Se64S4_4afb5936-37e3-450e-aad6-3a0b12ed1ab3,high_InSe,9.0,9.0,18.0,66.03336883000003,0.8634000000000022,14
InSe_In64Ga5Se62S5_69ae98ce-5c51-4636-9fc2-7a8fe10dd0f5,high_InSe,8.0,10.0,18.0,56.76074475000003,0.180699999999998,14
InSe_In64Ga3Se62S5_fdcbdc71-311c-418e-aea8-f3db55bdb9e6,high_InSe,10.0,8.0,18.0,73.07753128000002,0.5099999999999998,14
InSe_In62Ga5Se64S5_416ca3b8-64f0-4307-8737-88371bcc4888,high_InSe,8.0,10.0,18.0,55.52917265999999,0.7861000000000011,14
InSe_In64Ga4Se62S5_8ff8a92f-3fbd-4194-84b8-917974f2964f,high_InSe,9.0,9.0,18.0,65.61696535000003,0.8071000000000002,14
InSe_In62Ga5Se64S5_02829d87-e8a2-45d1-a3df-8f9d298b894f,high_InSe,8.0,10.0,18.0,55.62085513000001,0.4774999999999991,14
InSe_In64Ga3Se62S5_99749162-51ec-4c75-b302-3416d97d2370,high_InSe,10.0,8.0,18.0,71.55794479999997,0.6047000000000011,14
InSe_In63Ga5Se63S5_cf400b1c-b504-4035-86d3-b516221626ea,high_InSe,8.0,10.0,18.0,56.746335900000034,0.5695999999999994,14
InSe_In62Ga5Se64S4_6cb774c0-e747-461a-a4d5-cb62a12a059b,high_InSe,9.0,9.0,18.0,64.27002641000001,0.1797499999999985,14
InSe_In62Ga5Se64S3_de15438c-2edd-462c-9354-d3813f28b877,high_InSe,10.0,8.0,18.0,73.16196830000001,0.2913499999999995,14
InSe_In63Ga5Se63S4_228819fa-ec2e-42dc-88ad-bcd36e5bbaed,high_InSe,9.0,9.0,18.0,68.61965028999998,0.5740999999999996,14
InSe_In62Ga5Se64S4_cfb11f45-a685-4e4f-bab3-9b3d78a31408,high_InSe,9.0,9.0,18.0,65.98753878000002,0.684350000000002,14
InSe_In63Ga5Se63S4_1653f6fc-cdec-46d5-8dd3-3bbb8be23a35,high_InSe,9.0,9.0,18.0,66.62248997,0.757200000000001,14
InSe_In64Ga4Se62S5_1fb18fdd-9e20-482a-8ed0-8a25f92a6f02,high_InSe,9.0,9.0,18.0,67.39334883000002,0.6800000000000015,14
InSe_In63Ga4Se63S5_b4b874fb-18a5-402c-a6ca-1c581b4d75d4,high_InSe,9.0,9.0,18.0,66.37237173999999,0.686399999999999,14
InSe_In64Ga3Se62S5_cb39afff-753d-4850-a101-08f3bb298d80,high_InSe,10.0,8.0,18.0,72.80577811,0.7132000000000005,14
InSe_In64Ga4Se62S5_8c912a9f-faa1-41fb-b7ec-ed283a46ee37,high_InSe,9.0,9.0,18.0,66.58900977,0.6831500000000013,14
InSe_In63Ga4Se63S4_70a02090-d988-419c-a8b1-9202f808ec66,high_InSe,10.0,8.0,18.0,74.55261729999998,0.7323999999999984,14
InSe_In64Ga3Se62S5_0be4084a-6a5e-4725-bf1a-b3640955ed69,high_InSe,10.0,8.0,18.0,71.22659413999997,0.8371499999999994,14
InSe_In62Ga5Se64S4_655dec5e-1520-4b63-a000-0c77512f2363,high_InSe,9.0,9.0,18.0,61.72854692999999,0.6144500000000015,14
InSe_In64Ga4Se62S5_ef35c044-1cf0-4038-9dd6-9ce8861bd9d2,high_InSe,9.0,9.0,18.0,66.76734053,0.275800000000002,14
InSe_In63Ga4Se63S5_fcb0718b-6125-4e3f-a922-a2a9f518af67,high_InSe,9.0,9.0,18.0,65.02554883999998,0.7778999999999989,14
InSe_In62Ga5Se64S4_3123d6b4-0827-4aca-95d2-1327c062ca0b,high_InSe,9.0,9.0,18.0,65.59992577999998,0.597999999999999,14
InSe_In64Ga4Se62S5_109bedd8-c5ce-4996-8a40-0a2526670743,high_InSe,9.0,9.0,18.0,66.03726175000001,0.2554999999999996,14
InSe_In64Ga5Se62S5_78e9a445-4671-4d60-bc1d-3609e237983b,high_InSe,8.0,10.0,18.0,58.51412162999999,0.7310999999999996,14
InSe_In62Ga5Se64S5_2872d917-8996-494f-9c90-bb9656dadbf7,high_InSe,8.0,10.0,18.0,54.445393030000005,0.7336500000000008,14
InSe_In62Ga5Se64S4_d358dd0a-be09-4806-902a-8ce8c9c18ac4,high_InSe,9.0,9.0,18.0,64.79036883999999,0.830449999999999,14
InSe_In62Ga5Se64S3_dc59d81b-852d-44ac-9c2e-9818508aec88,high_InSe,10.0,8.0,18.0,74.10997651000002,0.3618000000000005,14
InSe_In62Ga5Se64S3_50425ea1-fdf3-4f89-a23e-621a95ecc271,high_InSe,10.0,8.0,18.0,75.37392117000002,0.6600499999999982,14
InSe_In62Ga5Se64S4_bc1c5613-7171-499b-8c0e-d9c6ddbd2b54,high_InSe,9.0,9.0,18.0,63.82863103,0.6211500000000001,14
InSe_In62Ga5Se64S4_c12118b8-ec1e-4173-8d92-aa5cf95dbd3d,high_InSe,9.0,9.0,18.0,62.82437334000002,0.5147499999999994,14
InSe_In63Ga5Se63S5_a60fdafe-778f-4b28-96d9-3abf9f60e69c,high_InSe,8.0,10.0,18.0,58.28979741000002,0.375,14
InSe_In63Ga4Se63S4_a343d5c7-e799-440f-98fa-24117e098029,high_InSe,10.0,8.0,18.0,70.19418925,0.7226499999999998,14
InSe_In62Ga5Se64S4_f898f054-88d9-4bd2-a7dc-cfc6496538f9,high_InSe,9.0,9.0,18.0,65.43166996000002,0.7368999999999986,14
InSe_In62Ga5Se64S5_b5870070-e12b-44a7-9c3e-8de429bb2e4f,high_InSe,8.0,10.0,18.0,54.70300572999999,0.3501999999999992,14
InSe_In62Ga5Se64S3_9d87698b-5945-448b-8f96-f3a4c6cc0b98,high_InSe,10.0,8.0,18.0,75.46738214000004,0.3232499999999998,14
InSe_In64Ga4Se62S5_e6a44f7e-0666-4289-ae4a-993afbbf96d4,high_InSe,9.0,9.0,18.0,66.29358133000004,0.6103000000000005,14
InSe_In64Ga3Se62S5_bc64e1c1-4267-466a-b92e-9afd8ee50910,high_InSe,10.0,8.0,18.0,72.06365593999999,0.3810500000000019,14
InSe_In63Ga4Se63S4_3d6df098-5a72-4a4c-adde-d80c917089ac,high_InSe,10.0,8.0,18.0,74.39552999999998,0.7357999999999976,14
InSe_In63Ga4Se63S5_02d38bc8-5773-4572-bd00-fa6c53ea2300,high_InSe,9.0,9.0,18.0,63.60364933000004,0.8966999999999992,14
InSe_In63Ga4Se63S4_1975a14f-eb30-4101-85aa-98cde520b5d9,high_InSe,10.0,8.0,18.0,73.94055814999999,0.1849500000000006,14
InSe_In64Ga4Se62S5_65bb6d71-8a6a-47e5-9cd7-3eef41b2cb79,high_InSe,9.0,9.0,18.0,65.31193233000003,0.5582000000000011,14
InSe_In64Ga4Se62S5_5ed1db52-e0ab-4a30-878b-3455078acfcf,high_InSe,9.0,9.0,18.0,62.591519960000014,0.6971499999999988,14
InSe_In63Ga5Se63S4_2051c834-a252-4949-857d-ee9d2a147018,high_InSe,9.0,9.0,18.0,67.68317576999999,0.6495000000000015,14
InSe_In62Ga5Se64S4_795a292b-1bde-4897-b974-483e61769d49,high_InSe,9.0,9.0,18.0,67.68754559000001,0.595600000000001,14
InSe_In64Ga4Se62S5_231d4a19-9429-45bc-addd-aecd4f66be57,high_InSe,9.0,9.0,18.0,66.98744595999999,0.2260000000000008,14
InSe_In62Ga5Se64S4_96b1c1bc-494c-48e5-90f2-c040524b7aef,high_InSe,9.0,9.0,18.0,64.52527846999999,0.4661999999999988,14
InSe_In62Ga5Se64S4_0a03ea32-e8cd-4998-94b8-8d987124f810,high_InSe,9.0,9.0,18.0,63.77240834999998,0.7140000000000022,14
InSe_In62Ga5Se64S5_fdcb4243-d202-4dce-be84-daee9e157ca0,high_InSe,8.0,10.0,18.0,56.20610063,0.4835000000000011,14
InSe_In62Ga5Se64S3_0155218c-a739-42ce-ab09-487267978a96,high_InSe,10.0,8.0,18.0,76.01431276,0.2119999999999997,14
InSe_In62Ga5Se64S3_15341003-1e5c-439a-b575-8d1ff038d8ca,high_InSe,10.0,8.0,18.0,75.85844565000002,0.7398500000000006,14
InSe_In64Ga5Se62S5_8b7fb5fb-1f5d-499d-a9ed-80d4b61b51ed,high_InSe,8.0,10.0,18.0,57.41577078000002,0.1295000000000001,14
InSe_In62Ga5Se64S3_8dc938c3-c4dc-40f5-86af-964f74ca25f8,high_InSe,10.0,8.0,18.0,73.12474338000004,0.3573500000000003,14
InSe_In64Ga5Se62S5_3d70f902-3b9a-4771-ac29-a14c5f365294,high_InSe,8.0,10.0,18.0,59.27233152999999,0.4405999999999999,14
InSe_In63Ga5Se63S4_94e37dc9-a297-488d-8565-9f7811562146,high_InSe,9.0,9.0,18.0,67.66315996000003,0.6308000000000007,14
InSe_In62Ga5Se64S5_a45c52d2-6c6f-4a27-92a1-9106f02d4b0f,high_InSe,8.0,10.0,18.0,56.50063482000003,0.502399999999998,14
InSe_In64Ga4Se62S5_908cc377-9006-4459-82c1-8e1a414e9385,high_InSe,9.0,9.0,18.0,66.70943776,0.6092999999999993,14
InSe_In63Ga5Se63S5_f5ad43de-de0f-4715-8657-6b36087f3816,high_InSe,8.0,10.0,18.0,56.31979291,0.6547000000000001,14
InSe_In64Ga3Se62S5_ffcd0f1e-0b6e-4f5c-abd4-ef1ad87c0361,high_InSe,10.0,8.0,18.0,74.17384354000001,0.5147499999999994,14
InSe_In62Ga5Se64S4_a1285682-a1f8-44c3-8b35-301133595e3d,high_InSe,9.0,9.0,18.0,64.46383245999999,0.7043499999999998,14
InSe_In62Ga5Se64S3_a4e84a7d-a5bc-481c-a75d-e3e0b5f8c9a5,high_InSe,10.0,8.0,18.0,75.06680790000001,0.7027000000000001,14
InSe_In64Ga5Se62S5_65e6b150-de8c-4fa1-96c6-811aaa349b5d,high_InSe,8.0,10.0,18.0,58.99084217000002,0.4550999999999998,14
InSe_In63Ga4Se63S5_7de74530-b8e1-42a2-92b4-8bea8599b630,high_InSe,9.0,9.0,18.0,62.09005995,0.934000000000001,14
InSe_In63Ga5Se63S4_40b24e27-94e9-4c57-a106-492a654b3953,high_InSe,9.0,9.0,18.0,67.62742562,0.2352000000000007,14
InSe_In64Ga5Se62S5_ba422f23-79a3-468f-8dce-7c7fcea5c859,high_InSe,8.0,10.0,18.0,59.46647053,0.3015000000000007,14
InSe_In62Ga5Se64S3_40e0861e-b334-436d-b15c-7ebfb8c60fa5,high_InSe,10.0,8.0,18.0,73.35646546999999,0.4364500000000006,14
GaSe_In1Ga71Se70S1_1e596925-b8eb-4f25-bf99-c17ced2367b5,high_GaSe,1.0,2.0,3.0,8.99413071999999,1.2924000000000009,15
GaSe_Ga71Se70_4b6fd04f-ae51-4538-9eed-320e45367da3,high_GaSe,3.0,0.0,3.0,28.034887029999897,1.069700000000001,15
GaSe_Ga71Se70S1_087e33fc-ba29-429d-bcd2-cd37a30f341d,high_GaSe,2.0,1.0,3.0,17.066567549999974,1.1352499999999992,15
GaSe_In1Ga70Se71S1_bde28bf1-e040-496b-80b9-18511b63d7d6,high_GaSe,1.0,2.0,3.0,8.544042519999955,1.5847500000000014,15
GaSe_Ga71Se70S1_eed53980-4b0b-419e-a87c-a495e64df4f1,high_GaSe,2.0,1.0,3.0,17.197665689999923,1.3133,15
GaSe_In1Ga71Se70_1a7d1202-962a-4938-b22b-627581c1f450,high_GaSe,2.0,1.0,3.0,19.978914279999906,1.254099999999999,15
GaSe_In1Ga70Se71S1_191a717f-e6e5-410f-8b58-bd6a610881fc,high_GaSe,1.0,2.0,3.0,8.550327639999985,1.568500000000002,15
GaSe_In1Ga70Se71S1_de69b77c-6872-4811-a64e-9150686c7e2a,high_GaSe,1.0,2.0,3.0,8.546826529999983,1.5665499999999994,15
GaSe_Ga71Se70S1_a781386f-d22b-4efe-9a6a-73591d9ca2df,high_GaSe,2.0,1.0,3.0,17.223439839999998,1.2589000000000006,15
GaSe_Ga71Se70S1_f71fb5c7-915c-437c-bd04-b46180e04740,high_GaSe,2.0,1.0,3.0,17.077084829999905,1.1361999999999988,15
GaSe_Ga72Se69S1_90b1b09f-acf0-46e6-8173-a2e71c884054,high_GaSe,2.0,1.0,3.0,17.76424134999999,1.2683999999999995,15
GaSe_Ga72Se69S2_50eaa5cb-d532-42c5-ba4b-7abc4230e6e7,high_GaSe,1.0,2.0,3.0,6.833900389999974,1.313399999999998,15
GaSe_In1Ga71Se70S2_e486dae7-3e98-484c-b411-f683a7f3d5b3,high_GaSe,0.0,3.0,3.0,-1.8949713800000023,1.7935000000000016,15
GaSe_Ga70Se71S1_0c898e1c-d523-49be-a129-b60c4e48b36d,high_GaSe,2.0,1.0,3.0,16.729627799999978,1.5877499999999998,15
GaSe_Ga71Se70S1_b1198923-3111-406a-8851-1d7a4e08e315,high_GaSe,2.0,1.0,3.0,17.157646659999983,1.2017000000000009,15
GaSe_In1Ga71Se70S1_6da2f8de-0172-41dd-a2bd-9cfe4d1d1971,high_GaSe,1.0,2.0,3.0,9.019326699999912,1.343600000000002,15
GaSe_Ga70Se71S1_cead36a4-febc-49da-8daa-49042d9451ba,high_GaSe,2.0,1.0,3.0,16.774839459999928,1.4555500000000006,15
GaSe_Ga71Se70S1_e13c7f7f-360c-4845-8630-343721c9f7ef,high_GaSe,2.0,1.0,3.0,16.97032023,1.101799999999999,15
GaSe_In2Ga70Se71S1_5f31a7bc-4c39-491a-89bc-9238b4fe2393,high_GaSe,0.0,3.0,3.0,0.3361312799999423,1.805699999999998,15
GaSe_Ga72Se69S1_5d17189b-29a8-4635-9df8-bafc96fd475b,high_GaSe,2.0,1.0,3.0,17.74535841999997,1.126900000000001,15
GaSe_In1Ga69Se72_93ba4321-f833-46a2-be25-7ad4c8782200,high_GaSe,2.0,1.0,3.0,17.631343779999952,1.6007999999999996,15
GaSe_In1Ga71Se70S2_e3240276-3efe-4d46-a7a7-c334604ae1b2,high_GaSe,0.0,3.0,3.0,-1.895305650000056,1.7932000000000006,15
GaSe_Ga70Se71S1_2c3e8e3b-15a7-4761-bb2b-439bd371b6a7,high_GaSe,2.0,1.0,3.0,16.659676999999963,1.601300000000002,15
GaSe_Ga71Se70S1_613bd30a-3bc0-468f-a8e0-127719bf7f34,high_GaSe,2.0,1.0,3.0,15.99659682999996,0.2739499999999992,15
GaSe_Ga72Se69S3_f0cf0804-3a2c-487a-985a-ef56f058f42e,high_GaSe,0.0,3.0,3.0,-4.103205260000108,1.7788499999999985,15
GaSe_In1Ga70Se71_e7bceb3c-47b3-4481-90d0-686d6b882051,high_GaSe,2.0,1.0,3.0,19.431787319999952,1.3019500000000015,15
GaSe_In2Ga70Se71_459017a4-b539-4554-9a20-07bed16b658d,high_GaSe,1.0,2.0,3.0,11.20003357999994,1.3456999999999972,15
GaSe_In1Ga70Se71_bd8925a8-19d2-43c4-a626-3f5c241ec8c4,high_GaSe,2.0,1.0,3.0,19.166087699999988,1.1919499999999985,15
GaSe_Ga71Se70_12572439-8e59-4dba-bdf1-ab0c5981ae5e,high_GaSe,3.0,0.0,3.0,28.05883432999993,1.2292500000000004,15
GaSe_In2Ga70Se71_fc71485d-c788-4cd5-9661-df2ec459fb0e,high_GaSe,1.0,2.0,3.0,11.26348313999992,1.352500000000001,15
GaSe_Ga71Se70_3b76d088-d156-4fc4-9571-37153ccdd836,high_GaSe,3.0,0.0,3.0,27.931243679999927,0.8638500000000011,15
GaSe_In1Ga70Se71_ec1f22bd-f33a-4b16-bbaa-80f0470c223d,high_GaSe,2.0,1.0,3.0,19.253633999999973,0.7079000000000004,15
GaSe_In1Ga71Se70S2_e6159726-88d6-4696-96e1-172ece92ce32,high_GaSe,0.0,3.0,3.0,-1.8920859500000105,1.7946000000000009,15
GaSe_Ga71Se70S2_afdff492-b7dd-4d83-b21b-310f907f0dc0,high_GaSe,1.0,2.0,3.0,6.309797389999952,1.605749999999999,15
GaSe_Ga72Se69S1_4628353f-97ba-4896-90fe-e74c6c8a2d29,high_GaSe,2.0,1.0,3.0,17.858104559999983,0.9642,15
GaSe_In1Ga70Se71_e7dfea5e-6aa8-4c39-8600-d6966e9f35d5,high_GaSe,2.0,1.0,3.0,19.460374889999965,1.2533999999999992,15
GaSe_Ga70Se71S1_0fdc7e98-fb60-463b-b226-7595037323a9,high_GaSe,2.0,1.0,3.0,16.730810649999942,1.5781499999999973,15
GaSe_In1Ga70Se71S1_42fa6ae2-54d0-466b-976d-f26dd79aad9e,high_GaSe,1.0,2.0,3.0,8.5490079,1.599700000000002,15
GaSe_In1Ga71Se70S2_6a0e2fb1-86d3-4d2d-af4b-3a21a984266d,high_GaSe,0.0,3.0,3.0,-1.8910814200000785,1.7929500000000012,15
GaSe_Ga71Se70S1_3fd1e81c-088d-4559-84d1-88b396c12907,high_GaSe,2.0,1.0,3.0,17.19141749999997,1.24615,15
GaSe_In2Ga69Se72_23cf3fc8-afa9-4b7a-be8e-b006081a9dab,high_GaSe,1.0,2.0,3.0,9.800293719999932,1.5686999999999998,15
GaSe_In1Ga70Se71S1_04794abd-3d3a-4200-b03c-705b77231eaa,high_GaSe,1.0,2.0,3.0,8.535588609999998,1.5505500000000012,15
GaSe_Ga71Se70S1_0e8a9526-8e8e-418b-9927-6d3325277614,high_GaSe,2.0,1.0,3.0,17.193284579999982,1.2625499999999992,15
GaSe_In2Ga69Se72_e0a6284a-292d-47ae-9fb3-ea92db485ed6,high_GaSe,1.0,2.0,3.0,10.734731389999896,1.6416999999999984,15
GaSe_In1Ga71Se70_e8014865-1fd9-4522-87a4-dddde5e47df6,high_GaSe,2.0,1.0,3.0,20.039911369999903,0.9627999999999995,15
GaSe_In2Ga70Se71_d2f70be8-9a2c-4640-8599-47fe28d141fc,high_GaSe,1.0,2.0,3.0,11.237710939999914,1.3308,15
GaSe_In1Ga70Se71_0dc1ed7d-f0bc-4231-bcb9-8fed55579c7f,high_GaSe,2.0,1.0,3.0,19.075141779999907,1.1839499999999994,15
GaSe_Ga72Se69S2_0e4e2860-1f69-4b3a-bfc9-cf6875d145f8,high_GaSe,1.0,2.0,3.0,6.867796359999978,1.2338999999999984,15
GaSe_In1Ga70Se71_46359f60-9461-48b2-9a2e-4b756daf39b0,high_GaSe,2.0,1.0,3.0,19.30539362999997,1.143150000000002,15
GaSe_Ga70Se71S1_f5ad058f-7375-45b2-a581-03ae5ea13fdc,high_GaSe,2.0,1.0,3.0,16.67893120999995,1.470200000000002,15
GaSe_In2Ga70Se71S1_d8d0e2fa-d5e7-44c5-b15d-3bd89e41c16c,high_GaSe,0.0,3.0,3.0,0.3344001299999872,1.8054000000000008,15
GaSe_Ga71Se70S1_9dd80dc9-5358-401f-9e8c-ec7e87b34f8e,high_GaSe,2.0,1.0,3.0,17.182214359999904,1.2434999999999974,15
GaSe_In1Ga70Se71_9fb9bf0c-d665-4620-a5e3-4c85d9761064,high_GaSe,2.0,1.0,3.0,18.208778889999905,0.2941500000000019,15
GaSe_In1Ga71Se70S2_59cfcb05-961a-4b79-b3ae-2dc6b4fcc8bd,high_GaSe,0.0,3.0,3.0,-1.8989318700000568,1.7942,15
GaSe_Ga71Se70S1_8da6e97a-5d74-4bd0-a9cf-687137ae161c,high_GaSe,2.0,1.0,3.0,16.88762854999996,1.065199999999999,15
GaSe_Ga70Se71_13cb1a0f-e682-489f-8b10-0f1014816ff2,high_GaSe,3.0,0.0,3.0,27.25874364999995,0.7499499999999983,15
GaSe_In1Ga71Se70S2_0571ca10-ecea-40b1-ad5b-caf5320b131e,high_GaSe,0.0,3.0,3.0,-1.887508690000105,1.7931999999999988,15
GaSe_Ga72Se69S1_ed8c5c53-ce11-48e2-b65f-45d84bafd4f3,high_GaSe,2.0,1.0,3.0,17.801135979999994,1.2119999999999995,15
GaSe_In1Ga71Se70S1_39dc6cb2-6432-4335-b726-e94a22eccf32,high_GaSe,1.0,2.0,3.0,9.04266134999995,1.334999999999999,15
GaSe_In1Ga71Se70S2_fca621a1-4e6b-4082-ab41-a1594e47842f,high_GaSe,0.0,3.0,3.0,-1.8893512100000731,1.793800000000001,15
GaSe_In1Ga71Se70S1_9a7933dc-52f2-410b-9599-8482919306d7,high_GaSe,1.0,2.0,3.0,9.050034609999958,1.3495999999999988,15
GaSe_Ga71Se70S1_db8af393-fa05-4425-82e3-580030a33976,high_GaSe,2.0,1.0,3.0,16.898489499999897,1.0054999999999978,15
GaSe_Ga70Se71_afd3df2b-55f0-4fde-8131-e0fe652f897f,high_GaSe,3.0,0.0,3.0,27.132448769999904,0.5780000000000012,15
GaSe_In2Ga70Se71_34ea0361-fc6c-42e8-8639-36e4f9365d65,high_GaSe,1.0,2.0,3.0,10.888680259999973,1.239899999999999,15
GaSe_In2Ga69Se72_7d3d29a2-68ff-45a7-ac69-1f550624d384,high_GaSe,1.0,2.0,3.0,10.76927431999994,1.56175,15
GaSe_Ga71Se70_04d5736a-a5df-45a0-bda6-bcc2fb5552ed,high_GaSe,3.0,0.0,3.0,28.10498154999989,1.2297999999999991,15
GaSe_In1Ga70Se71S1_767bc621-755c-4eef-ac72-187559b2a24f,high_GaSe,1.0,2.0,3.0,8.526166769999925,1.614250000000002,15
GaSe_Ga70Se71S1_3d7bf9a8-ef42-4a9b-b8a1-fea539462661,high_GaSe,2.0,1.0,3.0,16.73727534999998,1.5354500000000009,15
GaSe_Ga71Se70_353f05c2-87e3-4fb4-884f-661b112ba41a,high_GaSe,3.0,0.0,3.0,26.920348789999892,0.304199999999998,15
GaSe_Ga71Se70S1_7ceb5b6f-e021-4e40-83ed-0c1b96837279,high_GaSe,2.0,1.0,3.0,17.180232359999906,1.227699999999999,15
GaSe_In1Ga71Se70S2_ebf1f377-ac6d-48b0-b019-4274c8981731,high_GaSe,0.0,3.0,3.0,-1.8786446400000485,1.7932000000000006,15
GaSe_In1Ga71Se70S2_3aa4f0a2-472b-4d4a-934f-cc2f2a6100be,high_GaSe,0.0,3.0,3.0,-1.8865818700000871,1.7929999999999993,15
GaSe_In2Ga69Se72_7ad7921e-5815-4d70-8160-b0141d71fc70,high_GaSe,1.0,2.0,3.0,10.765698929999903,1.603749999999998,15
GaSe_In1Ga70Se71_6a039a54-375c-4c61-861a-cd7f3ce637c3,high_GaSe,2.0,1.0,3.0,18.353177229999968,1.1800999999999997,15
GaSe_Ga71Se70S2_fe172daa-25a8-484a-bb76-6a5e0e355087,high_GaSe,1.0,2.0,3.0,6.32251979999999,1.5863499999999997,15
GaSe_In1Ga70Se71_74203e27-a3f3-4cf9-9e7d-55081fd2bcef,high_GaSe,2.0,1.0,3.0,18.20535165999996,1.076850000000002,15
GaSe_Ga70Se71S1_d00dedb3-a07e-467a-9c3f-c3e629422b83,high_GaSe,2.0,1.0,3.0,16.74256679999994,1.5623999999999985,15
GaSe_In1Ga71Se70_6922de9a-99aa-44ab-aeb0-963641c4fc6d,high_GaSe,2.0,1.0,3.0,19.600927019999965,1.1326,15
GaSe_Ga70Se71S1_5384ad5e-970e-4733-a36d-2627b6fc46a0,high_GaSe,2.0,1.0,3.0,16.662600059999907,1.5950500000000003,15
GaSe_Ga71Se70_dfe31d52-5165-4781-a1cb-89ef1f9efa96,high_GaSe,3.0,0.0,3.0,27.95958789999993,1.1143500000000015,15
GaSe_Ga71Se70_4dc9d5b8-4370-4dd3-8619-2ec5276443fc,high_GaSe,3.0,0.0,3.0,27.81745928999995,0.6606000000000023,15
GaSe_Ga71Se70S2_efb8e0f4-a74b-4ae5-bf3e-40944e07622f,high_GaSe,1.0,2.0,3.0,6.325864859999891,1.5696000000000012,15
GaSe_In1Ga71Se70S1_1581d463-b44d-4693-8eb2-3d276752f32b,high_GaSe,1.0,2.0,3.0,9.029266079999903,1.3542000000000003,15
GaSe_In2Ga69Se72_b52e343a-f24a-4859-8a93-0ddfd22d60cc,high_GaSe,1.0,2.0,3.0,10.785243069999895,1.5957000000000008,15
GaSe_In2Ga70Se71S1_ff910b63-d4e5-4dc4-9667-1699277b7f94,high_GaSe,0.0,3.0,3.0,0.3256161099999799,1.8073999999999997,15
GaSe_In2Ga69Se72_9569548a-6fab-45ca-a6d6-6da3ae61c436,high_GaSe,1.0,2.0,3.0,10.769532589999958,1.589900000000002,15
GaSe_Ga71Se70S1_e6f490c8-049b-4d61-91f8-5fbe78402585,high_GaSe,2.0,1.0,3.0,17.21178718999991,1.28045,15
GaSe_Ga71Se70_6438cba7-31da-4aff-87c1-fd847e6017b5,high_GaSe,3.0,0.0,3.0,27.88365073999997,0.8443500000000004,15
GaSe_In2Ga70Se71_f28f4d13-14b0-4c97-b585-90a13270821b,high_GaSe,1.0,2.0,3.0,11.21792893999995,1.305299999999999,15
GaSe_In3Ga69Se72_49131dd4-1dda-40f3-9f1d-1ff36dae0a5d,high_GaSe,0.0,3.0,3.0,2.5724853399999077,1.818,15
GaSe_Ga71Se70_94b94c08-f799-4b36-91a0-0001bc9297ba,high_GaSe,3.0,0.0,3.0,28.1283379399999,1.0511499999999998,15
GaSe_In3Ga69Se72_02b840e8-8989-4a2e-8b09-9d31dbc549d9,high_GaSe,0.0,3.0,3.0,2.550292409999947,1.8185,15
GaSe_In1Ga71Se70S2_db4daf0f-95cb-4119-91d0-15704e283a97,high_GaSe,0.0,3.0,3.0,-1.8918890700000344,1.7927000000000015,15
GaSe_In1Ga71Se70S2_ccc31a8a-871d-4284-bc3e-7bcfc61ba861,high_GaSe,0.0,3.0,3.0,-1.8914769000000304,1.79265,15
GaSe_Ga71Se70_8b208ddd-a961-45b8-b834-edce2a21cb3c,high_GaSe,3.0,0.0,3.0,27.91393812999998,0.8447000000000013,15
GaSe_In1Ga70Se71S1_9f18beea-2af7-4f7a-b514-adbc01cf82c3,high_GaSe,1.0,2.0,3.0,8.554284319999972,1.5656500000000015,15
GaSe_In1Ga69Se72_63bd0108-f380-4aac-aa3e-65044b3e1c8a,high_GaSe,2.0,1.0,3.0,18.96247656999992,1.530899999999999,15
GaSe_Ga70Se71S1_bc90213f-21c5-4009-bc0f-3fc916ce8d41,high_GaSe,2.0,1.0,3.0,16.673276859999962,1.5981500000000004,15
GaSe_In1Ga71Se70S2_05a56761-0bc1-4f07-8023-46da28631806,high_GaSe,0.0,3.0,3.0,-1.8900844700000208,1.7943000000000016,15
GaSe_In1Ga70Se71_689b5a8e-91ff-4992-8710-cf3a803b9204,high_GaSe,2.0,1.0,3.0,19.410357179999945,1.30035,15
GaSe_In1Ga68Se69S3_79bdb729-09ca-4656-b8cb-96d5c835459e,high_GaSe,3.0,4.0,7.0,23.7456983499999,1.5798500000000004,16
GaSe_In2Ga67Se70_58f78706-4eb9-4c6b-aa1b-9bc4357dad74,high_GaSe,5.0,2.0,7.0,46.18502864999996,0.761099999999999,16
GaSe_Ga69Se68S1_7de7a339-1a5c-4d00-ad40-456154ed4cc9,high_GaSe,6.0,1.0,7.0,53.06275688999996,0.663199999999998,16
GaSe_In2Ga69Se68S2_2bef690e-df93-4ad2-9b46-6b6d1753b2d6,high_GaSe,3.0,4.0,7.0,26.751004019999904,0.6580499999999994,16
GaSe_In1Ga69Se68_00c2de78-374f-4208-887c-e2599804454b,high_GaSe,6.0,1.0,7.0,54.5414224499999,0.9512999999999998,16
GaSe_In1Ga69Se68S2_1f074b89-d9eb-4a6f-b9ea-b42a18894523,high_GaSe,4.0,3.0,7.0,33.730526669999904,1.1099999999999994,16
GaSe_In1Ga69Se68S3_97c7aa98-03cb-46eb-930e-3ef597b0e435,high_GaSe,3.0,4.0,7.0,23.84706847999992,0.6206999999999994,16
GaSe_In1Ga68Se69S1_c9ff715d-05eb-4b8b-8e58-23659b634e73,high_GaSe,5.0,2.0,7.0,44.31163664999996,0.687850000000001,16
GaSe_In3Ga67Se70S1_57b74cd3-87a7-4b59-9bf8-71ab266a9fdc,high_GaSe,3.0,4.0,7.0,28.39016937999998,0.5836000000000006,16
GaSe_In1Ga67Se70S1_795d8d5e-b9bc-48bc-a8d9-8d2a0a44869d,high_GaSe,5.0,2.0,7.0,40.41331071999997,1.041500000000001,16
GaSe_In2Ga70Se67S3_e67da7be-bd2d-4d98-8125-29ac4cba2c8a,high_GaSe,2.0,5.0,7.0,16.339643869999957,1.1333000000000002,16
GaSe_Ga69Se68S1_c92ac0d0-76f5-4615-87fb-9aa26ae335b3,high_GaSe,6.0,1.0,7.0,53.223210479999935,0.4144000000000005,16
GaSe_In2Ga69Se68S1_128d3686-bc48-42b5-a2f6-c9841cf0a5ac,high_GaSe,4.0,3.0,7.0,37.69587814999996,0.7847000000000008,16
GaSe_In1Ga69Se68S3_8c7f85e9-2881-4100-a212-e9811f2afd67,high_GaSe,3.0,4.0,7.0,23.86699985999992,0.7048500000000004,16
GaSe_In1Ga68Se69S3_88567729-adcd-455d-b228-1889b8733c3e,high_GaSe,3.0,4.0,7.0,23.87491348999994,1.4858000000000011,16
GaSe_In1Ga68Se69_0d36d613-e930-4646-89e2-4dc76e6f0e8d,high_GaSe,6.0,1.0,7.0,52.64145350999995,1.0909499999999994,16
GaSe_In3Ga66Se71S1_88383477-3c34-47fe-8da5-6f09fc229023,high_GaSe,3.0,4.0,7.0,26.67167036999997,0.964599999999999,16
GaSe_In2Ga68Se69S3_bd9429d5-338e-4a13-a371-a5d6053a4e0d,high_GaSe,2.0,5.0,7.0,15.689753269999915,1.5500000000000007,16
GaSe_In2Ga68Se69S2_b9a7f0fd-d237-4caf-951f-20d3df992619,high_GaSe,3.0,4.0,7.0,26.3254012599999,0.7010499999999986,16
GaSe_In2Ga69Se68S3_e1faa114-833b-40db-b08d-e8a37a529a95,high_GaSe,2.0,5.0,7.0,16.153353949999982,1.1778499999999994,16
GaSe_In5Ga66Se71_4571eec9-1e5c-4879-a25c-857335494703,high_GaSe,2.0,5.0,7.0,22.678805099999927,1.2891500000000011,16
GaSe_In3Ga67Se70S1_77279cff-89f2-4010-b9a4-cdcd97a09241,high_GaSe,3.0,4.0,7.0,27.545640439999943,0.7691000000000017,16
GaSe_In3Ga68Se69S2_dd844ccd-6ebf-44b7-ae22-94ab2c928d1c,high_GaSe,2.0,5.0,7.0,18.269480979999923,1.2806499999999996,16
GaSe_In1Ga68Se69S1_b798bbf0-6758-462c-a3c9-fbc40e06a2da,high_GaSe,5.0,2.0,7.0,44.49975427999993,0.5760000000000023,16
GaSe_In4Ga67Se70S2_78f4eced-db44-4839-899b-5b1632a81e8e,high_GaSe,1.0,6.0,7.0,9.760819349999895,1.6330999999999989,16
GaSe_Ga71Se66S2_6afa6d34-687e-495f-a086-4fbbee25bdeb,high_GaSe,5.0,2.0,7.0,44.28286620999992,0.5706500000000005,16
GaSe_In2Ga67Se70S1_52cc2487-33e9-4b59-a8b6-a1846f67b659,high_GaSe,4.0,3.0,7.0,35.76486429999997,0.5984499999999997,16
GaSe_Ga68Se69S1_1f7a2437-165a-4e9a-abba-13fc30c4b830,high_GaSe,6.0,1.0,7.0,51.39321456999991,0.7873000000000019,16
GaSe_In3Ga68Se69S1_761e6df8-c392-4040-9092-8cfa8bee065d,high_GaSe,3.0,4.0,7.0,28.75821914999989,0.9189000000000008,16
GaSe_In2Ga67Se70S2_2b6f4d61-b3d6-49ea-a9bc-8777353f266c,high_GaSe,3.0,4.0,7.0,25.137866129999946,1.4424499999999991,16
GaSe_In2Ga68Se69S1_6fa0f5d1-ad26-4245-9ab1-c7c4f6a4a0a4,high_GaSe,4.0,3.0,7.0,36.35069368999999,1.116950000000001,16
GaSe_Ga70Se67S1_f167ed7e-fa8d-48f3-88c0-ca00364d583b,high_GaSe,6.0,1.0,7.0,52.279162779999936,0.3240999999999978,16
GaSe_In4Ga68Se69S2_96a6ba13-03bf-42b1-b60e-2987e7723a72,high_GaSe,1.0,6.0,7.0,10.203383489999894,1.296800000000001,16
GaSe_Ga68Se69S2_57ab61d7-cb76-4a13-83c0-3e75379b7cf2,high_GaSe,5.0,2.0,7.0,39.01294952999993,1.336500000000001,16
GaSe_In3Ga69Se68S1_70cf79a4-9e18-470a-9240-38bdd62111af,high_GaSe,3.0,4.0,7.0,29.718012939999998,0.8061000000000007,16
GaSe_In3Ga67Se70S2_5828b03e-6802-4caa-8c01-b1553b54eeef,high_GaSe,2.0,5.0,7.0,17.91954472999994,1.5312,16
GaSe_In1Ga70Se67S2_a31005dc-d8b3-4fae-adc9-faebd914de8f,high_GaSe,4.0,3.0,7.0,35.43298123999995,0.8870499999999986,16
GaSe_In1Ga69Se68S1_9d1545a7-e605-4354-8be1-9ea6afeb3f48,high_GaSe,5.0,2.0,7.0,45.14319514999993,0.1151000000000017,16
GaSe_In1Ga69Se68S3_6e74afcd-ddf1-49d0-8a4b-85fbfa203c5b,high_GaSe,3.0,4.0,7.0,22.470499679999943,0.9617000000000004,16
GaSe_In3Ga68Se69S1_b6b7a765-84e2-4e57-b453-5d87cd827272,high_GaSe,3.0,4.0,7.0,28.924399509999887,1.0429999999999993,16
GaSe_In1Ga68Se69_3f1a28c6-6861-419c-8b92-e29da9f79332,high_GaSe,6.0,1.0,7.0,54.10463274999999,0.8522500000000015,16
GaSe_Ga70Se67S2_ce6a4025-e471-4872-b266-836a63dbea9b,high_GaSe,5.0,2.0,7.0,41.47738941999992,0.5966999999999985,16
GaSe_In1Ga69Se68S2_1c46b91d-f949-4a85-ae31-029c6d38f35e,high_GaSe,4.0,3.0,7.0,33.08952344999989,0.8830999999999989,16
GaSe_Ga70Se67S1_afb476dd-54c2-42e4-b6a8-ad044d475307,high_GaSe,6.0,1.0,7.0,53.68011637999992,0.6247000000000007,16
GaSe_In3Ga67Se70S2_02e7a1f2-a44a-4051-b262-b1d0ceecaaf6,high_GaSe,2.0,5.0,7.0,17.870319079999902,1.5391500000000011,16
GaSe_In2Ga68Se69S3_226e8012-60b5-4a73-a51b-d07dee25e217,high_GaSe,2.0,5.0,7.0,14.669394639999997,1.43515,16
GaSe_In4Ga66Se71_43c27c0e-450f-4d09-91ba-58c625e44dd8,high_GaSe,3.0,4.0,7.0,30.570476289999903,0.7530000000000001,16
GaSe_Ga72Se65S3_40f69020-de76-4ed3-b207-84125ebf0606,high_GaSe,4.0,3.0,7.0,34.32674086999995,1.052399999999999,16
GaSe_In1Ga69Se68S2_3f51304e-d9b5-4e09-9651-af263c33c3c8,high_GaSe,4.0,3.0,7.0,34.38618669999994,0.5897000000000006,16
GaSe_In2Ga67Se70S1_a02360e5-0c06-4c7a-aeba-0ad0bef6dbbc,high_GaSe,4.0,3.0,7.0,34.295969639999925,1.0175500000000015,16
GaSe_In2Ga68Se69S1_1b416cb0-708d-48a2-85f2-8c959987dd7a,high_GaSe,4.0,3.0,7.0,36.4670673599999,0.5612999999999992,16
GaSe_In1Ga69Se68S2_d4a22391-4d02-4cc5-adc3-d07c5683f058,high_GaSe,4.0,3.0,7.0,34.014820889999896,0.6051000000000002,16
GaSe_In3Ga68Se69S1_8b769eaf-040e-4f21-97f1-e0989be757f6,high_GaSe,3.0,4.0,7.0,29.18865029999989,1.15475,16
GaSe_In3Ga69Se68S3_4621f5a9-5ed8-46c9-8f07-0fae5e76c280,high_GaSe,1.0,6.0,7.0,8.066539579999944,1.2947000000000006,16
GaSe_In3Ga67Se70_65ed17e9-c11f-451b-9cfd-018afdfd76a3,high_GaSe,4.0,3.0,7.0,38.5725826599999,0.7510999999999992,16
GaSe_Ga67Se70S1_da67f55d-fc2e-41a3-91b6-bfd24f169f6f,high_GaSe,6.0,1.0,7.0,50.62767116,0.8003,16
GaSe_In1Ga70Se67S3_2bcfbec2-a1dc-469a-ad51-f54baef87517,high_GaSe,3.0,4.0,7.0,24.447990979999997,0.4561000000000028,16
GaSe_In2Ga69Se68S3_e77605c1-b6e9-4536-9b59-4a90e84563f6,high_GaSe,2.0,5.0,7.0,16.085700839999944,1.2604999999999986,16
GaSe_In3Ga69Se68S2_f4c06d7d-899f-45f1-9eef-0aa6c875d377,high_GaSe,2.0,5.0,7.0,18.97907532999995,1.1890999999999998,16
GaSe_In3Ga66Se71S1_ea2f86b2-76ad-4d42-8390-07ad5d213002,high_GaSe,3.0,4.0,7.0,28.29759530999997,1.5801000000000016,16
GaSe_In1Ga69Se68S4_fb8ba70a-bf75-4121-a580-6e5dfbf0b3e2,high_GaSe,2.0,5.0,7.0,13.450618209999924,1.4495499999999986,16
GaSe_Ga69Se68S4_2d28e7b6-f4f0-4594-9d9e-d41564f6d5cd,high_GaSe,3.0,4.0,7.0,21.78376732999992,1.4627000000000017,16
GaSe_In3Ga68Se69S2_a768fce6-f36b-4bdf-bcb0-469826f0cdc3,high_GaSe,2.0,5.0,7.0,18.32794489999993,1.1871500000000008,16
GaSe_In1Ga69Se68S3_05c1c612-59ce-47a0-9e8b-2980ce7757a3,high_GaSe,3.0,4.0,7.0,23.898600109999915,0.5854999999999997,16
GaSe_In3Ga69Se68S4_eb434fb8-90b8-47f4-8199-d766ebabbb6e,high_GaSe,0.0,7.0,7.0,-2.944945490000038,1.7928999999999995,16
GaSe_In1Ga69Se68S2_054cd8f9-4c1c-44d0-a9c9-53745710cc55,high_GaSe,4.0,3.0,7.0,33.38335411999992,0.6688999999999989,16
GaSe_In3Ga67Se70S1_a4cd6e55-bcac-4d30-b255-3d86d6d070f6,high_GaSe,3.0,4.0,7.0,27.109150379999964,1.1785999999999994,16
GaSe_In2Ga69Se68S3_551d2c01-90ba-46bf-a0b4-6189352aa1f1,high_GaSe,2.0,5.0,7.0,16.111313049999907,1.2867999999999995,16
GaSe_Ga69Se68S2_1c6da754-67cc-4377-994c-f0b63ae9b071,high_GaSe,5.0,2.0,7.0,40.62282101999992,0.8323999999999998,16
GaSe_Ga69Se68S1_1d659021-dd03-4036-b63e-7244c413de09,high_GaSe,6.0,1.0,7.0,50.07648095999993,1.1619499999999992,16
GaSe_In2Ga68Se69S2_153444fd-1bcf-4a46-ae1b-20869e77b953,high_GaSe,3.0,4.0,7.0,24.25456433999998,0.8331999999999997,16
GaSe_In1Ga68Se69_3c0751b5-ec4b-49a5-8e6a-568257660587,high_GaSe,6.0,1.0,7.0,54.55856647,0.931049999999999,16
GaSe_In2Ga69Se68S3_d964f20f-8883-4985-b0bb-0e4ae80bb8e9,high_GaSe,2.0,5.0,7.0,16.150665709999984,1.1583000000000006,16
GaSe_In3Ga67Se70S1_79c2320b-386d-4fc1-b98f-343f3a88f308,high_GaSe,3.0,4.0,7.0,27.91650298999992,0.562599999999998,16
GaSe_In1Ga70Se67S2_488cdfa4-06c2-4f66-8bb8-b0ec241f97f1,high_GaSe,4.0,3.0,7.0,35.53056862999989,0.654399999999999,16
GaSe_In2Ga67Se70S2_1f78bcae-d482-423b-b0ab-eeff1c4e821c,high_GaSe,3.0,4.0,7.0,26.09012918,1.4487500000000004,16
GaSe_In3Ga68Se69S1_416ab8d2-7681-4f22-b445-756bf731424d,high_GaSe,3.0,4.0,7.0,28.09766764,0.1321999999999974,16
GaSe_In3Ga69Se68S2_c94e204f-32af-44eb-a19c-a206520213cc,high_GaSe,2.0,5.0,7.0,18.929796359999905,1.2005000000000017,16
GaSe_In3Ga68Se69S1_79acc26d-f5a0-4ee2-b1df-2ebbcd4d7d21,high_GaSe,3.0,4.0,7.0,28.8287479199999,0.9793500000000002,16
GaSe_Ga71Se66S3_696c9533-abf9-489a-9520-e36a506be8aa,high_GaSe,4.0,3.0,7.0,32.659672609999944,0.876100000000001,16
GaSe_Ga71Se66S2_620c1616-ea08-463c-9db0-fe10b05bafe7,high_GaSe,5.0,2.0,7.0,43.61795919999994,0.5793999999999979,16
GaSe_In2Ga69Se68S3_2bff1efa-3ce2-4b82-b1a2-343f29260e8a,high_GaSe,2.0,5.0,7.0,16.047026169999967,1.072849999999999,16
GaSe_In3Ga67Se70_be7e6bd4-4a4a-4415-8f74-75db3e6b0589,high_GaSe,4.0,3.0,7.0,37.182284789999976,1.1114999999999997,16
GaSe_In3Ga67Se70S2_9e36ae7f-00e9-436b-bf13-8129502e8f95,high_GaSe,2.0,5.0,7.0,17.86420540999991,1.6254000000000008,16
GaSe_In2Ga69Se68S2_7e14b224-4984-4da2-822b-e18b87f8c057,high_GaSe,3.0,4.0,7.0,26.80765920999992,1.0325499999999987,16
GaSe_In2Ga69Se68S3_fd2ccf4f-d2c8-473d-b700-c2167a5602b3,high_GaSe,2.0,5.0,7.0,16.14028287999996,1.102050000000002,16
GaSe_In2Ga68Se69S2_df48a0b3-6a11-4d36-9371-289aa948f061,high_GaSe,3.0,4.0,7.0,26.00449003999993,0.828599999999998,16
GaSe_In3Ga69Se68_85e0bfaf-6f7c-4a92-b25b-845cd9cca4f6,high_GaSe,4.0,3.0,7.0,40.78149468999997,0.9173999999999972,16
GaSe_Ga70Se67S2_32ad0302-c344-46f4-8693-8df2e0ec0795,high_GaSe,5.0,2.0,7.0,41.60229973999994,1.0202999999999989,16
GaSe_In2Ga69Se68S3_6f26814a-6c20-4f44-9775-16c374ef0dce,high_GaSe,2.0,5.0,7.0,16.096557059999995,1.2348,16
GaSe_In5Ga65Se72_1f2137b7-3d1c-4c1d-a40f-40a2c1ddaa3d,high_GaSe,2.0,5.0,7.0,21.356199889999974,1.4750000000000014,16
GaSe_In2Ga69Se68S2_994349bb-4608-4ab9-ba87-8cf360e13114,high_GaSe,3.0,4.0,7.0,26.93365071999998,1.0908500000000014,16
GaSe_In3Ga69Se68S4_d8cfa34f-1143-46c3-9061-901dd3f56eb4,high_GaSe,0.0,7.0,7.0,-2.9469892000001043,1.7858,16
GaSe_In2Ga69Se68S3_dafb629f-124f-45fc-b2bc-f870531d964a,high_GaSe,2.0,5.0,7.0,16.055342049999908,1.2569499999999998,16
GaSe_In1Ga68Se69S1_a837fd88-5a74-4e6e-98f4-5b6417397e5a,high_GaSe,5.0,2.0,7.0,44.92579594999994,0.6499499999999987,16
GaSe_In2Ga65Se72_ebf512e4-3be0-4d76-af95-5850844d70fc,high_GaSe,5.0,2.0,7.0,44.31809818999992,0.9721999999999992,16
GaSe_In3Ga68Se69S2_03235344-7dfa-45da-b8ee-83906b6a5875,high_GaSe,2.0,5.0,7.0,17.385817349999922,1.1689500000000006,16
GaSe_In1Ga69Se68S2_4e246190-8ae9-4502-8be8-1817fdff1052,high_GaSe,4.0,3.0,7.0,34.41818879999994,0.4689999999999976,16
GaSe_In4Ga67Se70S1_46ae426c-db57-4480-b3e7-2c25a488aeca,high_GaSe,2.0,5.0,7.0,20.234247049999944,1.136750000000001,16
GaSe_In2Ga66Se71_1600a2e2-a660-41ca-9dc3-b6eb028fe777,high_GaSe,5.0,2.0,7.0,46.31325337999996,1.1498000000000008,16
GaSe_In1Ga69Se65S4_02249b84-a78c-4687-9e50-fb6fed9c6899,high_GaSe,5.0,5.0,10.0,39.788854059999984,0.9838000000000005,17
GaSe_In1Ga71Se63S5_23bf5367-5c58-49c5-a8b3-56072120d166,high_GaSe,4.0,6.0,10.0,32.498035049999984,0.9317000000000012,17
GaSe_In1Ga68Se66S2_5f5445d7-9afb-4173-86d5-820dbfa72c7f,high_GaSe,7.0,3.0,10.0,60.06551164999993,0.7371999999999979,17
GaSe_In3Ga67Se67S1_d97a7de7-bbe2-4670-87c9-12ff88161c8f,high_GaSe,6.0,4.0,10.0,55.98276338999997,1.0016000000000016,17
GaSe_In4Ga64Se70_c3af868e-bb15-46ce-b431-316709dace93,high_GaSe,6.0,4.0,10.0,54.71295584,0.3800999999999987,17
GaSe_In2Ga66Se68S1_a11259ba-7354-446d-bd75-067674be6956,high_GaSe,7.0,3.0,10.0,60.14682432999989,0.3632000000000026,17
GaSe_In4Ga65Se69S2_bd43dccd-f72f-4fb5-b9e5-d4d8df6659a8,high_GaSe,4.0,6.0,10.0,33.69967364999992,1.290049999999999,17
GaSe_In4Ga67Se67S2_035cdce4-a2c2-4ba9-ab4c-ed2a12bf7c13,high_GaSe,4.0,6.0,10.0,36.45867190999991,0.5142999999999986,17
GaSe_In5Ga66Se68S2_ddc0a024-b5cd-49e8-863e-29ce9b8d29c6,high_GaSe,3.0,7.0,10.0,28.850640109999954,1.142149999999999,17
GaSe_In2Ga66Se68S1_717422f5-8cb7-482d-bd81-b1df84a371e7,high_GaSe,7.0,3.0,10.0,62.73962998999996,0.0763000000000033,17
GaSe_In4Ga64Se70S1_d7f1ce54-523c-4674-b8b7-c70f51c206f2,high_GaSe,5.0,5.0,10.0,45.21780733999992,1.1346499999999988,17
GaSe_In4Ga66Se68S2_3a178704-366d-4ce0-8551-9b27e9fc4ac6,high_GaSe,4.0,6.0,10.0,35.00859736999991,1.2125999999999983,17
GaSe_In3Ga68Se66S5_fe194f55-73d9-4d98-aaf3-e4244a7d4d61,high_GaSe,2.0,8.0,10.0,14.184342109999989,1.3110999999999997,17
GaSe_In5Ga65Se69S1_8edec0d3-9c10-40cf-8acb-bb9ac228c05c,high_GaSe,4.0,6.0,10.0,37.86382738999996,0.9332999999999992,17
GaSe_In1Ga70Se64S5_ae04a5b3-bfd1-4aa0-b7c0-57ee850032e6,high_GaSe,4.0,6.0,10.0,31.04327020999999,1.0587999999999995,17
GaSe_In1Ga70Se64S5_15a4dbb0-f507-4e85-b331-9c40d22a9523,high_GaSe,4.0,6.0,10.0,31.510329529999964,0.9223,17
GaSe_In4Ga68Se66S2_603d7640-2e7a-4f0d-8e40-6ec0c93bd44d,high_GaSe,4.0,6.0,10.0,37.99139212999995,0.6402000000000001,17
GaSe_In1Ga68Se66S4_0d41c812-2081-4ea4-b458-84678479a0ba,high_GaSe,5.0,5.0,10.0,40.70096299999999,0.5793999999999997,17
GaSe_In1Ga69Se65S4_389ec4dc-36a2-4c96-babf-baa115b3ee0e,high_GaSe,5.0,5.0,10.0,41.20828534999991,0.8019499999999979,17
GaSe_In2Ga67Se67S1_ea0fdddd-a28e-41d1-a2f5-1a06132f43e5,high_GaSe,7.0,3.0,10.0,62.5689618,0.8047000000000004,17
GaSe_In2Ga68Se66S4_e3336317-eb16-4da7-8119-06a029b818c7,high_GaSe,4.0,6.0,10.0,32.200203869999896,0.6803999999999988,17
GaSe_In5Ga65Se69S3_6f9a549c-db5c-4d72-b471-907a07cba0b8,high_GaSe,2.0,8.0,10.0,18.228471609999925,1.5951000000000004,17
GaSe_Ga70Se64S4_6666a267-b668-4436-a866-fdd6e395c44f,high_GaSe,6.0,4.0,10.0,49.53513663999996,0.9137000000000022,17
GaSe_In1Ga67Se67S1_8df4e602-6350-4ef9-a139-2d2213ff8d6e,high_GaSe,8.0,2.0,10.0,71.31253128999994,0.5809000000000015,17
GaSe_In2Ga67Se67S2_10d8ddff-9937-4d72-8443-add3e5388c3a,high_GaSe,6.0,4.0,10.0,51.92827241999993,0.689350000000001,17
GaSe_In5Ga66Se68_5223fb1a-ec2e-4c79-9a79-4d768bd0d780,high_GaSe,5.0,5.0,10.0,49.75205499999989,0.5854499999999998,17
GaSe_In3Ga68Se66S2_89602c97-55fb-4749-95e6-3b4629857c03,high_GaSe,5.0,5.0,10.0,46.69150737999999,0.931449999999998,17
GaSe_In4Ga68Se66S5_4921b42e-4619-4dc3-aa08-96ee61874705,high_GaSe,1.0,9.0,10.0,6.1041789299999065,1.3190999999999988,17
GaSe_In4Ga65Se69S2_64511aa8-d266-499f-b484-24eba199f3c7,high_GaSe,4.0,6.0,10.0,35.97684389999996,0.7334500000000013,17
GaSe_In4Ga65Se69S2_40e4a400-0b6a-476e-829d-7f337dd43ffb,high_GaSe,4.0,6.0,10.0,35.97084267999993,1.2902000000000022,17
GaSe_In5Ga64Se70_9e01ea7c-7844-4783-abae-f8c0f572e942,high_GaSe,5.0,5.0,10.0,47.87273135999996,0.8286000000000016,17
GaSe_In3Ga66Se68S4_747f3562-5b1d-4366-bd29-076b7e34b1cd,high_GaSe,3.0,7.0,10.0,23.149176369999903,1.478349999999999,17
GaSe_In1Ga66Se68S2_d467b9a4-7bbd-4c07-a219-7e3a1731bf46,high_GaSe,7.0,3.0,10.0,58.12587240999992,0.8349499999999992,17
GaSe_In5Ga65Se69S2_100f38d8-34a6-4ed0-95b1-b5112e1a81ae,high_GaSe,3.0,7.0,10.0,28.08647374999991,0.6350999999999996,17
GaSe_In3Ga66Se68S2_aa5bfe02-d720-441a-b84f-ec3dfb95d416,high_GaSe,5.0,5.0,10.0,44.81456536,0.6168000000000013,17
GaSe_In3Ga67Se67S4_7e2a44be-e9ba-42d6-8160-272348f220b3,high_GaSe,3.0,7.0,10.0,24.41221805999998,0.6644000000000005,17
GaSe_In3Ga65Se69S2_e19b4160-0612-4519-80c5-2bbde761b03a,high_GaSe,5.0,5.0,10.0,44.55071918999997,0.6947499999999991,17
GaSe_In2Ga66Se68S2_6645a312-03ed-48bb-8282-4db3d0aaea65,high_GaSe,6.0,4.0,10.0,49.904391449999935,0.5882000000000005,17
GaSe_In4Ga65Se69S1_792ebd8c-c387-4943-b718-9867c5352d1e,high_GaSe,5.0,5.0,10.0,46.81137845999996,0.6595000000000013,17
GaSe_In5Ga67Se67_1534c9a7-30a2-46b8-b91b-5aac35fe4ed7,high_GaSe,5.0,5.0,10.0,51.34401482999989,0.9032999999999998,17
GaSe_In4Ga65Se69S1_a70b6427-3953-4a4c-8d39-d9ad1ec24c28,high_GaSe,5.0,5.0,10.0,46.33227584999992,0.671750000000003,17
GaSe_In3Ga68Se66S4_f017077f-b5db-4ed0-a743-09d82e3b4e7a,high_GaSe,3.0,7.0,10.0,24.78987459999989,0.9122000000000005,17
GaSe_In3Ga67Se67S3_e037d00b-71d3-4979-8e54-e9647a17f6f2,high_GaSe,4.0,6.0,10.0,34.02945987999992,1.1449500000000017,17
GaSe_In3Ga64Se70_440aaaed-dec8-456a-aa0b-1e2caa544701,high_GaSe,7.0,3.0,10.0,61.91269493999996,0.7896000000000001,17
GaSe_In2Ga67Se67S3_41a293be-beb8-4da3-9c3a-8dbb37d1f69d,high_GaSe,5.0,5.0,10.0,42.55619881999997,0.4014000000000024,17
GaSe_Ga69Se65S2_67c051f3-9446-465e-9b7b-84c237fa39f6,high_GaSe,8.0,2.0,10.0,68.45165148999995,0.6669,17
GaSe_In4Ga67Se67S2_078190c0-b0d7-409e-bab9-a77596956fa1,high_GaSe,4.0,6.0,10.0,37.533005579999895,0.6053999999999995,17
GaSe_In1Ga68Se66S4_e58d07e6-dd0c-40e9-ba4f-3d861bc9aff4,high_GaSe,5.0,5.0,10.0,38.18589631999997,1.195199999999998,17
GaSe_In5Ga66Se68S1_cbef32f2-0983-4ff2-90e7-0a1da1461ea6,high_GaSe,4.0,6.0,10.0,40.1567065699999,1.0511499999999998,17
GaSe_In2Ga68Se66S1_632f02c5-7a2d-4556-b182-7e19d17ca5c5,high_GaSe,7.0,3.0,10.0,64.35455368999992,0.7065999999999999,17
GaSe_In2Ga68Se66S1_443c47bd-9f5e-4336-a1c5-a9282811f6e0,high_GaSe,7.0,3.0,10.0,63.503976909999935,0.8067999999999991,17
GaSe_In2Ga68Se66S1_046b1c6e-23b2-4541-a460-b446d4cee685,high_GaSe,7.0,3.0,10.0,64.90495216999993,0.2757000000000005,17
GaSe_In3Ga67Se67S3_51cbb7a9-3a21-46f9-8b3b-a4f505ce0d3b,high_GaSe,4.0,6.0,10.0,34.05779604999991,0.4693000000000005,17
GaSe_In2Ga66Se68S3_5d912d2c-b0d5-4961-b268-965bec6d563a,high_GaSe,5.0,5.0,10.0,38.27180743999993,1.3225000000000016,17
GaSe_In5Ga67Se67S3_5c938e01-cdfd-4a53-bb61-ab7061cd015f,high_GaSe,2.0,8.0,10.0,18.894293959999903,1.1526000000000014,17
GaSe_In2Ga70Se64S5_9f484132-ceb5-46bb-8552-1ad66a0baeeb,high_GaSe,3.0,7.0,10.0,23.6192625799999,0.8323999999999998,17
GaSe_In5Ga66Se68S2_89f89a1f-8ada-46e2-93bd-99edbc503114,high_GaSe,3.0,7.0,10.0,29.3420096599999,1.1037,17
GaSe_In3Ga67Se67S3_492f17f9-3514-4cd4-9380-fe97af5106ea,high_GaSe,4.0,6.0,10.0,34.09586157999995,0.6468000000000025,17
GaSe_In1Ga69Se65S4_c7c24005-f781-43af-8647-2145e5f07939,high_GaSe,5.0,5.0,10.0,40.14214580999991,0.7617999999999991,17
GaSe_In2Ga69Se65S3_0627d757-2b24-4e84-a885-9bb5d259b57f,high_GaSe,5.0,5.0,10.0,44.78666505999991,0.9291500000000016,17
GaSe_In2Ga67Se67S1_2974f9af-6b76-44a2-af5c-a10c4b8222ad,high_GaSe,7.0,3.0,10.0,59.75046162,0.8340999999999994,17
GaSe_In2Ga65Se69S2_21bbe5a5-c8c1-499e-b8be-bc4c3653ee73,high_GaSe,6.0,4.0,10.0,49.0543049499999,1.0967000000000002,17
GaSe_In1Ga70Se64S3_9af192cf-831d-4b8f-9cf9-b0543db7e137,high_GaSe,6.0,4.0,10.0,52.43094777999991,0.4661500000000025,17
GaSe_In4Ga66Se68S1_9e268a88-2457-4e4e-b2e8-08ffc0bf3c25,high_GaSe,5.0,5.0,10.0,46.86808400999996,0.6242999999999981,17
GaSe_In4Ga67Se67S3_bb21e77e-1004-4a64-b840-ce203cf4322e,high_GaSe,3.0,7.0,10.0,27.39320914999992,1.137900000000002,17
GaSe_In2Ga69Se65S3_b065c761-ba83-4aae-9ebe-eb3e6cb45a52,high_GaSe,5.0,5.0,10.0,42.01897244999998,0.4577500000000007,17
GaSe_In2Ga67Se67S4_da38ab35-e387-4bb8-ba46-cf9f12dfd9b2,high_GaSe,4.0,6.0,10.0,31.915641109999985,0.8123499999999986,17
GaSe_In4Ga67Se67S2_8a6d904e-fd04-42de-ae72-c423dbb9befe,high_GaSe,4.0,6.0,10.0,37.41497733999995,0.5820000000000007,17
GaSe_In3Ga67Se67S4_3e93a9ff-eabc-40b9-8d65-778e82077d84,high_GaSe,3.0,7.0,10.0,21.373620709999948,1.2383999999999986,17
GaSe_In1Ga68Se66S5_e1c662ca-64b7-499e-b924-212dbf42e1a2,high_GaSe,4.0,6.0,10.0,28.63117400999993,1.167250000000001,17
GaSe_In4Ga67Se67S2_c5c9e3e8-6cd9-43ef-b25b-756d98bb3760,high_GaSe,4.0,6.0,10.0,36.87497337999992,0.3278499999999997,17
GaSe_In1Ga67Se67S2_502a8af3-5e96-4052-b8ed-8bbe1d475124,high_GaSe,7.0,3.0,10.0,58.28741660999994,0.8404000000000007,17
GaSe_In2Ga70Se64S5_8642c460-ff61-494c-923d-a7d9d8853495,high_GaSe,3.0,7.0,10.0,23.532405309999906,0.8419999999999987,17
GaSe_In2Ga69Se65S3_df94c6d4-f01a-40a2-8d5e-01e6b894555e,high_GaSe,5.0,5.0,10.0,43.49161892999996,0.7317,17
GaSe_In2Ga67Se67S2_d46c59ef-a3ab-4f07-a884-499d328d7071,high_GaSe,6.0,4.0,10.0,51.24750624999996,1.064,17
GaSe_In1Ga68Se66S4_5615cb8d-a71c-4680-ac9c-498596321d65,high_GaSe,5.0,5.0,10.0,40.5017508799999,0.8919999999999995,17
GaSe_In2Ga70Se64S3_fab32c4f-3db1-451c-91ff-909d584ff5a1,high_GaSe,5.0,5.0,10.0,44.54409966999998,0.5065000000000008,17
GaSe_In3Ga65Se69S1_0da9a574-0a08-46a5-a147-aef7eafbe3ca,high_GaSe,6.0,4.0,10.0,54.28789627999996,0.7154999999999987,17
GaSe_In2Ga68Se66S2_1cacb613-ed31-441b-aa8f-4bdcab3c32fc,high_GaSe,6.0,4.0,10.0,51.96121904999995,0.7118999999999982,17
GaSe_In2Ga68Se66S3_42c9b44a-5be7-432d-8c37-f1814140c0f0,high_GaSe,5.0,5.0,10.0,41.9337895999999,0.9349999999999988,17
GaSe_In3Ga67Se67S3_5b36eb82-f80f-48e3-9e0d-4807a69e598e,high_GaSe,4.0,6.0,10.0,35.001310439999926,0.6864999999999988,17
GaSe_In3Ga69Se65S2_6a6063ab-e133-4e31-a1c4-52cd83376ef0,high_GaSe,5.0,5.0,10.0,47.44372831999996,0.7639000000000014,17
GaSe_In2Ga67Se67S2_a275dd4c-4853-4a85-a2e6-41e48ff17c20,high_GaSe,6.0,4.0,10.0,52.40123932,1.1110000000000009,17
GaSe_In3Ga68Se66S3_13d427c5-326d-4b85-b083-37966342c905,high_GaSe,4.0,6.0,10.0,35.68907197999997,1.0714000000000006,17
GaSe_In3Ga69Se65S3_55465be7-727b-4cd8-85fa-bc88ed62555d,high_GaSe,4.0,6.0,10.0,36.50978436999996,0.7921999999999993,17
GaSe_In3Ga67Se67S3_2ea24896-e31e-4d89-a2b4-3103ad6be5e1,high_GaSe,4.0,6.0,10.0,33.64766151999997,1.1665500000000009,17
GaSe_In5Ga65Se69S2_57f41c6c-1f4e-417f-be39-2473861f893d,high_GaSe,3.0,7.0,10.0,27.81093436999997,1.2189999999999976,17
GaSe_In1Ga70Se64S5_691d1a6d-c83b-412b-b1c0-f8f13ce14678,high_GaSe,4.0,6.0,10.0,31.000105949999963,1.081900000000001,17
GaSe_In2Ga69Se65S5_2637ea1e-39ad-4e07-9900-0ef8b3d62fc2,high_GaSe,3.0,7.0,10.0,21.905675449999897,0.987949999999998,17
GaSe_In3Ga68Se66S1_191a8515-f5ec-49b0-a791-49b1bdc63dd3,high_GaSe,6.0,4.0,10.0,56.4604378399999,0.6702499999999993,17
GaSe_In1Ga70Se64S3_f33f620f-53bc-4d68-972b-fe338723cbcc,high_GaSe,6.0,4.0,10.0,52.68150813999992,0.3719000000000001,17
GaSe_In2Ga69Se65S4_0326be89-5369-4ab8-b65e-5939f1f31b7d,high_GaSe,4.0,6.0,10.0,33.559361859999925,0.5980000000000025,17
GaSe_In3Ga67Se67S2_c8aedc96-a951-4a3f-a1b9-05caa9fb475a,high_GaSe,5.0,5.0,10.0,43.317683459999984,0.5884,17
GaSe_In3Ga67Se67_92187daa-8172-4dc5-99a8-1081a8802215,high_GaSe,7.0,3.0,10.0,64.32596494999991,1.012299999999998,17
GaSe_In1Ga71Se63S4_4230714f-d7ea-4403-84fb-1f15a26a9c0b,high_GaSe,5.0,5.0,10.0,43.16704079999991,0.8740000000000006,17
GaSe_In3Ga65Se69S1_784f7848-ea31-455b-b20a-6e5aa400526f,high_GaSe,6.0,4.0,10.0,51.04879742999995,1.003849999999998,17
GaSe_In1Ga67Se67S3_59bbef96-894a-4add-9fa4-c33425d4cb36,high_GaSe,6.0,4.0,10.0,44.50507539999998,0.9336999999999982,17
GaSe_In1Ga67Se67S3_ef083a2a-5eed-4c5f-8df2-970dac87a64e,high_GaSe,6.0,4.0,10.0,48.201577379999975,0.2787000000000006,17
GaSe_In3Ga66Se68S2_59b9e204-4da1-4357-8080-363667fd5248,high_GaSe,5.0,5.0,10.0,43.18653971999996,1.0565000000000015,17
GaSe_In2Ga68Se66S2_60daecc1-0eec-45dd-8b0b-60c0544ed484,high_GaSe,6.0,4.0,10.0,53.90047916999992,0.6736000000000004,17
GaSe_Ga68Se62S5_5f809cec-1768-43b7-a12f-c59f96d5f88a,high_GaSe,9.0,5.0,14.0,72.27300203999994,0.7783999999999978,18
GaSe_In4Ga65Se65S5_49d1d452-562a-4d27-9842-8f0b743f0cac,high_GaSe,5.0,9.0,14.0,40.99665222999996,0.9127499999999992,18
GaSe_In3Ga66Se64S5_c2287810-8310-4439-b3fe-5f5b25b2b94d,high_GaSe,6.0,8.0,14.0,47.80031357999995,0.8076500000000024,18
GaSe_In3Ga67Se63S4_75968ea1-8c79-49e9-bcd3-0d4fef9e89a5,high_GaSe,7.0,7.0,14.0,60.5770707099999,0.5838999999999981,18
GaSe_In5Ga63Se67S4_d062045e-3f16-4a09-b588-1a9f37e5c5ff,high_GaSe,5.0,9.0,14.0,42.154978549999946,0.9879000000000016,18
GaSe_In1Ga67Se63S5_0651e0eb-ef22-42d6-ad73-aaacac3c2086,high_GaSe,8.0,6.0,14.0,62.60093582,0.5699000000000005,18
GaSe_In1Ga68Se62S5_69017e8e-e5c4-4c6c-b630-a1f8334b4e99,high_GaSe,8.0,6.0,14.0,63.8920582399999,0.5184999999999995,18
GaSe_In3Ga66Se64S3_24d58c42-4161-43c7-bf8a-d76327259750,high_GaSe,8.0,6.0,14.0,68.63808453999994,0.5049500000000009,18
GaSe_In2Ga68Se62S5_8ddda8db-57f4-48d5-8bc3-a967b488b61e,high_GaSe,7.0,7.0,14.0,59.31594198999989,0.6882000000000001,18
GaSe_In3Ga64Se66S4_e9acb2d2-1466-49be-af4a-50eab440b38b,high_GaSe,7.0,7.0,14.0,56.77745742999996,0.6352499999999992,18
GaSe_In3Ga64Se66S3_08abc01a-8240-4c71-8984-de5b20bb6591,high_GaSe,8.0,6.0,14.0,64.04345697999995,1.1632999999999996,18
GaSe_In3Ga65Se65S5_2ba8b913-a0e2-4e3c-8401-87b274d97d52,high_GaSe,6.0,8.0,14.0,46.84879146999997,1.0820500000000024,18
GaSe_In5Ga64Se66S3_66de82e8-e939-444e-bf9e-fd52e2830e4e,high_GaSe,6.0,8.0,14.0,53.26586666999996,0.8305500000000023,18
GaSe_In3Ga64Se66S3_1afa8894-2ea1-4932-985f-3292ea2ff46e,high_GaSe,8.0,6.0,14.0,67.24287984999992,0.5939499999999995,18
GaSe_In1Ga66Se64S3_3c32016f-95d3-4695-9adf-b78f37af4e90,high_GaSe,10.0,4.0,14.0,83.72908215999992,0.6854500000000012,18
GaSe_In4Ga64Se66S2_e215e250-99bc-4d03-ab98-a69124c26026,high_GaSe,8.0,6.0,14.0,69.77703683999994,0.4727000000000014,18
GaSe_In3Ga66Se64S4_14640869-22b7-4582-bddf-19550fcd73d1,high_GaSe,7.0,7.0,14.0,60.245174289999945,0.7071999999999985,18
GaSe_In4Ga66Se64S3_7a5500e6-46be-41c7-b4a4-247987f44b21,high_GaSe,7.0,7.0,14.0,62.695532439999965,0.7579000000000011,18
GaSe_In2Ga66Se64S4_538e652b-7011-48d1-aa6f-b0e2d67d0b34,high_GaSe,8.0,6.0,14.0,64.96902673,0.3917999999999999,18
GaSe_In3Ga66Se64S5_df480038-f8d1-4437-97f9-43a315e01b5c,high_GaSe,6.0,8.0,14.0,49.29112052999993,0.7250999999999994,18
GaSe_In3Ga65Se65S3_f78ab59c-a2d3-4734-9801-537254aba199,high_GaSe,8.0,6.0,14.0,69.10747463999994,0.3385999999999995,18
GaSe_In4Ga63Se67S3_c775d2a7-5703-48b3-84f5-adf9baac4bc4,high_GaSe,7.0,7.0,14.0,58.27035274999998,0.9995499999999992,18
GaSe_In4Ga64Se66S3_91093985-5b81-448b-b0eb-7f5591315f3d,high_GaSe,7.0,7.0,14.0,60.29029960999993,0.9121000000000024,18
GaSe_In4Ga64Se66S5_1ad11dea-2253-43e8-a202-f5ec239822e8,high_GaSe,5.0,9.0,14.0,39.08338261999998,0.9751499999999992,18
GaSe_In4Ga65Se65S2_8cd9fd23-4ce3-402c-998e-807a0c18798e,high_GaSe,8.0,6.0,14.0,71.51805424999998,0.8004999999999995,18
GaSe_In3Ga66Se64S5_fcd22966-d528-42d3-83a8-e4e0e565f021,high_GaSe,6.0,8.0,14.0,48.34668139999995,0.3449000000000026,18
GaSe_Ga67Se63S5_63ce5e76-983d-4aaf-8d5f-77b57be7c3ba,high_GaSe,9.0,5.0,14.0,69.99130577999995,0.9526500000000002,18
GaSe_In5Ga64Se66S2_e1e76cc4-25aa-4d00-9e6d-3fdd26cfb9b8,high_GaSe,7.0,7.0,14.0,63.471463979999925,0.4723000000000006,18
GaSe_In4Ga66Se64S5_0ca3d911-5e77-424b-b7f4-7f589bdafb13,high_GaSe,5.0,9.0,14.0,41.593730969999925,1.0521999999999991,18
GaSe_In4Ga66Se64S4_f2d3539c-e4b4-4f11-bbbf-d36f33abaf38,high_GaSe,6.0,8.0,14.0,52.200766359999946,0.8261000000000003,18
GaSe_In3Ga64Se66S4_daf28799-90d3-48c7-a7a3-3e72de9d7e0a,high_GaSe,7.0,7.0,14.0,58.93877876999993,0.3841499999999982,18
GaSe_In5Ga63Se67S4_f883b3c6-5251-450e-b19b-e0a252790ca0,high_GaSe,5.0,9.0,14.0,42.427905429999946,0.9552500000000012,18
GaSe_In2Ga65Se65S2_8ac2e0c7-caf2-4728-9ed8-547e55a01bee,high_GaSe,10.0,4.0,14.0,87.31283753999996,0.9008000000000004,18
GaSe_In4Ga65Se65S3_30ca4451-0b98-401b-9292-5e7fae6c5041,high_GaSe,7.0,7.0,14.0,59.67740394999993,0.6220000000000017,18
GaSe_In4Ga63Se67S1_d63cbbe4-0886-45fc-ac09-7648a193031c,high_GaSe,9.0,5.0,14.0,78.99640795999993,0.7678499999999993,18
GaSe_In4Ga65Se65S3_135d05a5-37ad-4c07-9d7a-8d33d166d1bc,high_GaSe,7.0,7.0,14.0,60.63494897999993,0.3705500000000015,18
GaSe_In2Ga66Se64S3_98ed29dc-99e9-4c91-b419-11d85d62d35a,high_GaSe,9.0,5.0,14.0,77.02516975999993,0.6954000000000011,18
GaSe_In2Ga68Se62S5_c4256630-fdc9-4afd-ad38-03da8ed17558,high_GaSe,7.0,7.0,14.0,57.42344255999996,0.7566000000000024,18
GaSe_In2Ga65Se65S2_505b8138-56cf-478e-8f79-2376a6782901,high_GaSe,10.0,4.0,14.0,83.15416393999992,0.570450000000001,18
GaSe_In5Ga64Se66S2_ffed14bc-3c7e-4477-9c51-1406467b282e,high_GaSe,7.0,7.0,14.0,63.23814464999995,0.6906000000000017,18
GaSe_In3Ga67Se63S5_c7ed2abd-a1d9-4c32-bc3c-09d853e32869,high_GaSe,6.0,8.0,14.0,51.36100593999997,0.3490999999999999,18
GaSe_In3Ga67Se63S5_5b43a859-a10b-4cff-be98-b56b9cc0004b,high_GaSe,6.0,8.0,14.0,49.712196359999936,0.7735000000000003,18
GaSe_In3Ga67Se63S4_c98ccbfd-005b-4ee6-98a5-a80e05ab2398,high_GaSe,7.0,7.0,14.0,60.78392016999996,0.8054000000000006,18
GaSe_In3Ga64Se66S3_7df1e830-5b5b-4ca3-b6a3-acd1d6b38004,high_GaSe,8.0,6.0,14.0,66.4706920799999,0.7905499999999996,18
GaSe_In3Ga66Se64S5_99a09462-e9ca-42d9-ac13-69a712ecb90d,high_GaSe,6.0,8.0,14.0,48.70220586999993,0.8081500000000013,18
GaSe_In4Ga66Se64S4_2e32f56f-5608-4197-aa41-f70f9d2aa5a3,high_GaSe,6.0,8.0,14.0,50.456613179999934,0.8714999999999993,18
GaSe_In3Ga65Se65S4_2b3937ae-28f9-4994-8220-4f87a0c6b5e8,high_GaSe,7.0,7.0,14.0,57.80824732999995,0.5801999999999996,18
GaSe_In5Ga65Se65S4_e8bc2d6b-9468-417c-afe0-412f8c3bd7f8,high_GaSe,5.0,9.0,14.0,43.69030057999992,0.8199000000000005,18
GaSe_In1Ga66Se64S5_e4f0f7e5-519e-4c31-9d54-1f7ef11ae04c,high_GaSe,8.0,6.0,14.0,63.72481251999992,0.6508000000000003,18
GaSe_In5Ga62Se68S3_8c1587f2-819f-4463-b2ee-642f0f7f28bc,high_GaSe,6.0,8.0,14.0,49.77009307999997,1.376999999999999,18
GaSe_In4Ga65Se65S4_a5bea4cf-104d-434b-a90a-45840cb2d497,high_GaSe,6.0,8.0,14.0,51.33940149999991,0.8464000000000009,18
GaSe_In5Ga63Se67S3_b1e10e77-faa1-4f3f-8230-cee01505e90c,high_GaSe,6.0,8.0,14.0,52.49456133,0.1908999999999991,18
GaSe_In4Ga64Se66S2_78d2fbe4-32ad-4036-8a56-5ed7dab58fbe,high_GaSe,8.0,6.0,14.0,69.53410218999994,0.5543499999999995,18
GaSe_In3Ga67Se63S4_150f71a0-e363-4391-a510-89e4bc385a9c,high_GaSe,7.0,7.0,14.0,59.01878943999995,0.7543999999999986,18
GaSe_In2Ga67Se63S5_4a7d796f-7a0f-4825-8e8a-4087c11827a0,high_GaSe,7.0,7.0,14.0,55.67066910999996,0.7421000000000006,18
GaSe_In4Ga66Se64S5_871c5470-9011-4354-b431-34263116f96b,high_GaSe,5.0,9.0,14.0,39.13270562999993,0.9693000000000004,18
GaSe_In4Ga63Se67_44483baf-72cf-4d68-9e70-842818e918a2,high_GaSe,10.0,4.0,14.0,88.71469970999996,0.5114000000000001,18
GaSe_In4Ga64Se66S3_b7a39136-0545-463f-9e3a-11a361368c55,high_GaSe,7.0,7.0,14.0,58.91619917999993,0.930500000000002,18
GaSe_In4Ga66Se64S3_ac8ad6b1-5e9a-4ad6-a316-4e65811aad1f,high_GaSe,7.0,7.0,14.0,63.20673422999994,0.1510999999999995,18
GaSe_In1Ga68Se62S5_619bcaa6-3b95-476e-a84d-ee87580f8e33,high_GaSe,8.0,6.0,14.0,64.06580567999995,0.622300000000001,18
GaSe_In5Ga62Se68S2_3b7f123a-abdb-4e24-a918-016429f88158,high_GaSe,7.0,7.0,14.0,60.02949247999991,0.9989499999999988,18
GaSe_In3Ga67Se63S4_6dbd1f4d-9f61-4d9c-93ea-913b499727cd,high_GaSe,7.0,7.0,14.0,59.07864204999996,0.9398,18
GaSe_In2Ga66Se64S5_a479fa45-d596-4834-b6b6-6e9a547497dd,high_GaSe,7.0,7.0,14.0,54.80780510999996,0.8222999999999985,18
GaSe_In5Ga64Se66S2_485117fa-df67-40fc-8410-10f412519510,high_GaSe,7.0,7.0,14.0,64.08735715999998,0.6100999999999992,18
GaSe_In3Ga66Se64S3_b9a0a16e-e65c-4c87-ae2e-e454c393c61b,high_GaSe,8.0,6.0,14.0,70.84273403999995,0.6076499999999996,18
GaSe_In2Ga67Se63S4_4addc86a-bd2a-4d60-ba97-b67a7513051d,high_GaSe,8.0,6.0,14.0,65.62460800999992,0.7069499999999991,18
GaSe_In5Ga65Se65S2_e0f07a14-8de8-45d5-9262-b752468cf276,high_GaSe,7.0,7.0,14.0,64.52981373999992,1.0545000000000009,18
GaSe_In5Ga65Se65S4_814532c1-6f12-4c79-a161-c2f8fa9e553d,high_GaSe,5.0,9.0,14.0,43.8013441399999,0.2713000000000001,18
GaSe_In4Ga63Se67_45303e02-131f-452a-bc70-3c4d2b1bfb25,high_GaSe,10.0,4.0,14.0,88.92099956999996,0.7418000000000013,18
GaSe_In4Ga63Se67S2_f8c5bba0-83ad-4b24-9556-5319d06c569b,high_GaSe,8.0,6.0,14.0,70.19463410999992,0.4919499999999992,18
GaSe_In5Ga64Se66S3_092ace70-d430-4029-9e94-d7ab091dfc1b,high_GaSe,6.0,8.0,14.0,53.03480190999998,0.777000000000001,18
GaSe_In1Ga68Se62S5_257acf0a-1a96-405c-b7b2-2cab607ac6ef,high_GaSe,8.0,6.0,14.0,66.46162198999994,0.7057000000000002,18
GaSe_Ga68Se62S5_30af61ab-ddcf-4b58-ae36-813748a599bc,high_GaSe,9.0,5.0,14.0,72.03924057999996,0.9496000000000002,18
GaSe_In5Ga64Se66S1_b8739265-7959-4b99-86b9-787b8056384d,high_GaSe,8.0,6.0,14.0,74.16930244999995,0.383700000000001,18
GaSe_In5Ga62Se68S2_dc3fac3c-4027-4a54-92f8-f47afd8225e3,high_GaSe,7.0,7.0,14.0,61.26741115999992,0.972649999999998,18
GaSe_In5Ga63Se67S3_25b20c0c-2a11-4118-9371-507f121a39fa,high_GaSe,6.0,8.0,14.0,51.70933239999998,0.5609999999999999,18
GaSe_In1Ga66Se64S3_aed2c7ba-1c1d-4da3-9dd7-bb17b3132164,high_GaSe,10.0,4.0,14.0,83.50857886999997,0.7073,18
GaSe_In5Ga62Se68S3_34307807-fce8-450d-9bc9-487e8342c842,high_GaSe,6.0,8.0,14.0,53.12860116999995,0.6569500000000001,18
GaSe_In5Ga63Se67_12d7a303-c73c-4edd-94ad-caef7f6d72cd,high_GaSe,9.0,5.0,14.0,78.78527612999996,0.8833000000000002,18
GaSe_In2Ga67Se63S4_47a971aa-a132-49b4-8f5d-dbb579c4937b,high_GaSe,8.0,6.0,14.0,66.03008615999994,0.5429999999999993,18
GaSe_In3Ga64Se66S1_2b8bb03f-fea1-47a8-aa01-4ad6fdf6f425,high_GaSe,10.0,4.0,14.0,86.72905447999996,0.8384000000000018,18
GaSe_In4Ga63Se67S3_f43e04c6-427d-450f-91c3-e8afc56675b4,high_GaSe,7.0,7.0,14.0,58.81597281999991,0.6723999999999997,18
GaSe_In5Ga62Se68S3_e59d4c4b-b9ac-4f1d-a542-e09e3e564295,high_GaSe,6.0,8.0,14.0,51.681616379999966,0.883049999999999,18
GaSe_In5Ga64Se66S4_e5ba8fb4-2cc4-4309-828d-46e6ab8fbb6f,high_GaSe,5.0,9.0,14.0,43.5453999,0.5319500000000019,18
GaSe_In2Ga66Se64S4_beea648a-343a-482c-b543-a1c08b2dd953,high_GaSe,8.0,6.0,14.0,65.4972223499999,0.2361000000000004,18
GaSe_In4Ga63Se67S4_0b02f762-1b0f-4f77-95b6-5935963710c9,high_GaSe,6.0,8.0,14.0,48.46319538999991,1.2406499999999987,18
GaSe_In3Ga68Se62S5_19da766a-ad57-4af6-8ba6-6fb50bbe72d2,high_GaSe,6.0,8.0,14.0,51.29674716999999,0.4353500000000014,18
GaSe_In5Ga65Se65S5_e5e79651-3e1d-4576-8631-c8ce3172123b,high_GaSe,4.0,10.0,14.0,32.80860741999993,0.6454999999999984,18
GaSe_In4Ga65Se65S3_4fc3d794-2f6d-4d02-af19-6301bffce445,high_GaSe,7.0,7.0,14.0,62.10486655999995,0.3397499999999986,18
GaSe_In4Ga67Se63S4_54f34b3d-541a-4e42-9877-c4044e9f230e,high_GaSe,6.0,8.0,14.0,54.62740992,0.6099999999999994,18
GaSe_In3Ga68Se62S5_29028498-f73e-46c4-8012-4b4827cbc3ee,high_GaSe,6.0,8.0,14.0,50.16351593,0.526349999999999,18
GaSe_In2Ga66Se64S5_9207b950-07c9-414d-bba4-c01d56b82a73,high_GaSe,7.0,7.0,14.0,56.80858222999992,0.6757000000000009,18
GaSe_In3Ga67Se63S5_44f95f08-acbb-4922-aa05-9cdd2eb87109,high_GaSe,6.0,8.0,14.0,48.35790760999991,0.6816000000000013,18
GaSe_In3Ga66Se64S4_d9ad537b-85f2-4477-bd54-18457006cba5,high_GaSe,7.0,7.0,14.0,59.91325661,0.6196999999999999,18
GaSe_In5Ga65Se65S4_0049538e-4816-45d6-ae66-829eac3f39a4,high_GaSe,5.0,9.0,14.0,43.28558779999996,0.9032000000000018,18
GaSe_In4Ga66Se64S4_fc24fbad-d442-498c-84a3-7b408a8ef4d9,high_GaSe,6.0,8.0,14.0,51.07407589999998,0.3246000000000002,18
GaSe_In2Ga66Se64S5_82a1f39e-b815-45d6-b274-7fb826c1e7dc,high_GaSe,7.0,7.0,14.0,55.98080912999997,0.5241499999999988,18
GaSe_In3Ga67Se63S4_3abf72e8-7880-4018-809d-89b668844784,high_GaSe,7.0,7.0,14.0,59.28337043999997,0.8178000000000019,18
GaSe_In5Ga62Se68S3_f46b25c0-668a-4b92-b953-d324ac4d4bde,high_GaSe,6.0,8.0,14.0,53.31478336999992,1.2417999999999978,18
GaSe_In4Ga64Se66S3_772d1db2-b1c3-43f6-a840-f25a92e608bb,high_GaSe,7.0,7.0,14.0,60.879881419999954,0.7149999999999999,18
GaSe_In3Ga64Se62S5_67f8690f-4a31-48b0-9acb-b7c49f2ce7b5,high_GaSe,10.0,8.0,18.0,80.33783671999996,0.056799999999999,19
GaSe_In5Ga62Se64S4_9b300f03-622a-425d-af66-64929a7dc4db,high_GaSe,9.0,9.0,18.0,77.81018508999992,0.6121000000000016,19
GaSe_In5Ga64Se62S5_9fc34c13-f770-47ed-a272-679403589732,high_GaSe,8.0,10.0,18.0,67.47933841999996,0.8002000000000002,19
GaSe_In5Ga63Se63S4_47969c9b-d3d3-4b3a-81c7-fc08304f906b,high_GaSe,9.0,9.0,18.0,78.03120768999995,0.2316000000000002,19
GaSe_In3Ga64Se62S5_9956981f-5fd4-4319-ba6e-598c59d8c9aa,high_GaSe,10.0,8.0,18.0,80.83382860999993,0.8267500000000005,19
GaSe_In3Ga64Se62S5_90e8730a-398a-4440-9ecb-4f601fb1c78c,high_GaSe,10.0,8.0,18.0,84.03960429999992,0.7088000000000001,19
GaSe_In5Ga63Se63S4_f7e72bac-090a-4b5e-aed6-7877908bd540,high_GaSe,9.0,9.0,18.0,77.38797887999996,0.5933499999999992,19
GaSe_In5Ga62Se64S5_f6560af1-1642-4ab3-9a54-42f80e91040b,high_GaSe,8.0,10.0,18.0,65.04900169999989,0.5695000000000014,19
GaSe_In5Ga64Se62S5_28f373ec-aab1-4bfb-b0ea-f0e45641b715,high_GaSe,8.0,10.0,18.0,68.21070490999993,0.5619499999999995,19
GaSe_In4Ga63Se63S4_e0859606-7507-490c-b7cc-1cc51e43180a,high_GaSe,10.0,8.0,18.0,85.05618404999996,0.6919000000000004,19
GaSe_In5Ga62Se64S5_5c29447c-90be-4ff6-82fd-2e5a928cdbeb,high_GaSe,8.0,10.0,18.0,66.25321269999993,0.5784500000000001,19
GaSe_In5Ga62Se64S5_513c52bb-a161-4e75-9170-d788a660e1f1,high_GaSe,8.0,10.0,18.0,64.37636781999997,0.6487499999999997,19
GaSe_In5Ga62Se64S3_5f076535-81d4-41dc-87d1-b40995255554,high_GaSe,10.0,8.0,18.0,85.84853704999992,0.6951,19
GaSe_In5Ga62Se64S5_c068602f-119f-4201-9ec7-12c5704bc609,high_GaSe,8.0,10.0,18.0,66.84431820999997,0.74085,19
GaSe_In4Ga64Se62S5_959c695a-6314-4230-b3d0-9ccc8eee045f,high_GaSe,9.0,9.0,18.0,75.04443418999995,0.1698000000000021,19
GaSe_In5Ga62Se64S3_5521fc83-9b38-4d97-8e62-2b65f93b9c5e,high_GaSe,10.0,8.0,18.0,88.61078617999996,0.3671000000000006,19
GaSe_In5Ga62Se64S4_122155f2-7696-4b64-8160-1d162e947996,high_GaSe,9.0,9.0,18.0,76.76369020999996,0.684000000000001,19
GaSe_In4Ga64Se62S5_05bb7532-7094-4b75-9b4e-18061e495553,high_GaSe,9.0,9.0,18.0,73.65900436999993,0.1143,19
GaSe_In5Ga62Se64S5_0ff383f5-b73f-4ba8-9c08-c3c83a05ed7b,high_GaSe,8.0,10.0,18.0,65.60494950999991,0.8397000000000006,19
GaSe_In3Ga64Se62S5_8194d59b-fb75-43d4-8238-68da7e8a4a42,high_GaSe,10.0,8.0,18.0,79.36066094999993,0.7365500000000011,19
GaSe_In5Ga63Se63S5_2e092322-ae67-416b-aa8d-dee1b5a4c294,high_GaSe,8.0,10.0,18.0,68.15710479999994,0.6971000000000007,19
GaSe_In5Ga62Se64S4_b064bef1-6e5e-4961-8fa2-c3dc424fce5d,high_GaSe,9.0,9.0,18.0,77.25865944999995,0.6070999999999991,19
GaSe_In5Ga62Se64S5_81dc1763-51d0-415a-b345-54c885797848,high_GaSe,8.0,10.0,18.0,67.07297056999992,1.2217000000000002,19
GaSe_In5Ga62Se64S3_3fea4698-cdc7-4af9-84f9-342ed2c46a81,high_GaSe,10.0,8.0,18.0,89.04687658999993,0.2265000000000014,19
GaSe_In5Ga62Se64S4_6046ad2d-4ffd-4403-b2fb-ef7edaa2861c,high_GaSe,9.0,9.0,18.0,77.38704330999994,0.7038499999999992,19
GaSe_In5Ga63Se63S5_8ee750d9-45dc-41dc-8117-b01f43dabe26,high_GaSe,8.0,10.0,18.0,65.31685583999989,0.1134999999999983,19
GaSe_In5Ga63Se63S5_1294490c-d855-49b9-848e-488e04c9b520,high_GaSe,8.0,10.0,18.0,68.33303674999995,0.583750000000002,19
GaSe_In5Ga62Se64S3_55550dfb-b7cd-411e-bde4-a82ca183f632,high_GaSe,10.0,8.0,18.0,86.80876932999993,0.6783000000000001,19
GaSe_In5Ga63Se63S5_2fc0111b-8e26-4bb3-b6cb-e85eb89f05f3,high_GaSe,8.0,10.0,18.0,64.83286115999998,0.315199999999999,19
GaSe_In5Ga64Se62S5_58865283-23f9-4a99-b435-3261f7fae352,high_GaSe,8.0,10.0,18.0,67.95211871999997,0.5927000000000007,19
GaSe_In4Ga63Se63S5_376154b8-9a34-4962-913d-56221c0b7a36,high_GaSe,9.0,9.0,18.0,73.79815935999996,0.6998999999999995,19
GaSe_In5Ga64Se62S5_c63f383d-f06f-4fa6-951b-fd2df7092bc2,high_GaSe,8.0,10.0,18.0,68.33830233999997,0.6603500000000011,19
GaSe_In4Ga64Se62S5_bda97a65-06a6-477d-bb48-7ffe9ae4f228,high_GaSe,9.0,9.0,18.0,77.13626964999992,0.5698999999999987,19
GaSe_In4Ga64Se62S5_110f69ce-6792-484f-b6f5-3d09d25ad687,high_GaSe,9.0,9.0,18.0,73.62327706999992,0.812850000000001,19
GaSe_In5Ga62Se64S3_09e2b5df-ec6d-4854-9fbf-0b409e9d2a4b,high_GaSe,10.0,8.0,18.0,84.68174763999994,0.7243999999999993,19
GaSe_In5Ga64Se62S5_a4336551-e461-49a0-93c0-a09b6b91c4b2,high_GaSe,8.0,10.0,18.0,67.99228155999997,0.9518999999999984,19
GaSe_In5Ga62Se64S3_d575893b-8ed7-4646-8e32-3c6fc92751b7,high_GaSe,10.0,8.0,18.0,87.82034781999997,0.7244500000000009,19
GaSe_In5Ga62Se64S5_c6bcb831-e1d9-4a0d-a9f9-e89c0261f5fc,high_GaSe,8.0,10.0,18.0,66.13192462999994,1.0046000000000015,19
GaSe_In5Ga63Se63S5_8c7e3e8c-2bd5-4cea-8995-44b5edb8f18a,high_GaSe,8.0,10.0,18.0,62.4240152499999,0.8338999999999999,19
GaSe_In4Ga64Se62S5_e7cbb315-cf8b-41c5-87e0-aea460919bb4,high_GaSe,9.0,9.0,18.0,74.68351057999996,0.7849000000000004,19
GaSe_In5Ga62Se64S3_fe735201-2318-48cd-9ca0-9075d442aade,high_GaSe,10.0,8.0,18.0,86.97528031999994,0.4020499999999991,19
GaSe_In5Ga62Se64S4_a1e98275-94b6-4109-8a58-1ce5e33cf890,high_GaSe,9.0,9.0,18.0,75.22001756999995,0.7092000000000009,19
GaSe_In5Ga62Se64S5_c1fdafa2-b38b-4aab-b46e-98e254e6d43d,high_GaSe,8.0,10.0,18.0,64.30742312,0.4098000000000006,19
GaSe_In4Ga63Se63S5_21a5a5ad-2067-4f7d-ad40-11351d2eac83,high_GaSe,9.0,9.0,18.0,73.51237875999995,0.6144499999999997,19
GaSe_In5Ga64Se62S5_92e17e8f-04e9-45b6-b9b1-b767a0d3434a,high_GaSe,8.0,10.0,18.0,69.07785947999996,0.4058500000000009,19
GaSe_In5Ga62Se64S3_76b42f6c-a7c3-4792-a5b7-4961e6bb2458,high_GaSe,10.0,8.0,18.0,86.35344490999992,0.4998000000000004,19
GaSe_In5Ga62Se64S5_48380896-689c-4180-a189-2101acd2f945,high_GaSe,8.0,10.0,18.0,67.95991125999994,0.9800999999999984,19
GaSe_In5Ga62Se64S3_ebb67000-553d-4aa2-a8ec-8f3adf3a754a,high_GaSe,10.0,8.0,18.0,85.29369210999997,1.1023499999999995,19
GaSe_In3Ga64Se62S5_0112b05b-371f-4513-a1ae-83ba61f50a32,high_GaSe,10.0,8.0,18.0,83.93997528999992,0.3003,19
GaSe_In5Ga64Se62S5_007eff16-1ca7-49db-bfe9-d45e6646b277,high_GaSe,8.0,10.0,18.0,69.14366995999994,0.7384500000000003,19
GaSe_In3Ga64Se62S5_fe624c19-161a-40e4-91c0-55c62c367751,high_GaSe,10.0,8.0,18.0,83.31056777999996,0.7100999999999988,19
GaSe_In5Ga62Se64S5_9f1c1289-3c5d-49ef-8bcc-2673b1644a69,high_GaSe,8.0,10.0,18.0,66.07192510999992,0.9091500000000003,19
GaSe_In5Ga62Se64S4_d3c2b483-da99-4ab7-8349-1e48f76d8373,high_GaSe,9.0,9.0,18.0,77.40769237999993,0.6577999999999999,19
GaSe_In5Ga62Se64S5_354b8c1c-b51d-49fd-a0fb-d4cc5c93c89b,high_GaSe,8.0,10.0,18.0,63.14907741999996,0.6218000000000004,19
GaSe_In5Ga62Se64S3_1757f5db-cde2-4553-b62e-ca903996b8a6,high_GaSe,10.0,8.0,18.0,83.33238892999995,0.7742500000000003,19
GaSe_In5Ga63Se63S5_93afceb2-d3ba-4997-8b3f-794b1b46c3dd,high_GaSe,8.0,10.0,18.0,65.89740720999997,0.7603000000000009,19
GaSe_In4Ga63Se63S5_7b20d8d7-53f4-49fc-9e5b-0381e6f0c923,high_GaSe,9.0,9.0,18.0,72.69767597999994,0.3902000000000019,19
GaSe_In5Ga62Se64S4_6f4f0032-7f02-458d-bb5a-72885b848f1b,high_GaSe,9.0,9.0,18.0,73.15181569999996,1.097849999999999,19
GaSe_In4Ga63Se63S5_a2d560c2-e5f3-4519-8f95-05da1f3aef62,high_GaSe,9.0,9.0,18.0,72.51829402999995,0.7073999999999998,19
GaSe_In3Ga64Se62S5_fec3db0f-df7b-423f-81d3-385984253259,high_GaSe,10.0,8.0,18.0,81.18121456999992,0.3209999999999979,19
GaSe_In5Ga62Se64S5_cdce5395-1283-4036-ae9e-0e6116658526,high_GaSe,8.0,10.0,18.0,65.3130257699999,1.1637500000000005,19
GaSe_In5Ga63Se63S4_3aa2b0e3-f83d-4042-9044-4971c73afbec,high_GaSe,9.0,9.0,18.0,77.76967546999995,0.2105999999999994,19
GaSe_In3Ga64Se62S5_31c2cc2e-65dc-4df1-8705-230d74b3e864,high_GaSe,10.0,8.0,18.0,80.85821059999992,0.9951499999999988,19
GaSe_In5Ga62Se64S5_d5ab1488-dafa-4cf7-9375-1c8194a3c2fd,high_GaSe,8.0,10.0,18.0,63.7300621399999,0.6938000000000013,19
GaSe_In5Ga62Se64S3_ddf493fc-25a5-4ed2-8cf1-307b1787387d,high_GaSe,10.0,8.0,18.0,87.07503037999996,0.5706999999999987,19
GaSe_In5Ga62Se64S4_c5b53409-3d77-4957-a27c-118270852d01,high_GaSe,9.0,9.0,18.0,76.09841073999993,0.5821000000000005,19
GaSe_In5Ga62Se64S5_3e54727e-81ca-4e47-9b75-d6e5e32be609,high_GaSe,8.0,10.0,18.0,65.60539788999999,0.6953999999999994,19
GaSe_In5Ga62Se64S4_0eed7c2a-350a-4b8b-9d95-faee9bb5eac7,high_GaSe,9.0,9.0,18.0,75.62187696999993,0.6923499999999976,19
GaSe_In5Ga64Se62S5_77866b10-c8bf-4a01-b054-4793840fa22e,high_GaSe,8.0,10.0,18.0,67.62632182999992,0.6532000000000018,19
GaSe_In4Ga64Se62S5_077d8625-8cd1-4dc2-9168-a5ca5371923b,high_GaSe,9.0,9.0,18.0,72.39272807999993,0.3167000000000008,19
GaSe_In5Ga62Se64S5_66400fce-7916-40e4-be14-e7e38f94662d,high_GaSe,8.0,10.0,18.0,66.51120990999992,0.7824500000000008,19
GaSe_In3Ga64Se62S5_9ccad9db-c21f-486d-b587-a8cd74d41171,high_GaSe,10.0,8.0,18.0,82.54787042999996,0.569049999999999,19
GaSe_In3Ga64Se62S5_2acad14e-bfe2-42f5-b3de-4afbafb71bb0,high_GaSe,10.0,8.0,18.0,82.69544988999994,0.4038000000000004,19
GaSe_In5Ga62Se64S3_a4f241ac-5fd0-4a92-be2b-94f3dc183a70,high_GaSe,10.0,8.0,18.0,85.59191251999997,0.2055000000000006,19
GaSe_In5Ga62Se64S4_59985fb3-75f3-49b2-9bbf-0876bac30079,high_GaSe,9.0,9.0,18.0,76.04834504999994,0.8669499999999992,19
GaSe_In3Ga64Se62S5_b94d5e5b-ec87-4926-98ba-5033dd13a2fd,high_GaSe,10.0,8.0,18.0,83.34957425999991,0.8629999999999995,19
GaSe_In5Ga62Se64S3_66617a53-3e1f-4280-9234-cd4eb822be9b,high_GaSe,10.0,8.0,18.0,88.03347378999993,0.8408999999999978,19
GaSe_In5Ga64Se62S5_27f0be13-01c2-4709-9dfe-9ecd99822755,high_GaSe,8.0,10.0,18.0,67.73687822999993,0.5466499999999996,19
GaSe_In5Ga62Se64S5_10f754e0-5d78-4b95-9efa-88fb2aaa8d74,high_GaSe,8.0,10.0,18.0,66.50464477999996,1.2282500000000027,19
GaSe_In5Ga62Se64S3_9e44c20d-2b5b-4b27-ad37-be2bd6f6e36c,high_GaSe,10.0,8.0,18.0,87.48896538999995,0.6946999999999992,19
GaSe_In3Ga64Se62S5_c62057c8-a9df-4fe6-af6c-4f383fc1cac2,high_GaSe,10.0,8.0,18.0,84.11730390999995,0.383049999999999,19
GaSe_In5Ga63Se63S4_d3f1e38b-4803-4d67-81f1-c55d26ff7b0a,high_GaSe,9.0,9.0,18.0,76.65146777999993,0.3254000000000019,19
GaSe_In4Ga63Se63S4_a2e9be3f-8600-4436-8ff6-c28e9ecb16df,high_GaSe,10.0,8.0,18.0,84.28606687999996,0.5111500000000007,19
GaSe_In4Ga64Se62S5_965fc2a1-eb37-462b-b777-5defa3151ecb,high_GaSe,9.0,9.0,18.0,75.12181181999995,0.8475999999999999,19
GaSe_In5Ga62Se64S5_5be1b569-c84e-4b55-b83d-8fa5dec95de4,high_GaSe,8.0,10.0,18.0,65.24262030999994,0.7780999999999985,19
GaSe_In5Ga62Se64S4_cdf84170-808c-400a-afb8-4e474610efac,high_GaSe,9.0,9.0,18.0,75.50370890999992,0.6662000000000017,19
GaSe_In5Ga62Se64S5_eac2a1a2-547f-4afd-9174-b5029f453057,high_GaSe,8.0,10.0,18.0,66.07924412999994,0.9007500000000022,19
GaSe_In5Ga64Se62S5_a0934f1e-ade3-4261-8bff-3d978a13f2f9,high_GaSe,8.0,10.0,18.0,68.62727451999994,0.7476500000000001,19
GaSe_In4Ga64Se62S5_b13333ce-2655-424e-9c99-65cb2e7d6022,high_GaSe,9.0,9.0,18.0,76.17614799999996,0.569700000000001,19
GaSe_In5Ga64Se62S5_5bfd8ef1-b042-4e03-951b-6652d8e21b3b,high_GaSe,8.0,10.0,18.0,68.23773011999997,0.646449999999998,19
GaSe_In5Ga63Se63S4_e8515e81-b26c-4dba-8352-d89c5c4ce8bd,high_GaSe,9.0,9.0,18.0,78.23370132999995,0.7507000000000019,19
GaSe_In5Ga63Se63S5_7368b531-c505-455a-abb7-079e723b29fd,high_GaSe,8.0,10.0,18.0,65.41480587999989,0.7532000000000014,19
GaSe_In5Ga62Se64S5_6b7162dd-d167-4624-ae0e-d1827cf87202,high_GaSe,8.0,10.0,18.0,64.93277932999995,0.4479000000000006,19
GaSe_In5Ga62Se64S5_eeb5b123-ce17-4dfe-a360-da8ecec87e28,high_GaSe,8.0,10.0,18.0,66.17358851999994,0.3682999999999978,19
GaSe_In3Ga64Se62S5_acd4bc3a-cd62-4efd-a492-88cea0b0ce81,high_GaSe,10.0,8.0,18.0,79.33053261999996,0.9335499999999984,19
GaSe_In5Ga63Se63S5_754f13d2-045f-48eb-8605-e20c9cc3ee59,high_GaSe,8.0,10.0,18.0,68.13841393999995,0.6845000000000017,19
GaSe_In5Ga62Se64S4_ee1f168a-b3a3-4b64-9eb7-d60e617242b6,high_GaSe,9.0,9.0,18.0,76.67989917999992,0.8428500000000021,19
GaSe_In5Ga62Se64S3_8a7fb7ad-19e5-4eb4-a7d1-7cd958f2f6bf,high_GaSe,10.0,8.0,18.0,83.06714836999996,0.7684999999999995,19
GaSe_In5Ga63Se63S5_8f5a672b-44dc-4bfa-aa52-4ce177f39b3b,high_GaSe,8.0,10.0,18.0,65.29870880999998,0.8702499999999986,19
GaSe_In5Ga62Se64S5_824c2c75-9441-4bfe-9c19-62511568e1c5,high_GaSe,8.0,10.0,18.0,64.80449530999992,0.5172500000000007,19
MoS2_Mo63Se2S125_1de54178-46e9-4e0c-a922-6e4c90c53961,high_MoS2,2.0,2.0,4.0,43.02782167000013,0.3770999999999986,20
MoS2_Mo63W1Se2S125_b8bd7ef6-1d0f-43b9-a34c-afb5b5d6fa16,high_MoS2,1.0,3.0,4.0,10.103535020000084,1.1335999999999942,20
MoS2_Mo63W1Se1S125_42a338e1-df26-431d-9f5a-7c98a63dd296,high_MoS2,2.0,2.0,4.0,19.47395431999992,1.0927999999999969,20
MoS2_Mo63W1Se2S125_a947f260-838e-4154-b08c-4772cad40eb5,high_MoS2,1.0,3.0,4.0,10.080256920000114,1.1439999999999984,20
MoS2_Mo63Se2S125_ae2c4329-dd70-4174-bc11-a26ba42e27db,high_MoS2,2.0,2.0,4.0,42.54403277999999,0.1617999999999995,20
MoS2_Mo63W1S125_f6f221b6-d54c-4cdc-8567-d7d2dbf119bc,high_MoS2,3.0,1.0,4.0,28.85663273999993,1.0921999999999985,20
MoS2_Mo63Se2S125_dd0e1d86-5f3f-43eb-ba81-34ca333b89d7,high_MoS2,2.0,2.0,4.0,42.517507220000006,0.1791999999999944,20
MoS2_Mo63Se1S125_f2c5367c-a725-4dcf-9138-b74a60150150,high_MoS2,3.0,1.0,4.0,52.38338877000001,0.4092999999999946,20
MoS2_Mo62W2Se2S126_7052aa98-6961-48a2-95a9-96fb025dd113,high_MoS2,0.0,4.0,4.0,-4.756061480000017,1.806600000000003,20
MoS2_Mo62W2S126_9cbc05a5-a4af-4a4f-bf72-d4e8231b5bb6,high_MoS2,2.0,2.0,4.0,13.862693440000044,0.9395000000000024,20
MoS2_Mo63Se3S125_820b885d-e24b-4538-b11a-59c656c371b9,high_MoS2,1.0,3.0,4.0,33.73096441000014,0.3819999999999979,20
MoS2_Mo63W1Se3S125_ff4d0555-890f-4bb1-a86e-53ad7e78687e,high_MoS2,0.0,4.0,4.0,0.75947970999996,1.814,20
MoS2_Mo63Se2S125_3da226d2-26e0-4b0a-a9af-de3c9ce01319,high_MoS2,2.0,2.0,4.0,42.99024877000014,0.3961000000000041,20
MoS2_Mo63W1Se1S125_5b6abf67-5afa-4c91-a09b-5a4d36339cae,high_MoS2,2.0,2.0,4.0,19.45106323000012,1.1063999999999936,20
MoS2_Mo62W1S126_dbc5039c-12a0-4121-87d9-a2277c8116fd,high_MoS2,3.0,1.0,4.0,46.66502874000008,0.3528999999999982,20
MoS2_Mo63Se2S125_0b75ad35-b45c-4439-b35b-fc77960b95bd,high_MoS2,2.0,2.0,4.0,43.042844659999936,0.3601000000000027,20
MoS2_Mo63Se3S125_d7c48d6a-7100-4080-a589-90bfbefb3159,high_MoS2,1.0,3.0,4.0,33.68182144999999,0.4037999999999968,20
MoS2_Mo63Se1S125_75f3f237-e5db-4626-a6cb-a803911308b5,high_MoS2,3.0,1.0,4.0,52.39991650000002,0.3948999999999998,20
MoS2_Mo64Se2S124_92312e22-8344-4419-9934-8fea485bb81e,high_MoS2,2.0,2.0,4.0,24.97250463999993,1.0397000000000034,20
MoS2_Mo63Se2S125_1600c002-3c77-499b-80e1-1d4661942273,high_MoS2,2.0,2.0,4.0,43.04546484999995,0.3956999999999979,20
MoS2_Mo63W1S125_c1a011a7-bfaa-4f8c-a08e-89aaed18b2b8,high_MoS2,3.0,1.0,4.0,28.82990784000007,0.9806000000000026,20
MoS2_Mo64Se2S124_efa34dee-c37e-4f98-9658-5f8afc8cb633,high_MoS2,2.0,2.0,4.0,25.04634996000007,0.6583000000000041,20
MoS2_Mo64Se2S124_2271a50a-9df7-4b35-9fa4-27dec1f71354,high_MoS2,2.0,2.0,4.0,25.0548832100001,1.030200000000001,20
MoS2_Mo63Se2S125_6f261bfc-185b-4ed5-8fe1-eff0f152a14a,high_MoS2,2.0,2.0,4.0,42.56063423000004,0.1542999999999992,20
MoS2_Mo64Se1S124_3f2732d4-6da8-4865-b7dc-7c6b1698ec49,high_MoS2,3.0,1.0,4.0,34.33633817000008,1.0829000000000022,20
MoS2_Mo63Se1S125_6d9836ef-b71e-4967-8943-07ff3a83c38e,high_MoS2,3.0,1.0,4.0,52.36576052999999,0.3406999999999982,20
MoS2_Mo62W2Se1S126_c413ffd7-7e97-48f7-9610-2e0150e03219,high_MoS2,1.0,3.0,4.0,4.54468848999992,1.1488000000000014,20
MoS2_Mo63Se1S125_f9fa21b0-8789-4265-8343-27af00f86308,high_MoS2,3.0,1.0,4.0,50.36564354000007,0.4618000000000037,20
MoS2_Mo63Se1S125_010e1a2c-6c15-4381-a5af-80d6e34491cd,high_MoS2,3.0,1.0,4.0,52.33485021000001,0.3907000000000025,20
MoS2_Mo64Se1S124_6ad0cd89-bf42-4197-9963-562bf146a04c,high_MoS2,3.0,1.0,4.0,34.33647412000004,1.0176000000000016,20
MoS2_Mo63W1Se1S125_a174c1d0-7403-4693-8412-f9eb411118c7,high_MoS2,2.0,2.0,4.0,19.427724920000017,1.1088000000000022,20
MoS2_Mo63W1S125_78cc9329-0c33-41b3-b0f0-49d4defe01ae,high_MoS2,3.0,1.0,4.0,28.834008060000127,1.070299999999996,20
MoS2_Mo61W1Se1S127_b6e724fc-3bca-4857-94f5-f8fa029855b6,high_MoS2,2.0,2.0,4.0,54.98703306999992,0.2563000000000031,20
MoS2_Mo63W1Se2S125_0932f2fe-8c1a-4a36-80b2-c0dc2f602acd,high_MoS2,1.0,3.0,4.0,10.086324480000131,1.1510999999999996,20
MoS2_Mo61W1S127_f682a695-6caf-437c-9172-794672036e4d,high_MoS2,3.0,1.0,4.0,64.90536346000005,0.3001000000000005,20
MoS2_Mo63Se2S125_9453c6d1-d782-4ab5-aa50-c57b5e0d65c8,high_MoS2,2.0,2.0,4.0,42.99464332999995,0.3770000000000024,20
MoS2_Mo63W1Se2S125_06da66d2-e200-41c0-a350-cc531a5aedf6,high_MoS2,1.0,3.0,4.0,10.103595729999927,1.1509999999999962,20
MoS2_Mo63Se1S125_3a8b2cde-5eb9-43d6-bccc-291106708315,high_MoS2,3.0,1.0,4.0,52.39363030000004,0.4117999999999995,20
MoS2_Mo64Se1S124_0bb30488-9af4-4d2c-bf95-80417fc9e5ad,high_MoS2,3.0,1.0,4.0,34.41064039000002,0.6540999999999997,20
MoS2_Mo64Se2S124_1d278eda-e507-482e-86e8-98cc9617bfd4,high_MoS2,2.0,2.0,4.0,24.96196834000014,1.1113999999999962,20
MoS2_Mo64Se1S124_2c152778-655f-477d-ad30-376be58ea942,high_MoS2,3.0,1.0,4.0,34.32478852000008,1.078400000000002,20
MoS2_Mo63W1Se2S125_17879916-aedf-4e91-88fa-d7275ce6b5e0,high_MoS2,1.0,3.0,4.0,10.088115249999976,1.1485999999999947,20
MoS2_Mo62W1Se1S126_352af11e-58d3-4965-bb83-44ac7c0e9061,high_MoS2,2.0,2.0,4.0,37.45636678000014,0.3875000000000028,20
MoS2_Mo62W2Se2S126_a9170617-86f5-47cd-b325-83f2bf64325d,high_MoS2,0.0,4.0,4.0,-4.783363479999981,1.8076000000000008,20
MoS2_Mo62S126_e8e1479e-ccf2-4289-b7a9-ea9e97c3d642,high_MoS2,4.0,0.0,4.0,79.80214214999998,0.3352000000000004,20
MoS2_Mo62Se1S126_559b0e49-810b-4e0c-b44e-4a0bd7862825,high_MoS2,3.0,1.0,4.0,70.48926600999995,0.3200000000000003,20
MoS2_Mo63Se2S125_fe192e28-576f-4dff-8904-80b3bc5bd954,high_MoS2,2.0,2.0,4.0,43.057515900000034,0.4147999999999996,20
MoS2_Mo62W1Se2S126_989d99bd-ee48-4e0c-a117-a972ce4fab44,high_MoS2,1.0,3.0,4.0,28.19485756000006,0.4030999999999949,20
MoS2_Mo62Se1S126_d2366790-0212-4c2d-b149-462a5c6b7203,high_MoS2,3.0,1.0,4.0,70.45584518000011,0.3344999999999984,20
MoS2_Mo63W1Se2S125_9b9b8ea9-3cf4-4806-af83-03b947b01474,high_MoS2,1.0,3.0,4.0,10.09468672000013,1.147200000000005,20
MoS2_Mo62W1Se1S126_9e80632e-d9b8-4e4a-a635-a5546720d061,high_MoS2,2.0,2.0,4.0,37.526426129999976,0.4146000000000001,20
MoS2_Mo62W2Se1S126_4bc6ecc4-1e94-4ddb-9e89-ecdbac629a7e,high_MoS2,1.0,3.0,4.0,4.578037610000059,1.1377000000000024,20
MoS2_Mo62W2Se2S126_f8dda347-63cc-455e-b344-82383a5ff9c1,high_MoS2,0.0,4.0,4.0,-4.780776590000006,1.8074000000000008,20
MoS2_Mo63Se2S125_4aa70eaa-004a-4ee8-8e83-cd344580e883,high_MoS2,2.0,2.0,4.0,42.90735214999999,0.319199999999995,20
MoS2_Mo63S125_5405602f-91db-42dc-9771-0e733782963e,high_MoS2,4.0,0.0,4.0,61.77083147000005,0.2137999999999991,20
MoS2_Mo63W1Se2S125_229fd9d6-40b5-455a-aab4-aeb671442dbb,high_MoS2,1.0,3.0,4.0,10.136207820000084,1.147999999999996,20
MoS2_Mo64Se3S124_16748872-c627-4de7-86f9-9aa1a4ff2b37,high_MoS2,1.0,3.0,4.0,15.628553099999923,1.1533999999999978,20
MoS2_Mo63Se3S125_8212e1b7-e3f1-4c7b-a35e-36e82edaf97e,high_MoS2,1.0,3.0,4.0,33.72314334000005,0.3967999999999989,20
MoS2_Mo64Se2S124_ba4f08a6-b455-439c-a2c5-f3389d78f41f,high_MoS2,2.0,2.0,4.0,24.973641739999977,1.0389000000000053,20
MoS2_Mo63W1S125_52f96512-d6a3-4875-afad-58caf4213ef2,high_MoS2,3.0,1.0,4.0,28.79316971000007,1.0241000000000042,20
MoS2_Mo62Se1S126_f834e61b-8b68-424b-91a3-a928e2809e48,high_MoS2,3.0,1.0,4.0,70.43135116000009,0.3157999999999958,20
MoS2_Mo64Se2S124_142f139e-8229-442b-a621-02ab4c49dcd8,high_MoS2,2.0,2.0,4.0,24.95506527000001,0.9457000000000022,20
MoS2_Mo64Se3S124_e16548b0-80ae-457b-abd6-1e34291aa089,high_MoS2,1.0,3.0,4.0,15.641314900000058,1.1494,20
MoS2_Mo61W1S127_81ce3582-700e-477a-a4ba-880f12c18888,high_MoS2,3.0,1.0,4.0,64.41916053999995,0.1257999999999981,20
MoS2_Mo63S125_80403bf8-9dcc-4209-b8b3-1a2605f87dfb,high_MoS2,4.0,0.0,4.0,61.74042815999994,0.3502999999999971,20
MoS2_Mo63Se1S125_6b897055-e965-4a8f-a623-c5d674952adb,high_MoS2,3.0,1.0,4.0,52.43012724999994,0.3615999999999957,20
MoS2_Mo63W1S125_1963e250-4f4e-4d6a-a0e5-79c504b1d6d5,high_MoS2,3.0,1.0,4.0,28.79865569000007,0.9468000000000032,20
MoS2_Mo61W1Se1S127_0ebdab6d-080e-4a2f-b828-b38748ae966c,high_MoS2,2.0,2.0,4.0,54.98725072000011,0.2515,20
MoS2_Mo62W1S126_afc045e4-9bf4-4788-aadd-45d24abd067d,high_MoS2,3.0,1.0,4.0,46.84656522000005,0.3823000000000007,20
MoS2_Mo64S124_39283669-21e7-47a9-8ef9-76fcb1cb699b,high_MoS2,4.0,0.0,4.0,43.70289569999996,0.5970000000000013,20
MoS2_Mo61W3Se1S127_a30ffae0-12f3-41ce-bb90-f6a68e98bb77,high_MoS2,0.0,4.0,4.0,-10.322327619999898,1.799900000000001,20
MoS2_Mo63W1Se1S125_40b82535-1858-4277-87a5-f91b2afb850e,high_MoS2,2.0,2.0,4.0,19.500641939999998,1.0015999999999965,20
MoS2_Mo64Se2S124_347ce2c4-75a8-408d-a9d8-090c4081c807,high_MoS2,2.0,2.0,4.0,24.97949906000011,1.1118999999999986,20
MoS2_Mo64Se2S124_dd3d1157-bfdc-4e9a-bd22-9c469502def2,high_MoS2,2.0,2.0,4.0,24.986354050000077,1.0053999999999943,20
MoS2_Mo63Se2S125_232a5c40-6789-4c6e-8e9b-eba0fc6ca7e6,high_MoS2,2.0,2.0,4.0,43.04194349000003,0.3832000000000022,20
MoS2_Mo62W2S126_d5f19072-78c0-428b-bd80-22cdcf57e0eb,high_MoS2,2.0,2.0,4.0,13.912564509999926,1.109100000000005,20
MoS2_Mo62W1Se1S126_8b233718-78f8-4661-8aa3-d9ffcf684ff6,high_MoS2,2.0,2.0,4.0,37.47843386000008,0.377200000000002,20
MoS2_Mo64Se3S124_a20e43a1-64ce-4809-8e2e-c565a885741e,high_MoS2,1.0,3.0,4.0,15.636058339999924,1.1437999999999988,20
MoS2_Mo63Se1S125_440b8597-9681-4dc4-8153-184eb26bfb5a,high_MoS2,3.0,1.0,4.0,52.24177078999992,0.2770999999999972,20
MoS2_Mo61W1S127_81363241-3fe4-401c-aa7f-1e7f0eceb7aa,high_MoS2,3.0,1.0,4.0,64.90133212000006,0.3213000000000008,20
MoS2_Mo62W1Se1S126_fd774110-18d0-4531-83b2-54d3a8af96a6,high_MoS2,2.0,2.0,4.0,37.532935230000106,0.4050999999999973,20
MoS2_Mo64Se1S124_90b79386-1a87-4910-a18f-c83e8cfe4c75,high_MoS2,3.0,1.0,4.0,34.32345050999992,0.9774000000000028,20
MoS2_Mo63Se3S125_3c365285-a446-43b2-96da-6d2279e392fa,high_MoS2,1.0,3.0,4.0,33.72395972000011,0.3917000000000001,20
MoS2_Mo61W3S127_6e46b1bc-178d-45d0-8aa1-5ce6661e4b37,high_MoS2,1.0,3.0,4.0,-0.982368400000076,1.1445000000000007,20
MoS2_Mo61W1Se1S127_6939f0a7-efe0-4241-9c04-4b1506073749,high_MoS2,2.0,2.0,4.0,54.95182125999995,0.25,20
MoS2_Mo63W1Se1S125_6b144d1e-d409-4087-aec8-a81815af7eae,high_MoS2,2.0,2.0,4.0,19.432681849999952,1.083199999999998,20
MoS2_Mo64Se2S124_97308480-f77f-43e8-b789-b175e8ef477a,high_MoS2,2.0,2.0,4.0,24.85934204000003,0.9474000000000018,20
MoS2_Mo64Se1S124_287c9e88-ae52-47c1-89cd-587a3d2955eb,high_MoS2,3.0,1.0,4.0,34.32412664999992,1.0755000000000052,20
MoS2_Mo63W1Se3S125_6ee8a04d-f6fa-4415-917a-74f1a41f680f,high_MoS2,0.0,4.0,4.0,0.7668498800000183,1.8116999999999948,20
MoS2_Mo64Se3S124_22613d77-15fe-4935-bd37-c0388b92de7f,high_MoS2,1.0,3.0,4.0,15.629002749999987,1.1495999999999995,20
MoS2_Mo62W2Se2S126_68d4ed63-ba69-4956-842d-8e1217d1fdcb,high_MoS2,0.0,4.0,4.0,-4.786471479999864,1.8070000000000024,20
MoS2_Mo62Se2S126_c9edf09e-7400-474a-bc56-4a55a0fd41e6,high_MoS2,2.0,2.0,4.0,61.06805444000001,0.2875999999999976,20
MoS2_Mo64Se2S124_a43971fb-a5e9-4ab3-a564-20e508af2fce,high_MoS2,2.0,2.0,4.0,24.965943800000133,1.0867000000000004,20
MoS2_Mo63W1Se1S125_e6ecee4a-171e-4a6f-b787-b6de769b8657,high_MoS2,2.0,2.0,4.0,19.46453191999997,1.100999999999999,20
MoS2_Mo63Se2S125_1bc370e8-bd1b-4c4d-bb55-621fc251f2c7,high_MoS2,2.0,2.0,4.0,43.03324002999992,0.3581999999999965,20
MoS2_Mo62W1Se2S126_4df26cac-4719-458e-a881-26ea087dc1df,high_MoS2,1.0,3.0,4.0,28.192481359999988,0.4022000000000005,20
MoS2_Mo63W1Se2S125_0e278b7f-920e-407b-8e92-35e6f1ee93aa,high_MoS2,1.0,3.0,4.0,10.105270099999974,1.1432000000000002,20
MoS2_Mo61W2S127_b60b9e56-00f2-41eb-b097-886ab1aad7d6,high_MoS2,2.0,2.0,4.0,31.92983224000012,0.4138999999999981,20
MoS2_Mo62W1S126_b81944dc-c49e-4a64-a301-c87dfdeb869f,high_MoS2,3.0,1.0,4.0,44.433544069999975,0.2439000000000035,20
MoS2_Mo63Se1S125_c26afe4b-257c-4b90-a8cf-20b3a78a4df6,high_MoS2,3.0,1.0,4.0,52.37333104999993,0.3885000000000005,20
MoS2_Mo63W1Se3S120_68edfffa-2ab6-46ce-877d-cf2e07163ebb,high_MoS2,5.0,4.0,9.0,55.330906459999966,0.9012000000000028,21
MoS2_Mo63W1Se2S120_04c6a9eb-c361-45fb-8216-2cb8155a12ad,high_MoS2,6.0,3.0,9.0,64.78193374,0.9161999999999964,21
MoS2_Mo61W3Se2S122_2d6b7b03-3682-4103-bdee-63a6b53ab908,high_MoS2,4.0,5.0,9.0,34.902278560000056,0.8100999999999985,21
MoS2_Mo61W2Se3S122_533da989-22aa-4894-b436-6d9cb6b26581,high_MoS2,4.0,5.0,9.0,58.05086293,0.137599999999999,21
MoS2_Mo62W2Se3S121_4bbcc0fb-a738-4ddd-90f8-c9f4d68d894e,high_MoS2,4.0,5.0,9.0,40.58181850000005,0.6462000000000003,21
MoS2_Mo61W2Se4S122_af1bd5a6-8322-4b02-8e4c-8f16ab8adc87,high_MoS2,3.0,6.0,9.0,48.76258944000009,0.1625000000000014,21
MoS2_Mo63Se3S120_a2540d08-bcb9-4d33-b50a-1146a591a5a5,high_MoS2,6.0,3.0,9.0,88.27572128999995,0.3285999999999944,21
MoS2_Mo58W2Se1S125_4fa736f1-ced1-4992-8ef9-1776bd844324,high_MoS2,6.0,3.0,9.0,126.6473436200001,0.0776000000000038,21
MoS2_Mo59W3Se2S124_968cad5b-ed19-4da7-a9ce-7b819a739426,high_MoS2,4.0,5.0,9.0,70.47909779999992,0.1501000000000019,21
MoS2_Mo60W1Se2S123_706ab84b-9406-4a94-b64f-7b61a31981db,high_MoS2,6.0,3.0,9.0,115.58742832,0.3044000000000011,21
MoS2_Mo62W1Se4S121_9146a379-08fa-4e05-a271-1c98aa6d0a67,high_MoS2,4.0,5.0,9.0,64.16870482999998,0.3597000000000037,21
MoS2_Mo62W2Se5S121_7bab15e4-b8bf-4540-bf0a-28b6f4dcf874,high_MoS2,2.0,7.0,9.0,21.906155350000123,1.1018000000000043,21
MoS2_Mo61W1Se4S122_f27acdab-5387-467a-aebd-6a02170dd751,high_MoS2,4.0,5.0,9.0,81.90120799999997,0.2695999999999969,21
MoS2_Mo61W3Se3S122_0a438476-c874-40e0-854a-fb3fd915f860,high_MoS2,3.0,6.0,9.0,25.57935507000009,0.944200000000002,21
MoS2_Mo62W1Se4S121_32d04fec-1fe6-41f0-aba2-1747cc5c6813,high_MoS2,4.0,5.0,9.0,64.05239973000012,0.3804999999999978,21
MoS2_Mo59W2Se2S124_6ee63b7c-0cb2-4cdc-a6d6-544c0c19b046,high_MoS2,5.0,4.0,9.0,100.29624847000014,0.2742000000000004,21
MoS2_Mo63Se3S120_b910e4d7-2dce-4a53-9ffd-4f238cf4687b,high_MoS2,6.0,3.0,9.0,87.82106869999993,0.1383000000000009,21
MoS2_Mo61W1Se4S122_8b843a57-333f-4a37-8412-5466255ce41f,high_MoS2,4.0,5.0,9.0,79.16448017000013,0.0230999999999994,21
MoS2_Mo62Se4S121_88243afc-0d12-4841-9bb3-9cfb0128dbf1,high_MoS2,5.0,4.0,9.0,96.60206406999998,0.1296000000000035,21
MoS2_Mo61Se3S122_84d4ca49-b1bc-4e57-8a41-efd46e902a16,high_MoS2,6.0,3.0,9.0,123.13774750999993,0.0579999999999998,21
MoS2_Mo61Se4S122_faea3e19-9ee1-4014-b6bb-3892fa59ed89,high_MoS2,5.0,4.0,9.0,113.83620323999992,0.2587000000000046,21
MoS2_Mo61W1Se4S122_b62dec3d-225d-4dd2-8ee8-8f48e30c6a99,high_MoS2,4.0,5.0,9.0,81.98583226000002,0.2957000000000036,21
MoS2_Mo62W1Se4S121_2b6e9e54-b663-412f-b144-00d6dd523234,high_MoS2,4.0,5.0,9.0,64.0259781700001,0.3292000000000001,21
MoS2_Mo59W2Se3S124_a0dd76f0-7243-49c3-aecc-aac9d38443f7,high_MoS2,4.0,5.0,9.0,94.61699221000006,0.2730000000000032,21
MoS2_Mo62Se4S121_fc1d4d74-f30e-42e8-9bc2-be1aff05b976,high_MoS2,5.0,4.0,9.0,96.30857455000012,0.2602000000000046,21
MoS2_Mo62W1Se6S121_e360a7b3-46cc-4c8f-a608-306b77735261,high_MoS2,2.0,7.0,9.0,45.18172211999993,0.2481999999999971,21
MoS2_Mo61W2Se5S122_a677a08f-3178-4e18-9c1f-b794305baade,high_MoS2,2.0,7.0,9.0,39.89451506999997,0.3188000000000031,21
MoS2_Mo61W2Se6S122_265a3612-c25e-4832-85fe-bed15bc349c9,high_MoS2,1.0,8.0,9.0,30.58035931000005,0.3430999999999997,21
MoS2_Mo62W1Se4S121_0993d21a-1eef-4064-ac5a-3d64540b7ee0,high_MoS2,4.0,5.0,9.0,64.09175365000006,0.3926999999999978,21
MoS2_Mo60W2Se1S123_6b019469-0370-40e3-a1f3-54a51a0b8438,high_MoS2,6.0,3.0,9.0,93.18233144000004,0.1358999999999994,21
MoS2_Mo62W2Se6S121_ee0cfbee-528a-4da6-98f2-0862566ddb99,high_MoS2,1.0,8.0,9.0,12.465577210000085,1.1610999999999976,21
MoS2_Mo62W2Se4S121_8822d427-291c-44a9-96aa-0d5cb90248cc,high_MoS2,3.0,6.0,9.0,31.170101149999965,0.9461999999999976,21
MoS2_Mo62W1Se4S121_4300349b-5c7a-476a-b193-82526b81d36a,high_MoS2,4.0,5.0,9.0,61.86602512999998,0.4878,21
MoS2_Mo61W1Se3S122_20e1b6c7-ea7d-47fb-9362-52a8a8e19c42,high_MoS2,5.0,4.0,9.0,90.87812414000012,0.0715999999999965,21
MoS2_Mo61W2Se2S122_3f2d4e36-3850-46d1-b84c-3ff86a304a1d,high_MoS2,5.0,4.0,9.0,66.80436993999999,0.0863000000000013,21
MoS2_Mo59W2Se1S124_5fb7e335-9d0b-42ff-b3ca-b39ddfc590ba,high_MoS2,6.0,3.0,9.0,112.22486141000007,0.062899999999999,21
MoS2_Mo60W1Se2S123_922211da-898e-4576-b4f6-b2d9cb78234c,high_MoS2,6.0,3.0,9.0,115.42763707000007,0.0897000000000005,21
MoS2_Mo59W4Se2S124_d11b9747-381d-40be-998a-8212671ca97c,high_MoS2,3.0,6.0,9.0,38.14214243999994,0.3351000000000042,21
MoS2_Mo60W3Se2S123_298bfb69-9c1f-433c-aa84-14b81e5faaca,high_MoS2,4.0,5.0,9.0,52.95653751000014,0.3462000000000031,21
MoS2_Mo62W1Se2S121_3142b091-0c54-46c4-bbf7-4388ca40fbf4,high_MoS2,6.0,3.0,9.0,82.62332122999999,0.3783000000000029,21
MoS2_Mo61W1Se3S122_8cf14b47-1fe4-4b97-a1c3-c0c8ca2b3560,high_MoS2,5.0,4.0,9.0,86.74398912999999,0.3532999999999973,21
MoS2_Mo63Se5S120_b0edeceb-fcf0-45e3-b0a9-dac659d14588,high_MoS2,4.0,5.0,9.0,69.57016986,0.369099999999996,21
MoS2_Mo61W1Se2S122_25ad1244-1b93-411e-8cf5-d40650800800,high_MoS2,6.0,3.0,9.0,99.90908991999994,0.2680999999999969,21
MoS2_Mo61W1Se5S122_02d67556-fb33-4de7-be81-f2e8a0265d9f,high_MoS2,3.0,6.0,9.0,72.28935603000014,0.0914000000000001,21
MoS2_Mo62W2Se4S121_d3879422-30b8-43da-9b80-189b9e894a4a,high_MoS2,3.0,6.0,9.0,31.14232035000012,1.088000000000001,21
MoS2_Mo61W2Se3S122_06100125-874b-4eba-bf93-c0ca7eaac689,high_MoS2,4.0,5.0,9.0,58.36444092000011,0.3154000000000039,21
MoS2_Mo61W1Se2S122_cdd1a860-d689-44ed-931a-660dc2b9fbb4,high_MoS2,6.0,3.0,9.0,98.24558990000004,0.1304999999999978,21
MoS2_Mo59W3Se3S124_0e96499a-b40e-45b6-8672-f3b87e03c7d7,high_MoS2,3.0,6.0,9.0,61.66823695000002,0.3048000000000002,21
MoS2_Mo62W1Se4S121_341003cd-b12a-4cc9-84af-ec4bfa739de0,high_MoS2,4.0,5.0,9.0,63.39092066000008,0.153500000000001,21
MoS2_Mo62W1Se3S121_1137e862-0db9-4427-80f0-5c15ba244a47,high_MoS2,5.0,4.0,9.0,73.41998806000008,0.1263000000000005,21
MoS2_Mo60W1Se2S123_f49231d5-3cae-4f80-b973-d27afaedad11,high_MoS2,6.0,3.0,9.0,115.89464113,0.2723000000000013,21
MoS2_Mo64Se4S119_8c4d19c8-631d-43e1-88dc-f3bc8372f0ff,high_MoS2,5.0,4.0,9.0,60.97019772999998,0.5737000000000023,21
MoS2_Mo60W3Se2S123_cec1f4af-f623-4d87-9fb4-9383f5f8c6ad,high_MoS2,4.0,5.0,9.0,52.92507424000001,0.3671000000000006,21
MoS2_Mo62W1Se5S121_f4060812-3d31-4ccc-85ba-130812c15e84,high_MoS2,3.0,6.0,9.0,54.70628833,0.3502000000000009,21
MoS2_Mo62W2Se3S121_5ff34a9a-6d07-4751-a2c1-e22716a95ac6,high_MoS2,4.0,5.0,9.0,40.5105622200001,1.0094999999999956,21
MoS2_Mo62W1Se4S121_f84e52a4-a3d2-40ee-b8d3-49a625062d40,high_MoS2,4.0,5.0,9.0,64.00974390999995,0.1318000000000054,21
MoS2_Mo62W2Se3S121_6464524e-b919-437a-b0bc-6d9be552331a,high_MoS2,4.0,5.0,9.0,40.48856920999992,1.0454000000000008,21
MoS2_Mo60W2Se1S123_99f51605-083c-455a-ad85-8124c957c2db,high_MoS2,6.0,3.0,9.0,93.11816134000009,0.1576999999999984,21
MoS2_Mo61W2Se3S122_b6ed8f85-a366-4d81-a578-a74bf1aee7d5,high_MoS2,4.0,5.0,9.0,58.52347910000004,0.3293999999999997,21
MoS2_Mo61W3Se5S122_31406a91-ec66-4804-8f4f-9606299249aa,high_MoS2,1.0,8.0,9.0,6.921419830000015,1.1503000000000014,21
MoS2_Mo62W1Se4S121_5f97f77f-34bb-4313-aba5-78e7b41c4aab,high_MoS2,4.0,5.0,9.0,64.00109369999991,0.1709000000000031,21
MoS2_Mo62Se2S121_5ebbdd40-efbf-4675-aba9-ba1b36a7ac9c,high_MoS2,7.0,2.0,9.0,113.58560368000012,0.0998000000000018,21
MoS2_Mo60Se3S123_b572aab9-7750-4931-880b-aa90093a4cda,high_MoS2,6.0,3.0,9.0,137.74762870999996,0.1383999999999972,21
MoS2_Mo60W2Se1S123_1b4ede60-49f6-4860-a87e-ee940a20af56,high_MoS2,6.0,3.0,9.0,95.23899735999991,0.3141999999999996,21
MoS2_Mo59W1Se3S124_27463052-579f-4052-b730-26d78b0eb3fc,high_MoS2,5.0,4.0,9.0,126.8975339600001,0.242999999999995,21
MoS2_Mo58W3Se1S125_745d099e-fded-4268-8b40-129f9a9f4320,high_MoS2,5.0,4.0,9.0,97.60746758999996,0.2409999999999996,21
MoS2_Mo64Se4S119_38341b78-88d0-4b65-8bef-8d994a141976,high_MoS2,5.0,4.0,9.0,60.97813843000005,0.6629000000000005,21
MoS2_Mo62W1Se5S121_31abb189-1756-44fe-a2e0-b5778abf5829,high_MoS2,3.0,6.0,9.0,54.22375802999999,0.1589999999999989,21
MoS2_Mo60Se3S123_de76cb95-7816-4bd6-b375-64ee0b0ea952,high_MoS2,6.0,3.0,9.0,139.7618703500001,0.046200000000006,21
MoS2_Mo61W3Se3S122_7fcbcd95-f94d-4ac9-9365-9dbca7801b32,high_MoS2,3.0,6.0,9.0,25.623956420000084,1.0160999999999945,21
MoS2_Mo59W4Se1S124_7cce1837-723f-45ef-b08b-a81e580248af,high_MoS2,4.0,5.0,9.0,47.32552133,0.3922000000000025,21
MoS2_Mo63Se4S120_49b3879a-16f8-4248-84cb-3afc492aa2a7,high_MoS2,5.0,4.0,9.0,78.69758521999995,0.1443999999999974,21
MoS2_Mo63Se6S120_f57fb67c-ba6e-46f5-948c-d8e0ea237ddc,high_MoS2,3.0,6.0,9.0,59.78093837000001,0.1600999999999999,21
MoS2_Mo59W3Se3S124_31cd9af5-0f99-4167-ae50-aeb336372f8b,high_MoS2,3.0,6.0,9.0,61.56662422999997,0.2072000000000002,21
MoS2_Mo62W2Se3S121_36226879-a141-47a0-aca1-4af0c7fbac3b,high_MoS2,4.0,5.0,9.0,40.56282731999999,0.6968999999999994,21
MoS2_Mo62Se2S121_b7622d26-5ac6-487a-897b-02803dc6ddec,high_MoS2,7.0,2.0,9.0,114.18677082000004,0.0459999999999993,21
MoS2_Mo58W2S125_d803fd10-4f08-442d-b461-6a6d70a2fb3b,high_MoS2,7.0,2.0,9.0,132.30877243999993,0.1800999999999959,21
MoS2_Mo62Se5S121_8555b6a7-e65c-4435-be60-42f786915870,high_MoS2,4.0,5.0,9.0,87.40355205000006,0.2003999999999948,21
MoS2_Mo62Se3S121_a9a72e18-650a-4dd5-8a70-9754885ec081,high_MoS2,6.0,3.0,9.0,106.11032942999996,0.3003999999999962,21
MoS2_Mo63Se3S120_89d41f37-d492-4386-b667-193647b1ad88,high_MoS2,6.0,3.0,9.0,88.19245052000005,0.3467999999999946,21
MoS2_Mo62W1Se3S121_f35eda21-b33d-4b14-85f5-fcceb4361e6f,high_MoS2,5.0,4.0,9.0,72.83442877999998,0.125399999999999,21
MoS2_Mo61Se4S122_5884e0b0-d544-44c9-8787-883f1fde3d98,high_MoS2,5.0,4.0,9.0,114.12116901999993,0.0962000000000031,21
MoS2_Mo58W2Se1S125_0e6481b2-6c38-4b24-8b1d-da758f0ea118,high_MoS2,6.0,3.0,9.0,127.83175722999997,0.0831000000000017,21
MoS2_Mo62W1Se4S121_3a0882a1-4c99-4a52-99a0-831f4b431d4c,high_MoS2,4.0,5.0,9.0,63.670406599999936,0.1816000000000031,21
MoS2_Mo61W1Se4S122_1ca18d46-2dfc-4dd6-8d51-7fe56b6d561a,high_MoS2,4.0,5.0,9.0,82.00941166999993,0.3209000000000017,21
MoS2_Mo62W1Se4S121_1902c6da-5c84-456b-a87d-09bd62dcde43,high_MoS2,4.0,5.0,9.0,63.648373090000135,0.1666999999999987,21
MoS2_Mo60W3Se1S123_c3dc54f1-3d43-43ba-ad23-874ba09d65ee,high_MoS2,5.0,4.0,9.0,62.61483105999993,0.2653999999999996,21
MoS2_Mo59W3Se2S124_cec93f00-bff9-4d1e-8537-c8cf5f0658c4,high_MoS2,4.0,5.0,9.0,71.05935172000005,0.2656999999999954,21
MoS2_Mo62Se2S121_5d24eb40-7d4a-4487-a5d0-c813a182cc7c,high_MoS2,7.0,2.0,9.0,113.70632884999992,0.0731000000000037,21
MoS2_Mo61W3Se2S122_5e028483-5611-4c37-ac22-3d15ef6956f3,high_MoS2,4.0,5.0,9.0,34.987899040000045,1.0261999999999958,21
MoS2_Mo63Se6S120_f36823f5-3394-417d-9a9f-8f1bcce7a0f2,high_MoS2,3.0,6.0,9.0,60.18899621000009,0.2882999999999995,21
MoS2_Mo58W4Se1S125_2b7d2be0-7468-4eb1-8f99-c86ddbfe3545,high_MoS2,4.0,5.0,9.0,65.35545889000001,0.2644000000000019,21
MoS2_Mo60W3Se2S123_ba815b5e-2c0d-48a5-8d36-77b25cdb0f47,high_MoS2,4.0,5.0,9.0,52.92807988999999,0.3855999999999966,21
MoS2_Mo62W2Se3S121_cbc3cf3d-c3c5-4e17-870d-5b6ce730b47d,high_MoS2,4.0,5.0,9.0,40.66001518000007,0.6354000000000042,21
MoS2_Mo60W2Se3S123_ba19f56a-ede5-40c1-8d4f-538cfad9bb90,high_MoS2,4.0,5.0,9.0,76.37741739000013,0.3166999999999973,21
MoS2_Mo60W2Se2S123_008b6f10-761b-4396-aa88-32b98d67be80,high_MoS2,5.0,4.0,9.0,85.30129348000013,0.0858000000000061,21
MoS2_Mo63W1Se5S120_44fe6237-7cc6-49cd-9bfe-460e65ffd3b4,high_MoS2,3.0,6.0,9.0,36.64923075,1.082499999999996,21
MoS2_Mo62Se3S121_12b99baf-2c9e-4438-a21a-04f602ea3883,high_MoS2,6.0,3.0,9.0,105.10319989000013,0.1666000000000025,21
MoS2_Mo60W2Se4S123_c49f84b8-c445-4afa-8be4-de7ed270829f,high_MoS2,3.0,6.0,9.0,67.25185891000005,0.3248000000000033,21
MoS2_Mo63Se5S120_86afd8ec-411d-401c-880e-b70bc4b8c132,high_MoS2,4.0,5.0,9.0,68.77534116000007,0.1125999999999933,21
MoS2_Mo60W3Se4S118_95c78fd4-2dac-4776-90d8-fc4717abefb5,high_MoS2,7.0,7.0,14.0,88.67034542,0.3450999999999951,22
MoS2_Mo57W3Se4S121_6758394c-f227-4dc7-aefd-21e96f50a621,high_MoS2,7.0,7.0,14.0,137.60776153,0.1191999999999993,22
MoS2_Mo60W3Se4S118_d90c9468-a64e-4ec9-b1ab-7620788299fb,high_MoS2,7.0,7.0,14.0,86.72005331000004,0.1445000000000007,22
MoS2_Mo61W2Se7S117_24391ea4-1146-485b-9ad2-e1e8b3a348ce,high_MoS2,5.0,9.0,14.0,74.74840701999997,0.1021,22
MoS2_Mo58W3Se3S120_20271bf8-6105-4a87-bd42-1d808dcf0c6d,high_MoS2,8.0,6.0,14.0,131.9384469800001,0.0585000000000022,22
MoS2_Mo60W2Se5S118_96a9d748-c3dc-4e42-b150-0e4abfd085ee,high_MoS2,7.0,7.0,14.0,110.36238328,0.0826999999999955,22
MoS2_Mo58W2Se6S120_44557ba2-fcb9-47b6-867a-fa1765641441,high_MoS2,6.0,8.0,14.0,136.82378392,0.0409999999999968,22
MoS2_Mo60W4Se3S118_e5d98f56-f270-40d4-8b59-3a872dd3af5c,high_MoS2,7.0,7.0,14.0,65.44992848999998,0.8783999999999992,22
MoS2_Mo61W3Se6S117_7143dad8-39a3-42a2-bec1-cc448c105bb2,high_MoS2,5.0,9.0,14.0,52.194001340000064,0.9154000000000052,22
MoS2_Mo61Se8S117_96058f09-c46e-4e7b-b553-f2e2695e54cf,high_MoS2,6.0,8.0,14.0,127.38617656,0.0755999999999943,22
MoS2_Mo60W2Se6S118_bfe63e0b-33bf-4211-a5f8-ccf4e4b95187,high_MoS2,6.0,8.0,14.0,99.89461298999991,0.0587999999999979,22
MoS2_Mo56W4Se5S122_3b45923d-d8a8-4be4-ac6b-b322e9618270,high_MoS2,5.0,9.0,14.0,115.78268647000009,0.1630000000000038,22
MoS2_Mo60W3Se5S118_6280bda9-824c-4643-9c92-55c204c87f2a,high_MoS2,6.0,8.0,14.0,78.96033771000013,0.1014000000000052,22
MoS2_Mo61Se4S117_4079b58c-bddc-4ff0-80bb-67149a05bd12,high_MoS2,10.0,4.0,14.0,166.1113665500001,0.0290999999999996,22
MoS2_Mo58W3Se3S120_8225953b-ff7b-462e-a39f-7df093b03c1d,high_MoS2,8.0,6.0,14.0,131.67882167999994,0.0912000000000006,22
MoS2_Mo60W3Se5S118_415f58fa-1dfd-41e2-9e63-b369c8dbce33,high_MoS2,6.0,8.0,14.0,79.4396629300001,0.3665999999999982,22
MoS2_Mo59W2Se2S119_72ed5342-b778-4aac-83e6-96d3c9ad202a,high_MoS2,10.0,4.0,14.0,157.10367732999998,0.0987999999999971,22
MoS2_Mo60W1Se4S118_473bc551-a997-4fc5-b370-132038735c7c,high_MoS2,9.0,5.0,14.0,151.1643429600001,0.1512999999999991,22
MoS2_Mo58W4Se2S120_a4b1cee3-a785-44ac-be7c-13e632b95410,high_MoS2,8.0,6.0,14.0,110.66885442000005,0.0401000000000024,22
MoS2_Mo62Se5S116_5eb997c8-7faf-4a86-8597-2da8a2315890,high_MoS2,9.0,5.0,14.0,141.02175542000003,0.1709999999999993,22
MoS2_Mo57W4Se4S121_9de3abcb-e2f7-43f5-90f3-b2d69bfcb836,high_MoS2,6.0,8.0,14.0,105.15650131000008,0.2605000000000004,22
MoS2_Mo56W4Se3S122_33830040-3c4f-4946-bd8f-37e701069b74,high_MoS2,7.0,7.0,14.0,133.80135584,0.1173999999999964,22
MoS2_Mo60W1Se5S118_f695aaae-4b54-48c1-9c47-2d5e815da6d5,high_MoS2,8.0,6.0,14.0,144.93847654000004,0.0753000000000057,22
MoS2_Mo59W1Se4S119_909a688e-53a2-475d-9a31-0bd12201ef5d,high_MoS2,9.0,5.0,14.0,168.01494851999996,0.0439000000000007,22
MoS2_Mo61W2Se5S117_9a465b72-532a-4e73-8878-a2f46f45e07e,high_MoS2,7.0,7.0,14.0,94.59516792999996,0.3522999999999996,22
MoS2_Mo58W4Se3S120_b766cab5-595c-45f1-a71d-0fde609ac09b,high_MoS2,7.0,7.0,14.0,101.06164112999994,0.2531999999999996,22
MoS2_Mo57W4Se3S121_6336cbf0-4a5d-4404-8d30-790566398c96,high_MoS2,7.0,7.0,14.0,116.2691807400001,0.182700000000004,22
MoS2_Mo59W2Se6S119_57ceb745-64b3-4e75-8bbb-2407e129cac2,high_MoS2,6.0,8.0,14.0,118.56356795,0.0565999999999959,22
MoS2_Mo62W2Se4S116_ea9d5813-68c4-41b3-b6c8-acbece52f40f,high_MoS2,8.0,6.0,14.0,86.05588605999995,0.1256000000000057,22
MoS2_Mo59W2Se4S119_39119272-cacd-4a42-b90a-d3e7e2537390,high_MoS2,8.0,6.0,14.0,138.07293078999993,0.122799999999998,22
MoS2_Mo60W2Se7S118_df1251af-67ef-4ffe-bf22-cce70e2ae19b,high_MoS2,5.0,9.0,14.0,92.8124611,0.1098999999999961,22
MoS2_Mo56W4Se4S122_28ca496f-b60a-45fe-ac86-e08612cc2e8c,high_MoS2,6.0,8.0,14.0,127.3654862200001,0.0468000000000046,22
MoS2_Mo57W4Se3S121_23a2fc5e-21be-4f7e-a495-47fcff63812b,high_MoS2,7.0,7.0,14.0,116.77362153999998,0.0623000000000004,22
MoS2_Mo58W2Se3S120_94c8b6ad-0eeb-4f98-a436-a498818ca516,high_MoS2,9.0,5.0,14.0,163.62298435000008,0.0709000000000017,22
MoS2_Mo56W4Se1S122_dc05c576-af56-4203-89ea-12c432a1a34b,high_MoS2,9.0,5.0,14.0,152.71634957999993,0.0172000000000025,22
MoS2_Mo61W2Se3S117_5fb4fc6f-c2a9-4eed-9500-89c4ed76abff,high_MoS2,9.0,5.0,14.0,112.83980410000004,0.1559000000000026,22
MoS2_Mo59W2Se3S119_3147687c-6e3d-4d14-8e89-41c203406bb4,high_MoS2,9.0,5.0,14.0,146.65146744000006,0.0977999999999994,22
MoS2_Mo56W4Se3S122_1242fae0-208c-44f5-9381-bd7899406c9c,high_MoS2,7.0,7.0,14.0,132.8966394000001,0.1875,22
MoS2_Mo60W3Se3S118_24d407b9-3975-4934-887d-15f0173f8156,high_MoS2,8.0,6.0,14.0,98.32443820000012,0.1880000000000024,22
MoS2_Mo60W3Se7S118_5fdb6ea1-fe85-40e9-bc44-3cb84216f979,high_MoS2,4.0,10.0,14.0,60.37847755000006,0.1156999999999968,22
MoS2_Mo56W4Se2S122_61d5e59e-335f-4026-bf18-15769c43a20b,high_MoS2,8.0,6.0,14.0,144.45300511,0.1133999999999986,22
MoS2_Mo58W4Se1S120_660d6cb2-ebf0-47df-bde7-6109f5242562,high_MoS2,9.0,5.0,14.0,114.52489905000004,0.1454999999999984,22
MoS2_Mo58W4Se4S120_b31d5b94-df9b-43e9-8edf-0b7902fdacb4,high_MoS2,6.0,8.0,14.0,87.93035051000014,0.0578999999999965,22
MoS2_Mo57W4Se6S121_3248810e-b6ae-485f-96d4-cddbee583cd6,high_MoS2,4.0,10.0,14.0,91.35015501999992,0.0442000000000035,22
MoS2_Mo61W2Se8S117_ee97b6c7-a64a-450e-9813-965fe4300d61,high_MoS2,4.0,10.0,14.0,65.92906426000008,0.1597000000000008,22
MoS2_Mo62W2Se8S116_4e387d5a-4c2c-4e5d-8c3e-56fae9dc1520,high_MoS2,4.0,10.0,14.0,48.40898527000007,0.6503000000000014,22
MoS2_Mo58W4Se4S120_3a313d59-0ff7-4da0-9238-d04326b51e85,high_MoS2,6.0,8.0,14.0,91.82509945000014,0.0998000000000018,22
MoS2_Mo58W2Se5S120_c1057327-1e7f-4cf9-8bbb-51d792686170,high_MoS2,7.0,7.0,14.0,147.11551384999996,0.0970000000000013,22
MoS2_Mo61W2Se7S117_a194abdb-686b-4e55-bdad-f407799d6122,high_MoS2,5.0,9.0,14.0,75.63947012999998,0.2935999999999978,22
MoS2_Mo58W3Se2S120_5df4080c-c7de-4c42-a479-37b2353312f5,high_MoS2,9.0,5.0,14.0,140.06071598000003,0.1644999999999967,22
MoS2_Mo61W2Se7S117_acba3816-d32a-489c-9dd2-646ea4a1cd40,high_MoS2,5.0,9.0,14.0,75.71123161999995,0.3630000000000066,22
MoS2_Mo59W2Se5S119_222f8366-48e1-4077-a9b5-b15cc6bee59e,high_MoS2,7.0,7.0,14.0,125.12306111999996,0.1077000000000012,22
MoS2_Mo59W2Se7S119_539e5bc7-bf5b-4017-b190-23d40ffb865c,high_MoS2,5.0,9.0,14.0,111.50126156999994,0.0578000000000002,22
MoS2_Mo57W3Se4S121_fac36d54-ece3-4ebf-b318-6bf42b6fe9b5,high_MoS2,7.0,7.0,14.0,139.16397589000002,0.0915000000000034,22
MoS2_Mo58W4Se4S120_2fd4ac67-1750-4055-ad26-2145973a7001,high_MoS2,6.0,8.0,14.0,91.85279645000011,0.2946999999999988,22
MoS2_Mo59W3Se4S119_f024c245-ca4a-4a39-8370-d7bd17b9a82c,high_MoS2,7.0,7.0,14.0,106.0869094000001,0.1625999999999976,22
MoS2_Mo59W4Se4S119_3184cd50-f7a5-4bf6-86c6-4c5a83bc3562,high_MoS2,6.0,8.0,14.0,71.73539943000011,0.1281999999999996,22
MoS2_Mo62W2Se6S116_07c6781a-7665-42a0-a64b-b61ded79e3eb,high_MoS2,6.0,8.0,14.0,67.23096420000012,0.6516999999999982,22
MoS2_Mo59W3Se5S119_1aae2b6c-3acb-4fd6-b0f4-4065fc1c0969,high_MoS2,6.0,8.0,14.0,94.34078878999998,0.0805000000000006,22
MoS2_Mo59W1Se3S119_3702e941-ef4a-472b-87b5-d989bc80e041,high_MoS2,10.0,4.0,14.0,179.1042507700001,0.0478999999999985,22
MoS2_Mo57W3Se4S121_eca8e2cf-091c-407f-822e-83291f4d4df7,high_MoS2,7.0,7.0,14.0,137.64896175999996,0.1392999999999986,22
MoS2_Mo58W2Se5S120_97851dca-af0c-4289-a477-7a9c241cb53f,high_MoS2,7.0,7.0,14.0,145.63106189999996,0.1216000000000008,22
MoS2_Mo60W2Se3S118_18f13584-f31a-4d87-967e-54026c6dccbc,high_MoS2,9.0,5.0,14.0,130.20279380000014,0.0917999999999992,22
MoS2_Mo60W2Se5S118_bb37ad2a-8b69-4dbf-9bc9-b055ed0f53ef,high_MoS2,7.0,7.0,14.0,107.51187779999997,0.1861000000000032,22
MoS2_Mo60W3Se7S118_e7f10e2a-314a-45fe-9c05-ae962f44182f,high_MoS2,4.0,10.0,14.0,60.75986364000004,0.2953999999999936,22
MoS2_Mo58W4Se5S120_399b730b-d32d-4fcd-ac28-301b9d0d0278,high_MoS2,5.0,9.0,14.0,78.71195067000009,0.3740999999999985,22
MoS2_Mo61W1Se3S117_2f7ffc97-4f3a-47de-ad57-74690583b40e,high_MoS2,10.0,4.0,14.0,144.47238404000012,0.1270999999999986,22
MoS2_Mo58W4Se5S120_a6b31782-7d70-41f3-81b3-4ed7b5906264,high_MoS2,5.0,9.0,14.0,80.30174976000013,0.0904000000000024,22
MoS2_Mo60W1Se3S118_dc61a62e-0566-4b61-a708-308aaa33c839,high_MoS2,10.0,4.0,14.0,162.2644665699999,0.0556999999999945,22
MoS2_Mo60W1Se6S118_607abdef-de68-4a31-8438-a2221d42cb34,high_MoS2,7.0,7.0,14.0,128.70354973000013,0.0144999999999981,22
MoS2_Mo59W2Se4S119_91f45fe1-ccc2-4a06-a36a-7b1341a10355,high_MoS2,8.0,6.0,14.0,137.32842205000003,0.0703999999999993,22
MoS2_Mo59W3Se5S119_66db7e8c-f721-4d1e-839b-fc689cab9787,high_MoS2,6.0,8.0,14.0,94.31345210000012,0.1873000000000004,22
MoS2_Mo57W3Se4S121_1362ee62-e140-43ed-919e-c99cef040aa7,high_MoS2,7.0,7.0,14.0,138.30848228000008,0.1689999999999969,22
MoS2_Mo58W3Se4S120_a86b1869-46df-4fe5-aba8-175c1c6d5d37,high_MoS2,7.0,7.0,14.0,121.13014852999996,0.312899999999999,22
MoS2_Mo61W2Se5S117_e0b8e6fb-ad5c-490a-929b-33e56be0bb4b,high_MoS2,7.0,7.0,14.0,92.44111866000011,0.1642999999999972,22
MoS2_Mo59W3Se2S119_109f4819-c8a2-4e6e-9e58-f16fdb2cf978,high_MoS2,9.0,5.0,14.0,125.32240667000003,0.0533000000000001,22
MoS2_Mo60W2Se3S118_90654c6c-8ac6-4302-a464-4aef93f93bf9,high_MoS2,9.0,5.0,14.0,130.76546996999994,0.0476999999999989,22
MoS2_Mo60Se4S118_7d86d5a3-4f6b-478f-acbf-86a79584af9b,high_MoS2,10.0,4.0,14.0,181.02728076000008,0.0940000000000012,22
MoS2_Mo61W2Se8S117_84f38891-16dd-4050-8303-1dba3c98c793,high_MoS2,4.0,10.0,14.0,66.35785513000013,0.3782999999999958,22
MoS2_Mo61W2Se4S117_1b150e03-0024-426d-b410-9d865f76de1f,high_MoS2,8.0,6.0,14.0,101.47387114999997,0.3537999999999996,22
MoS2_Mo60W3Se3S118_69a6a908-3ca2-4916-a6a7-3f369fe67935,high_MoS2,8.0,6.0,14.0,98.16278756000006,0.1405999999999991,22
MoS2_Mo60W2Se3S118_e5f67bf0-0882-47a3-a53e-9ad35d0b5c66,high_MoS2,9.0,5.0,14.0,130.68141790000007,0.0979000000000027,22
MoS2_Mo59W2Se1S119_c87b2acc-4bca-4111-aa07-be4cc9f0d6d3,high_MoS2,11.0,3.0,14.0,164.63584807000004,0.054000000000002,22
MoS2_Mo61W2Se7S117_5b6cfa9d-2c93-48a7-9d8b-2ce596e90c53,high_MoS2,5.0,9.0,14.0,75.49446434000006,0.4249999999999971,22
MoS2_Mo62W1Se4S116_0133eadb-ab5e-455c-9c6a-28eba8997e91,high_MoS2,9.0,5.0,14.0,118.91711032000008,0.1355000000000004,22
MoS2_Mo58W3Se3S120_e4e58380-5b1a-4f25-8461-4c0ac3fcec71,high_MoS2,8.0,6.0,14.0,131.84746652,0.090600000000002,22
MoS2_Mo62W2Se8S116_feaec419-ac0e-4723-b508-26f32241b6fd,high_MoS2,4.0,10.0,14.0,48.47557995999995,0.9653000000000064,22
MoS2_Mo61W2Se7S117_23f73259-5199-41b3-a092-aecf34561bef,high_MoS2,5.0,9.0,14.0,74.91621904000013,0.1572999999999993,22
MoS2_Mo58W3Se4S120_06f0c341-e0b8-4747-a16b-edfd69ebd2f4,high_MoS2,7.0,7.0,14.0,119.54682771999992,0.255199999999995,22
MoS2_Mo59W3Se4S119_262a07b4-dc67-42a0-85eb-4324ae24a4c7,high_MoS2,7.0,7.0,14.0,101.91901513999996,0.3314000000000021,22
MoS2_Mo61W1Se6S117_96d22618-9d48-4d83-8220-8f155b10ae1a,high_MoS2,7.0,7.0,14.0,117.52459290999997,0.1379999999999981,22
MoS2_Mo61W2Se8S117_5b483d9c-4b87-4214-84ca-db090f068793,high_MoS2,4.0,10.0,14.0,66.40900329999994,0.1341000000000036,22
MoS2_Mo56W4Se5S122_07f31878-d635-41b5-83f5-36abc1694b37,high_MoS2,5.0,9.0,14.0,115.69628543000002,0.0914000000000001,22
MoS2_Mo59W3Se5S119_0928e327-ded2-4a29-b315-f060b901813c,high_MoS2,6.0,8.0,14.0,95.06174690999995,0.1848000000000027,22
MoS2_Mo60W1Se4S118_7026e542-581f-49af-b014-490c0065654d,high_MoS2,9.0,5.0,14.0,150.85331872999996,0.1032999999999972,22
MoS2_Mo60W3Se4S118_8dd82e57-09b3-4320-bf1d-a363762f9e3e,high_MoS2,7.0,7.0,14.0,86.43594472000008,0.2615000000000052,22
MoS2_Mo59W3Se5S119_a714b27a-cf0e-459d-b91f-61e44dffe044,high_MoS2,6.0,8.0,14.0,96.71284641999996,0.0685999999999964,22
MoS2_Mo62W1Se4S116_b4a405e8-4d73-40b7-8721-7dc749e8c97a,high_MoS2,9.0,5.0,14.0,114.77227071000011,0.0745999999999966,22
MoS2_Mo57W4Se4S121_2e33086c-ff21-4a5d-a16e-20536f30f88b,high_MoS2,6.0,8.0,14.0,107.64732664999995,0.1373999999999995,22
MoS2_Mo60W2Se7S118_af9410b2-ee7a-45dd-b9e4-e286833d9ad7,high_MoS2,5.0,9.0,14.0,93.21842480000002,0.1111999999999966,22
MoS2_Mo58W3Se6S115_9e16d787-4070-4413-8b19-9a393e2e50f0,high_MoS2,10.0,9.0,19.0,155.73968360999993,0.1541999999999959,23
MoS2_Mo58W4Se5S115_5dbee5b1-651c-4524-8cce-ad6d57a08c10,high_MoS2,10.0,9.0,19.0,134.68561516000003,0.0396,23
MoS2_Mo59W2Se8S114_44663681-c58d-40b3-beb0-f47681259f6e,high_MoS2,9.0,10.0,19.0,149.79381512999996,0.1460000000000008,23
MoS2_Mo58W3Se7S115_de9cb2e4-5eae-43a6-bf87-8bbb3fc3fa7e,high_MoS2,9.0,10.0,19.0,147.69879418000008,0.0279999999999986,23
MoS2_Mo59W3Se6S114_15195123-4aa3-439e-aec7-a344a9f8cd0f,high_MoS2,10.0,9.0,19.0,140.4244418800001,0.1454000000000022,23
MoS2_Mo59W2Se6S114_654fa5e6-b479-4cfd-a11f-3d31a6c23c47,high_MoS2,11.0,8.0,19.0,170.94357711000012,0.0745000000000004,23
MoS2_Mo59W3Se6S114_dfae1688-181c-4e33-9b3c-8b4488ff9e96,high_MoS2,10.0,9.0,19.0,142.1816023599999,0.0838000000000036,23
MoS2_Mo58W2Se7S115_6c833768-8a4e-4b31-bfab-51f01f59ea4c,high_MoS2,10.0,9.0,19.0,178.04788146000004,0.2531999999999996,23
MoS2_Mo59W2Se7S114_3eea7f4d-d408-41ed-8f8c-7c7bb0a92bef,high_MoS2,10.0,9.0,19.0,162.39838212000012,0.0253999999999976,23
MoS2_Mo59W3Se8S114_1c1d6591-2194-403e-beb8-5f17e1902ac1,high_MoS2,8.0,11.0,19.0,122.91859482,0.1922999999999959,23
MoS2_Mo56W4Se8S117_82828a4c-c639-4483-b501-271c2cfa2012,high_MoS2,7.0,12.0,19.0,144.98323027999996,0.0433999999999983,23
MoS2_Mo58W4Se5S115_3adf6f53-c56b-4916-a5d0-40c0453f92a6,high_MoS2,10.0,9.0,19.0,133.57990111999996,0.0692999999999983,23
MoS2_Mo56W4Se5S117_9212e829-eea9-471f-9567-49e171c11a1b,high_MoS2,10.0,9.0,19.0,169.03407120000003,0.3005999999999957,23
MoS2_Mo59W3Se8S114_6c710169-fcb3-4317-8db8-758851d33d7c,high_MoS2,8.0,11.0,19.0,121.86202323999991,0.1347999999999984,23
MoS2_Mo60W1Se8S113_e4e03296-7711-4310-b4b4-a8d2a1caf183,high_MoS2,10.0,9.0,19.0,166.09194098,0.1328000000000031,23
MoS2_Mo57W4Se7S116_249a7f77-d70c-45e9-be79-1512d15cc5ee,high_MoS2,8.0,11.0,19.0,134.24487841999996,0.0833999999999974,23
MoS2_Mo57W4Se8S116_5e5aea0b-578a-462b-a1de-113b3fc2335a,high_MoS2,7.0,12.0,19.0,124.30618295000012,0.0707999999999984,23
MoS2_Mo56W4Se7S117_f031e51f-8579-4c6d-b741-0c75c8f431bb,high_MoS2,8.0,11.0,19.0,152.594608,0.0575000000000045,23
MoS2_Mo58W2Se7S115_94e8f60d-e705-46f9-a624-da05191856d0,high_MoS2,10.0,9.0,19.0,181.0550931100001,0.0426999999999964,23
MoS2_Mo58W2Se8S115_493cf143-1204-4289-a296-f85b37cedbce,high_MoS2,9.0,10.0,19.0,173.50867506999998,0.0899,23
MoS2_Mo61W2Se8S112_2a168810-1616-4909-a413-6dc0106050d7,high_MoS2,9.0,10.0,19.0,120.62262370000003,0.1664999999999992,23
MoS2_Mo60W1Se8S113_abcfb793-8191-4190-90cd-25b27277e99b,high_MoS2,10.0,9.0,19.0,170.98868688999994,0.0521999999999991,23
MoS2_Mo59W3Se8S114_d9cc0ae6-a41a-4631-8008-926f9add09f4,high_MoS2,8.0,11.0,19.0,123.59258370999991,0.1522999999999967,23
MoS2_Mo58W4Se6S115_6d17ded0-77c0-449f-932d-cef531f575bf,high_MoS2,9.0,10.0,19.0,125.26901477999996,0.0832999999999941,23
MoS2_Mo60W2Se7S113_e59d4438-1fae-48e6-b922-ec669445b70d,high_MoS2,10.0,9.0,19.0,145.64675755000002,0.0484000000000008,23
MoS2_Mo57W3Se7S116_f83b432c-35b2-469a-a778-8899e1a8fc35,high_MoS2,9.0,10.0,19.0,167.33668629000002,0.123899999999999,23
MoS2_Mo57W4Se4S116_f186ea0a-425c-4392-9756-a1a03741eb4d,high_MoS2,11.0,8.0,19.0,159.35950759999992,0.1993000000000009,23
MoS2_Mo59W3Se8S114_a830a93b-05d0-413d-9791-94b8d7233890,high_MoS2,8.0,11.0,19.0,121.83459599000008,0.0878999999999976,23
MoS2_Mo58W4Se8S115_c4fa68ba-83df-4f8b-be4d-f6a34e1b95cb,high_MoS2,7.0,12.0,19.0,108.81726964000006,0.0223999999999975,23
MoS2_Mo56W4Se3S117_5ab2d1a8-0b8a-4f0c-983e-c41729852064,high_MoS2,12.0,7.0,19.0,187.0430276700001,0.0280000000000057,23
MoS2_Mo61W2Se8S112_46cc3df1-abb6-4a77-a43d-552ac68630c8,high_MoS2,9.0,10.0,19.0,120.45051639000005,0.2967000000000013,23
MoS2_Mo56W4Se5S117_93d8d5f3-e866-45c1-9bf5-f9ffdc5b7049,high_MoS2,10.0,9.0,19.0,166.58823934000003,0.0893000000000014,23
MoS2_Mo58W3Se7S115_f9eb0e3f-f286-45b6-ab76-807e92ace80e,high_MoS2,9.0,10.0,19.0,150.09015316999992,0.0974000000000003,23
MoS2_Mo57W3Se8S116_30951fc6-6298-4faf-8f15-baaa63e4400d,high_MoS2,8.0,11.0,19.0,155.4910110900001,0.0923000000000016,23
MoS2_Mo56W4Se8S117_bd1b1f71-567b-4632-9a8c-ae54d721d4cd,high_MoS2,7.0,12.0,19.0,143.70660087000002,0.0825000000000031,23
MoS2_Mo60W1Se7S113_c392dbd6-cbed-4087-a8a9-fb0f888accf3,high_MoS2,11.0,8.0,19.0,175.42713932,0.1132999999999953,23
MoS2_Mo56W4Se5S117_918fb99f-d394-49a4-b2cd-e4068003ffa6,high_MoS2,10.0,9.0,19.0,165.22919951,0.1161999999999991,23
MoS2_Mo57W4Se4S116_2562adf1-d859-4b45-814b-8169127ba8bc,high_MoS2,11.0,8.0,19.0,160.2799206300001,0.158299999999997,23
MoS2_Mo59W4Se7S114_31950516-62dc-4b91-8de9-ff42e88c6231,high_MoS2,8.0,11.0,19.0,98.4928477500001,0.2661000000000015,23
MoS2_Mo56W4Se4S117_2d83e61f-3e57-4bbe-ba72-a251a60aefbd,high_MoS2,11.0,8.0,19.0,179.6641684399999,0.0726000000000013,23
MoS2_Mo56W4Se3S117_d864f9b2-578f-4b00-a4d5-8b87ca7b4dde,high_MoS2,12.0,7.0,19.0,188.28320956000013,0.0460000000000064,23
MoS2_Mo58W2Se5S115_4ec90be2-8451-406c-b83b-94a94e669565,high_MoS2,12.0,7.0,19.0,192.28820272,0.0548000000000001,23
MoS2_Mo58W2Se6S115_acc88e89-cdd8-42b6-a440-1fb5302f6a9d,high_MoS2,11.0,8.0,19.0,187.13622290000004,0.1420999999999992,23
MoS2_Mo56W4Se5S117_c47931e1-fbdd-4a1e-a6fa-0b6e910b6961,high_MoS2,10.0,9.0,19.0,168.21816038000003,0.0342999999999946,23
MoS2_Mo58W2Se5S115_334e813b-2a68-43ab-bc84-4bd7c2562027,high_MoS2,12.0,7.0,19.0,195.15702190000013,0.0467000000000012,23
MoS2_Mo58W2Se8S115_82cc2ffd-1a94-448a-888d-26ec9c8ae6fb,high_MoS2,9.0,10.0,19.0,168.99924932,0.1159999999999996,23
MoS2_Mo57W3Se4S116_5a422ee1-1f55-4c95-8889-0247ee043d85,high_MoS2,12.0,7.0,19.0,188.27642809,0.2484999999999999,23
MoS2_Mo61Se8S112_b704ddf5-08cf-42c7-bec9-b7800ee06e9a,high_MoS2,11.0,8.0,19.0,180.49040501,0.1471000000000017,23
MoS2_Mo59W2Se7S114_ae731330-806f-4065-90c5-32bff8db07d6,high_MoS2,10.0,9.0,19.0,161.82589264000006,0.0654000000000039,23
MoS2_Mo56W4Se3S117_6b4fc263-4c91-4ad7-8bb4-e0642858dd77,high_MoS2,12.0,7.0,19.0,188.86655612,0.0488999999999961,23
MoS2_Mo57W4Se8S116_e05bfae9-5318-464a-b3c4-9d8c3ce443c7,high_MoS2,7.0,12.0,19.0,124.92358412000011,0.0281999999999982,23
MoS2_Mo59W4Se7S114_5af934e3-be97-428c-8fea-dfdd42f7ec68,high_MoS2,8.0,11.0,19.0,100.72498948000006,0.2413999999999987,23
MoS2_Mo56W4Se6S117_857b9618-011e-4c19-9284-313125cf4bba,high_MoS2,9.0,10.0,19.0,161.36741936000007,0.0756999999999976,23
MoS2_Mo56W4Se5S117_452ea8ab-3124-4dd2-919e-e70248d3467d,high_MoS2,10.0,9.0,19.0,168.93463864000006,0.0302999999999968,23
MoS2_Mo59W3Se6S114_f4a63eb1-64c0-45a7-8a16-bb9a8f218037,high_MoS2,10.0,9.0,19.0,138.27226259999995,0.1438000000000059,23
MoS2_Mo59W3Se7S114_e188b586-0063-4de4-8860-93ca1133fe1d,high_MoS2,9.0,10.0,19.0,131.20883589999994,0.3136999999999972,23
MoS2_Mo60Se7S113_0c55b712-9887-4723-b807-906164ca9ecf,high_MoS2,12.0,7.0,19.0,209.05573832000007,0.1173000000000001,23
MoS2_Mo57W4Se5S116_fdc29ec5-381a-43ed-827d-4f70cf379d4b,high_MoS2,10.0,9.0,19.0,153.36300280999993,0.2496999999999971,23
MoS2_Mo57W4Se4S116_7fe93bf0-211c-4166-949b-4f19c4a3d9d0,high_MoS2,11.0,8.0,19.0,159.7807012400001,0.0823000000000035,23
MoS2_Mo61W2Se8S112_af9d3af9-6752-464d-a198-30d426c7e860,high_MoS2,9.0,10.0,19.0,120.13179123999994,0.2423000000000001,23
MoS2_Mo59W2Se6S114_c2c73a38-d274-456d-8867-9cbd133747d6,high_MoS2,11.0,8.0,19.0,172.1519563400001,0.0922999999999945,23
MoS2_Mo59W1Se6S114_ec550b43-b906-4361-be52-1e6011043bd0,high_MoS2,12.0,7.0,19.0,203.88392622,0.0474999999999994,23
MoS2_Mo58W2Se7S115_6d70a5fc-8abc-42af-ba90-64713824ad68,high_MoS2,10.0,9.0,19.0,180.98335063000007,0.0581999999999993,23
MoS2_Mo57W4Se8S116_ef014dc8-64ab-4644-a28d-dc20272490dc,high_MoS2,7.0,12.0,19.0,127.13882228,0.0167000000000001,23
MoS2_Mo56W4Se6S117_9fc2e379-703d-4fd8-9643-06b6d1ba9c70,high_MoS2,9.0,10.0,19.0,160.85362685000004,0.0182000000000002,23
MoS2_Mo56W4Se3S117_b593cd47-47e7-4a55-9a27-466f5c3f661c,high_MoS2,12.0,7.0,19.0,184.8434324300001,0.0722999999999984,23
MoS2_Mo60W3Se8S113_ca56e931-619b-4642-8f7a-0afde8688866,high_MoS2,8.0,11.0,19.0,106.11794891999992,0.3058000000000049,23
MoS2_Mo56W4Se6S117_616de8ef-3e3c-4533-9b09-7289139b35b4,high_MoS2,9.0,10.0,19.0,159.08635078000006,0.0598999999999989,23
MoS2_Mo58W4Se5S115_e0daf691-eff2-4b2e-b04c-08ca1859a86c,high_MoS2,10.0,9.0,19.0,136.71132904999993,0.1299000000000063,23
MoS2_Mo58W3Se5S115_4fea5508-5dd4-4160-a9da-24a2cd2b1326,high_MoS2,11.0,8.0,19.0,167.72528933000007,0.0365999999999999,23
MoS2_Mo59W1Se7S114_7dd7d61b-7e10-40bf-b003-a3ff3adf507c,high_MoS2,11.0,8.0,19.0,190.14013468,0.0718999999999994,23
MoS2_Mo60W2Se8S113_22637793-5985-483f-9b02-c20ae0f473fb,high_MoS2,9.0,10.0,19.0,136.37058132000013,0.1682000000000059,23
MoS2_Mo59W3Se8S114_5e8f6f9c-5eec-4e69-a5af-85c74214698b,high_MoS2,8.0,11.0,19.0,119.32707009000003,0.221199999999996,23
MoS2_Mo57W4Se8S116_0c2fe95f-65db-4965-aadc-7dd2ced0e50d,high_MoS2,7.0,12.0,19.0,125.78771608,0.083200000000005,23
MoS2_Mo57W3Se4S116_e1b450d0-a438-42cd-be2b-91b046416f99,high_MoS2,12.0,7.0,19.0,190.6213575900001,0.1064999999999969,23
MoS2_Mo56W4Se3S117_6502c382-8e2c-4745-80ea-7e877a2bc4ae,high_MoS2,12.0,7.0,19.0,186.1559936600001,0.0643000000000029,23
MoS2_Mo56W4Se7S117_4cd3f686-47c7-407e-b125-cb5d79dddc73,high_MoS2,8.0,11.0,19.0,151.13491806000013,0.1003999999999933,23
MoS2_Mo61W2Se8S112_40712e0b-8945-4c9c-80af-c50577c95587,high_MoS2,9.0,10.0,19.0,120.5590960900001,0.1234999999999999,23
MoS2_Mo58W2Se6S115_904c343f-3803-45b1-ad56-ffa46b6086d3,high_MoS2,11.0,8.0,19.0,189.78886585,0.0607999999999933,23
MoS2_Mo57W3Se8S116_6fd7edf4-b5bc-4ece-b78f-d25e3e167870,high_MoS2,8.0,11.0,19.0,156.0924027700001,0.0593000000000003,23
MoS2_Mo58W3Se8S115_aa74e1b4-fdfd-4597-99e7-aa7f3a9a162b,high_MoS2,8.0,11.0,19.0,138.99162400000006,0.0394999999999967,23
MoS2_Mo57W4Se4S116_53cd9ad0-7fee-47de-8f69-7361082e1f9f,high_MoS2,11.0,8.0,19.0,160.1456277100001,0.0784999999999982,23
MoS2_Mo57W3Se5S116_3eec30d0-786f-40ab-ba11-33f819868407,high_MoS2,11.0,8.0,19.0,180.78138108000005,0.0938000000000016,23
MoS2_Mo59W3Se7S114_172e32ae-f826-444b-a4f7-966a1c9547dd,high_MoS2,9.0,10.0,19.0,131.4506547200001,0.1533000000000015,23
MoS2_Mo57W3Se6S116_3e167e35-8d87-4a80-a8d0-7eae2b6f2c68,high_MoS2,10.0,9.0,19.0,170.78522077000002,0.0713000000000008,23
MoS2_Mo59W4Se8S114_8eac7835-f27a-4d88-bcd3-6b36c9b29a6f,high_MoS2,7.0,12.0,19.0,89.32232454999996,0.1381999999999976,23
MoS2_Mo57W3Se4S116_e51d5587-6968-4ff3-91c4-d1a29590c814,high_MoS2,12.0,7.0,19.0,187.63765882,0.0425000000000039,23
MoS2_Mo56W4Se6S117_79048c08-9802-4e5d-85f2-4f25752aef99,high_MoS2,9.0,10.0,19.0,160.00861472000005,0.067700000000002,23
MoS2_Mo60W1Se8S113_e8875fa2-1301-486a-847f-3ed6fea4a2fc,high_MoS2,10.0,9.0,19.0,164.6757526099999,0.0441000000000002,23
MoS2_Mo56W4Se4S117_e2eaecd5-5bc3-41f5-9b98-871eef79ecc0,high_MoS2,11.0,8.0,19.0,178.12647642000002,0.1176999999999992,23
MoS2_Mo58W4Se5S115_4741958d-cf84-4abd-b1a5-c83d776b34cb,high_MoS2,10.0,9.0,19.0,135.77363024000013,0.0656999999999996,23
MoS2_Mo57W3Se5S116_ca23f7e4-4dfe-47d3-ac26-0626216fe102,high_MoS2,11.0,8.0,19.0,181.39622127000004,0.0788999999999973,23
MoS2_Mo56W4Se4S117_9df8176f-1a41-4d9d-a2e3-2d4b0aac5937,high_MoS2,11.0,8.0,19.0,177.15892777,0.0678000000000054,23
MoS2_Mo60W3Se8S113_463bceef-bfc7-4342-896d-c97abc993608,high_MoS2,8.0,11.0,19.0,105.98392429000003,0.0604999999999975,23
MoS2_Mo57W4Se6S116_548cfec8-3934-44cf-9a2a-39a02fe542c3,high_MoS2,9.0,10.0,19.0,140.7941992700001,0.2134,23
MoS2_Mo58W2Se5S115_f6cb9220-b29b-4f9d-a819-c0b545dcad83,high_MoS2,12.0,7.0,19.0,199.21386973999995,0.054000000000002,23
MoS2_Mo60W1Se8S113_cad37232-14cf-4082-82b2-8f2fff8589dc,high_MoS2,10.0,9.0,19.0,167.17087875000004,0.1484000000000023,23
MoS2_Mo58W4Se7S115_45ab9c26-4ebc-4ce0-97fe-d564b00710dc,high_MoS2,8.0,11.0,19.0,117.90017812999994,0.1122999999999976,23
MoS2_Mo61W3Se8S112_33c12b3c-a550-41c6-83fa-465d844bcdb9,high_MoS2,8.0,11.0,19.0,88.29768067000012,0.5771000000000015,23
MoS2_Mo58W3Se6S115_2d8a6fd3-578c-492d-badf-a2ddd72cd42e,high_MoS2,10.0,9.0,19.0,157.1788578600001,0.1458000000000012,23
MoS2_Mo56W4Se8S112_5dd2c0a2-0440-41d7-8fa3-b971ca209768,high_MoS2,12.0,12.0,24.0,193.67685898999997,0.0927000000000006,24
MoS2_Mo56W4Se8S112_6c12391f-b0df-433c-ab8b-c12341e379a0,high_MoS2,12.0,12.0,24.0,196.0791761500001,0.0574000000000012,24
MoS2_Mo56W4Se8S112_e9be5b07-1e2d-49b6-bdc1-0741aef10742,high_MoS2,12.0,12.0,24.0,194.9847422500001,0.0357999999999947,24
MoS2_Mo56W4Se8S112_523fb4be-68bf-4a72-baec-e5c87a62e23b,high_MoS2,12.0,12.0,24.0,192.26670815999992,0.0641999999999995,24
MoS2_Mo56W4Se8S112_d6be788c-6036-4c1a-81fa-bd8557fbd1db,high_MoS2,12.0,12.0,24.0,195.08561662,0.1101000000000027,24
MoS2_Mo56W4Se8S112_f8d8f12d-db2e-442e-8fc0-83e1de831e8d,high_MoS2,12.0,12.0,24.0,192.73701779000007,0.039200000000001,24
MoS2_Mo56W4Se8S112_ac74d1fd-0535-4d75-99f6-70ed37048bc5,high_MoS2,12.0,12.0,24.0,193.49656388000008,0.0581000000000031,24
MoS2_Mo56W4Se8S112_f4e57635-5d1e-4fd8-b990-5d69943a6cb1,high_MoS2,12.0,12.0,24.0,192.7371297000001,0.1218000000000003,24
MoS2_Mo56W4Se8S112_40838dd0-d74b-4bf4-9573-05d9c62e50a9,high_MoS2,12.0,12.0,24.0,194.25937630000013,0.0716999999999998,24
MoS2_Mo56W4Se8S112_fd3b5398-b2a8-47cd-917d-e2f441d59c47,high_MoS2,12.0,12.0,24.0,194.8910571600001,0.0850000000000008,24
MoS2_Mo56W4Se8S112_bd784381-869a-415c-9a6f-ac4aca82fa73,high_MoS2,12.0,12.0,24.0,194.38222297000007,0.1424999999999983,24
MoS2_Mo56W4Se8S112_cd98eebe-1a5f-4b04-acf7-dde298da7e8b,high_MoS2,12.0,12.0,24.0,190.44094333000007,0.1190999999999959,24
MoS2_Mo56W4Se8S112_71773d1c-20a4-483f-8cab-0d652d2b3473,high_MoS2,12.0,12.0,24.0,194.01455707000005,0.1256999999999948,24
MoS2_Mo56W4Se8S112_80b23e40-43c5-4536-a475-c5904598995b,high_MoS2,12.0,12.0,24.0,194.34216196000003,0.0227000000000003,24
MoS2_Mo56W4Se8S112_3333edac-c761-4075-b9d1-bec4b78cc7c6,high_MoS2,12.0,12.0,24.0,189.8668383799999,0.0510999999999981,24
MoS2_Mo56W4Se8S112_c1e41ee4-fcd4-4aba-911c-6fcacfb4caff,high_MoS2,12.0,12.0,24.0,190.75136921999996,0.049199999999999,24
MoS2_Mo56W4Se8S112_216a263c-ce57-4791-809d-79bca77cd950,high_MoS2,12.0,12.0,24.0,194.6674020899999,0.1302999999999983,24
MoS2_Mo56W4Se8S112_0ce2ad70-8470-49c6-8fd5-2d369fbf9c88,high_MoS2,12.0,12.0,24.0,193.75402489000007,0.0840000000000031,24
MoS2_Mo56W4Se8S112_c40958fc-c107-42d8-b128-fcdbf3bbf58e,high_MoS2,12.0,12.0,24.0,187.6796605000001,0.2098999999999975,24
MoS2_Mo56W4Se8S112_aa389435-18d9-45c4-bdfb-9bb47c72f2b7,high_MoS2,12.0,12.0,24.0,195.33960212,0.035500000000006,24
MoS2_Mo56W4Se8S112_21e7c4b7-401f-4326-ac50-8cc335bfceb2,high_MoS2,12.0,12.0,24.0,194.42733012,0.0755999999999943,24
MoS2_Mo56W4Se8S112_faa2315d-8640-453d-a94b-b325017cf6b2,high_MoS2,12.0,12.0,24.0,196.25580895,0.0810999999999992,24
MoS2_Mo56W4Se8S112_e09bb804-fa9e-47a2-b857-84977814f320,high_MoS2,12.0,12.0,24.0,194.0330002300001,0.0884,24
MoS2_Mo56W4Se8S112_15076d7d-0272-4bdf-b81c-34bbdcaadc93,high_MoS2,12.0,12.0,24.0,193.9314757200001,0.0433999999999983,24
MoS2_Mo56W4Se8S112_fb40f659-c809-4520-abe3-34ef53669947,high_MoS2,12.0,12.0,24.0,196.40613985,0.1289000000000015,24
MoS2_Mo56W4Se8S112_ae32119b-0f38-41b1-8b2d-5c0ad9cc0ce3,high_MoS2,12.0,12.0,24.0,191.8000766700001,0.1116000000000028,24
MoS2_Mo56W4Se8S112_e2150770-4d62-473e-9b4f-26574f51bde6,high_MoS2,12.0,12.0,24.0,193.82390950000004,0.1407000000000025,24
MoS2_Mo56W4Se8S112_14c8633d-fd27-464a-a1a1-b1f18c8c1ef2,high_MoS2,12.0,12.0,24.0,192.4567215200001,0.0796999999999954,24
MoS2_Mo56W4Se8S112_05527de4-6f0e-4fc4-8550-eebe26f9dc23,high_MoS2,12.0,12.0,24.0,184.95672759000004,0.1162999999999954,24
MoS2_Mo56W4Se8S112_805e6a2d-b671-4b04-ac99-63257945e057,high_MoS2,12.0,12.0,24.0,196.54972205999997,0.0393000000000043,24
MoS2_Mo56W4Se8S112_1aa55d71-a0a9-4ea6-a14c-0d4ddcdbb8e2,high_MoS2,12.0,12.0,24.0,194.0011337100001,0.038499999999999,24
MoS2_Mo56W4Se8S112_0a1ef46e-f2cf-46ad-bde3-6266bd5616fc,high_MoS2,12.0,12.0,24.0,195.9250596200001,0.0262999999999991,24
MoS2_Mo56W4Se8S112_b0e33f59-3978-4429-94bd-9cc757b328d9,high_MoS2,12.0,12.0,24.0,193.44173794000008,0.1046000000000049,24
MoS2_Mo56W4Se8S112_eb67580c-9cfa-47d2-89db-6c30f3d66276,high_MoS2,12.0,12.0,24.0,192.61059128999992,0.0902999999999991,24
MoS2_Mo56W4Se8S112_db006a7c-9a1c-4ca9-a978-2bedcbbf9db8,high_MoS2,12.0,12.0,24.0,191.8249672000001,0.1124000000000009,24
MoS2_Mo56W4Se8S112_db23a470-36c5-49ed-8f24-042303774eff,high_MoS2,12.0,12.0,24.0,196.95613997,0.0482000000000013,24
MoS2_Mo56W4Se8S112_3b3733f7-cc78-4bc5-a621-10d748474a17,high_MoS2,12.0,12.0,24.0,192.81373767000005,0.0706999999999951,24
MoS2_Mo56W4Se8S112_0a0097da-b4be-41b0-9ae7-aa9193ab9ad2,high_MoS2,12.0,12.0,24.0,193.64020911000003,0.1296999999999997,24
MoS2_Mo56W4Se8S112_16fba26c-972f-4253-a897-ce22941a0a2f,high_MoS2,12.0,12.0,24.0,190.80422104000004,0.0800999999999945,24
MoS2_Mo56W4Se8S112_d22abda0-4c71-4450-9694-5c2d7ad07b15,high_MoS2,12.0,12.0,24.0,189.36536269000013,0.0994000000000028,24
MoS2_Mo56W4Se8S112_150dbbb5-6c65-4b9b-9cef-f8fc7861e396,high_MoS2,12.0,12.0,24.0,197.1628516,0.0139999999999957,24
MoS2_Mo56W4Se8S112_cd02d5f6-a0ee-4eea-a485-5c5026b0f76f,high_MoS2,12.0,12.0,24.0,193.30395304999996,0.0977999999999994,24
MoS2_Mo56W4Se8S112_51038873-f6fe-4245-864a-2865146b0dbb,high_MoS2,12.0,12.0,24.0,192.30478493,0.0671000000000034,24
MoS2_Mo56W4Se8S112_0437f58e-6545-4a2b-b40a-7036e48c865c,high_MoS2,12.0,12.0,24.0,196.61972241999996,0.0596000000000032,24
MoS2_Mo56W4Se8S112_842e5cf0-c6aa-4bbb-a800-47ec7eccff22,high_MoS2,12.0,12.0,24.0,190.8243422300001,0.0752999999999985,24
MoS2_Mo56W4Se8S112_e1319b3d-edfa-46ec-8424-eea3791d7f77,high_MoS2,12.0,12.0,24.0,194.82537348,0.1275000000000048,24
MoS2_Mo56W4Se8S112_f8a4c564-d25d-45bd-8f3a-2202a1863cde,high_MoS2,12.0,12.0,24.0,194.54971702999995,0.0670000000000001,24
MoS2_Mo56W4Se8S112_b3488b87-6a9f-4049-9e48-47c44327c101,high_MoS2,12.0,12.0,24.0,195.68048028000013,0.0687999999999959,24
MoS2_Mo56W4Se8S112_c24702b0-150e-47d0-89c3-6f2b8b4d3798,high_MoS2,12.0,12.0,24.0,197.26986402000003,0.0733000000000032,24
MoS2_Mo56W4Se8S112_51f5e3a7-6d9a-44c7-a9ae-81d71eb0be7b,high_MoS2,12.0,12.0,24.0,194.24906796,0.0636000000000009,24
MoS2_Mo56W4Se8S112_9a505cf8-52ad-443b-ae19-9d9592b14dd5,high_MoS2,12.0,12.0,24.0,195.32050574,0.0638999999999967,24
MoS2_Mo56W4Se8S112_c8691943-0ad0-4b5a-82dc-32b809b03020,high_MoS2,12.0,12.0,24.0,191.63046413,0.0360000000000013,24
MoS2_Mo56W4Se8S112_bbee3180-fe7e-46db-b095-2329dfd3011f,high_MoS2,12.0,12.0,24.0,197.9260278799999,0.0227000000000003,24
MoS2_Mo56W4Se8S112_c7520f84-ad8c-49d1-9e4b-8696e59fc445,high_MoS2,12.0,12.0,24.0,194.9235849400001,0.0561000000000007,24
MoS2_Mo56W4Se8S112_2eeb8893-d583-4552-97a6-bdfffec84276,high_MoS2,12.0,12.0,24.0,191.81057667,0.0632000000000019,24
MoS2_Mo56W4Se8S112_a0fd15a0-de77-44e9-9262-2095f870cf28,high_MoS2,12.0,12.0,24.0,192.5553518400001,0.0863999999999975,24
MoS2_Mo56W4Se8S112_81277bea-2424-4f4d-9cd8-6d208626c851,high_MoS2,12.0,12.0,24.0,195.24117745000004,0.0629999999999952,24
MoS2_Mo56W4Se8S112_24a72530-aa36-449d-aba5-d0666ea546ce,high_MoS2,12.0,12.0,24.0,195.89004444999992,0.0308999999999954,24
MoS2_Mo56W4Se8S112_076dcfe1-aaa8-48db-9bb0-53f5bc8de9dd,high_MoS2,12.0,12.0,24.0,194.34541749,0.0578000000000002,24
MoS2_Mo56W4Se8S112_8ec276b3-2d33-4e49-b416-c759b004cd53,high_MoS2,12.0,12.0,24.0,187.6819602500001,0.1929999999999978,24
MoS2_Mo56W4Se8S112_39742825-b668-4e35-9580-eb5fc198182d,high_MoS2,12.0,12.0,24.0,196.06962000000013,0.0675999999999987,24
MoS2_Mo56W4Se8S112_fd513f48-d881-424a-b1ee-d5ee17771f5c,high_MoS2,12.0,12.0,24.0,190.13875999000007,0.0546000000000006,24
MoS2_Mo56W4Se8S112_7f2134a7-5b16-45a1-be82-d74a74afdca6,high_MoS2,12.0,12.0,24.0,195.56067808000003,0.044000000000004,24
MoS2_Mo56W4Se8S112_3b9d2bad-b893-44ba-9e65-b3d50abbad79,high_MoS2,12.0,12.0,24.0,192.47608641,0.1955999999999988,24
MoS2_Mo56W4Se8S112_0c1b8bd3-3702-4366-a2b0-60f8b27d00d1,high_MoS2,12.0,12.0,24.0,189.8934324200001,0.2209999999999965,24
MoS2_Mo56W4Se8S112_638bcb3c-077b-4e5a-9ed5-2a6658996ad6,high_MoS2,12.0,12.0,24.0,192.53972850999995,0.039200000000001,24
MoS2_Mo56W4Se8S112_91535466-e026-4dcf-a093-39d29dd0f7e5,high_MoS2,12.0,12.0,24.0,193.4114336700001,0.0176000000000016,24
MoS2_Mo56W4Se8S112_a22f9996-88a4-4659-826c-cb57f2b1a134,high_MoS2,12.0,12.0,24.0,195.42115396,0.0377999999999971,24
MoS2_Mo56W4Se8S112_ecdeba6c-f69f-4d91-a916-01bbfaf37615,high_MoS2,12.0,12.0,24.0,196.1168696199999,0.0332000000000007,24
MoS2_Mo56W4Se8S112_f08a5ada-330f-4759-bfac-fa3df0e8b7cc,high_MoS2,12.0,12.0,24.0,194.44407249,0.0816000000000016,24
MoS2_Mo56W4Se8S112_1daa5485-0771-46c1-a5cc-b74234b02ef4,high_MoS2,12.0,12.0,24.0,188.75340847,0.0860999999999947,24
MoS2_Mo56W4Se8S112_17056057-d847-413a-a52f-9ab9a9832c87,high_MoS2,12.0,12.0,24.0,195.15106469000003,0.0412999999999996,24
MoS2_Mo56W4Se8S112_32a4dc5d-5268-4607-92ab-dc673dcde176,high_MoS2,12.0,12.0,24.0,194.08078322,0.0354000000000027,24
MoS2_Mo56W4Se8S112_641756b6-4c2f-4ccb-a684-c2167bf3eae5,high_MoS2,12.0,12.0,24.0,197.0298801200001,0.0597000000000065,24
MoS2_Mo56W4Se8S112_c7d1c368-3db6-4e24-b40b-119174abd71f,high_MoS2,12.0,12.0,24.0,194.4998508,0.0898000000000038,24
MoS2_Mo56W4Se8S112_746d33d2-69b6-420a-ab3d-5b3a0331c6e8,high_MoS2,12.0,12.0,24.0,192.79018994000003,0.0701000000000036,24
MoS2_Mo56W4Se8S112_a3d55ab9-39c4-4812-b557-fdde99a2251a,high_MoS2,12.0,12.0,24.0,197.43855004,0.0686999999999997,24
MoS2_Mo56W4Se8S112_47c2a78e-ea50-462d-8bca-16612bf5aa05,high_MoS2,12.0,12.0,24.0,197.39884926000005,0.0433999999999983,24
MoS2_Mo56W4Se8S112_c48966a8-cdce-4ea7-a017-76b43ef83cb0,high_MoS2,12.0,12.0,24.0,194.52191835,0.1004000000000004,24
MoS2_Mo56W4Se8S112_f724488e-8c07-47a6-a996-51c75cae88f7,high_MoS2,12.0,12.0,24.0,196.25299394000004,0.0192999999999941,24
MoS2_Mo56W4Se8S112_f1c123cd-567d-41ce-bded-aeb47b816e13,high_MoS2,12.0,12.0,24.0,194.66314258999992,0.0516999999999967,24
MoS2_Mo56W4Se8S112_20934ac3-2e73-422e-b59a-a2f764d208f7,high_MoS2,12.0,12.0,24.0,198.31913520000003,0.0533000000000001,24
MoS2_Mo56W4Se8S112_4738402c-0172-470a-97f4-c335c6acf17a,high_MoS2,12.0,12.0,24.0,191.9914788099999,0.1007999999999995,24
MoS2_Mo56W4Se8S112_cc04caf6-689d-4740-bbbf-e1af7c16d0a0,high_MoS2,12.0,12.0,24.0,192.64793520999996,0.0343000000000017,24
MoS2_Mo56W4Se8S112_9f17f048-b669-4104-9167-e638c3bbc0ff,high_MoS2,12.0,12.0,24.0,195.61659195000007,0.0921999999999982,24
MoS2_Mo56W4Se8S112_a6cb8a91-3202-424a-a731-33baa64fd06f,high_MoS2,12.0,12.0,24.0,194.68364642,0.022199999999998,24
MoS2_Mo56W4Se8S112_d323294f-ca1a-43cf-b3c8-2815f2c8162e,high_MoS2,12.0,12.0,24.0,192.90705614000004,0.0675999999999987,24
MoS2_Mo56W4Se8S112_db491070-75fd-489b-af5b-67043943d54c,high_MoS2,12.0,12.0,24.0,196.61804678000013,0.0292999999999992,24
MoS2_Mo56W4Se8S112_ae7c47f6-c9ec-4d4a-80e6-177dd7a00b28,high_MoS2,12.0,12.0,24.0,195.86031844999997,0.0594999999999998,24
MoS2_Mo56W4Se8S112_80c1c6d4-5b85-4fd0-8af8-67df24957169,high_MoS2,12.0,12.0,24.0,195.2179310200001,0.0330999999999974,24
MoS2_Mo56W4Se8S112_6f098f19-a49f-4eb8-a21f-9b41c1556e70,high_MoS2,12.0,12.0,24.0,193.2249518600001,0.1223000000000027,24
MoS2_Mo56W4Se8S112_617a7aaa-193c-432d-ab8f-096b26aa0625,high_MoS2,12.0,12.0,24.0,192.88903852000013,0.1030000000000015,24
MoS2_Mo56W4Se8S112_2ae1578f-e55a-40a1-9c52-0a84fb660ef9,high_MoS2,12.0,12.0,24.0,191.23365106,0.0688999999999993,24
MoS2_Mo56W4Se8S112_ea440346-ff46-46ee-b969-d2f4f0d8c934,high_MoS2,12.0,12.0,24.0,194.90680743,0.0570000000000021,24
MoS2_Mo56W4Se8S112_ec7d2180-9fa9-433f-b06e-6179343ea064,high_MoS2,12.0,12.0,24.0,198.18446536,0.0698000000000007,24
MoS2_Mo56W4Se8S112_347fa841-1f27-46b8-857a-8968015fb7b2,high_MoS2,12.0,12.0,24.0,194.4757858300001,0.0611999999999994,24
MoS2_Mo56W4Se8S112_46fc57c3-dc25-4119-973c-ba464abbdfab,high_MoS2,12.0,12.0,24.0,193.92529370999992,0.1058999999999983,24
MoS2_Mo56W4Se8S112_b9ac74d9-367f-400b-b141-71b10700174c,high_MoS2,12.0,12.0,24.0,195.65962243999996,0.0352999999999994,24
MoS2_Mo56W4Se8S112_722d9a51-de0a-4654-ad83-645859a749a1,high_MoS2,12.0,12.0,24.0,194.1479983799999,0.0620000000000047,24
MoS2_Mo56W4Se8S112_fcfeec86-630a-47fb-b433-70725b3b42bf,high_MoS2,12.0,12.0,24.0,189.82143715,0.1599000000000003,24
WSe2_Mo1W63Se125S2_fc315abc-52a0-4944-bb2e-e331d136f365,high_WSe2,1.0,3.0,4.0,10.075989340000117,1.2983999999999938,25
WSe2_Mo1W62Se126S1_3faaa513-a7f3-44be-980b-a5aa50c6acf4,high_WSe2,2.0,2.0,4.0,42.90840848000008,0.1348999999999947,25
WSe2_W63Se125S2_3480add9-1fc1-4b55-96a9-e7380d46b87d,high_WSe2,2.0,2.0,4.0,36.911187749999925,0.2227999999999994,25
WSe2_Mo2W60Se128_758a9139-5ed1-476a-b1b9-7edb966f0433,high_WSe2,2.0,2.0,4.0,70.12297266000003,0.218200000000003,25
WSe2_W63Se125S1_af39f713-a099-46a6-9099-45d7d384fa36,high_WSe2,3.0,1.0,4.0,48.3223281799999,0.2309999999999998,25
WSe2_W63Se125S2_329cacf6-4b71-45bf-856a-398c3f586bea,high_WSe2,2.0,2.0,4.0,37.574555260000096,0.1888000000000005,25
WSe2_Mo1W63Se125S2_ae703ee3-8f05-42a2-9118-c5fb383ab433,high_WSe2,1.0,3.0,4.0,10.095604750000032,1.3008999999999986,25
WSe2_W64Se124S1_c61e73ce-d876-4055-bf4d-7abd3c209ac4,high_WSe2,3.0,1.0,4.0,27.413366779999983,1.2691,25
WSe2_Mo1W63Se125S2_e21d07a0-33ca-4898-836d-308bf6bf8c3b,high_WSe2,1.0,3.0,4.0,10.074274940000034,1.2796999999999985,25
WSe2_W63Se125_85cd82c1-4901-4874-9cda-72c1d91e6c5a,high_WSe2,4.0,0.0,4.0,60.19568822000002,0.2141999999999999,25
WSe2_Mo2W61Se127S1_5949da26-1150-4c49-8cf7-6b21903de11e,high_WSe2,1.0,3.0,4.0,37.06666062000005,0.1488999999999976,25
WSe2_W63Se125S2_e6e03ee5-0f5f-49ac-88f9-cd916b4f2dac,high_WSe2,2.0,2.0,4.0,36.898350720000025,0.2033000000000004,25
WSe2_Mo1W62Se126S1_05e5b4e4-ce11-483e-bb18-af7796458cc0,high_WSe2,2.0,2.0,4.0,42.95928397999993,0.2060999999999992,25
WSe2_Mo1W62Se126_b32e060b-aa63-4453-8d81-6d62cff9bd40,high_WSe2,3.0,1.0,4.0,54.320080010000055,0.1918000000000006,25
WSe2_W64Se124S1_d6df7299-470b-4040-ba3c-ca37eeaeb287,high_WSe2,3.0,1.0,4.0,27.41622843999999,1.2017000000000009,25
WSe2_Mo1W63Se125S1_93235c57-6576-4fa4-aa1a-ba6b64ae3fc1,high_WSe2,2.0,2.0,4.0,21.41022395,1.2820999999999998,25
WSe2_Mo1W62Se126S1_7715c4cd-1bd9-40e4-9c40-4c380e87648f,high_WSe2,2.0,2.0,4.0,43.01530298999993,0.157599999999995,25
WSe2_Mo1W63Se125S2_079d261e-deda-4b6e-bcf2-d1e8d02dcccb,high_WSe2,1.0,3.0,4.0,10.090297749999902,1.296999999999997,25
WSe2_Mo1W63Se125_d5102f38-5e65-4281-92ed-899b27baed8b,high_WSe2,3.0,1.0,4.0,32.80383576999998,1.2439999999999998,25
WSe2_Mo1W63Se125S2_9fcdcc95-b725-4d73-b9ba-a7c25eddaa35,high_WSe2,1.0,3.0,4.0,10.06667013000006,1.3008000000000024,25
WSe2_Mo1W63Se125S1_496c3ccd-4844-4103-a00d-877cda033baf,high_WSe2,2.0,2.0,4.0,21.438849190000116,1.2456000000000031,25
WSe2_Mo1W63Se125S3_64fa20b9-0ae7-4735-a32a-2213b3877e56,high_WSe2,0.0,4.0,4.0,-1.2574530799999142,1.825499999999998,25
WSe2_Mo1W62Se126_7bf14c8e-5339-49a5-bfea-51af492a1cd8,high_WSe2,3.0,1.0,4.0,54.36614181999991,0.2276999999999986,25
WSe2_Mo1W62Se126S1_c5a4c75a-6e44-41b3-9c36-05ac97c3fa68,high_WSe2,2.0,2.0,4.0,42.97153300000006,0.1942000000000021,25
WSe2_Mo2W61Se127_99d463c6-1c84-4d1e-8143-fb9dd80ca330,high_WSe2,2.0,2.0,4.0,48.35064412999997,0.2144999999999939,25
WSe2_Mo1W62Se126_08f6bc77-d917-4f9a-86c2-ae264c63dd8e,high_WSe2,3.0,1.0,4.0,54.32017302999995,0.1610000000000013,25
WSe2_Mo1W62Se126_e62c1a50-a22a-4b9d-b528-ec2623d77659,high_WSe2,3.0,1.0,4.0,54.31294935999992,0.2059999999999959,25
WSe2_Mo1W62Se126S1_f86b8045-0fe3-4e58-863d-e8f3be9a2a76,high_WSe2,2.0,2.0,4.0,42.94252462000001,0.197499999999998,25
WSe2_Mo2W62Se126_1f2deac7-3c4b-43db-92b0-a4ea06e33e55,high_WSe2,2.0,2.0,4.0,26.85407993000004,1.2819999999999965,25
WSe2_W62Se126S1_b0889205-8d6a-4fd9-9803-f4438e4f7ed6,high_WSe2,3.0,1.0,4.0,69.83791543999993,0.155899999999999,25
WSe2_Mo1W62Se126S2_be1d1998-b54e-40b5-a33d-7f04da91cbb4,high_WSe2,1.0,3.0,4.0,31.71649461000003,0.2602000000000046,25
WSe2_Mo2W61Se127S1_72eeb567-ba6e-4d0b-bbf0-afbd2388ad73,high_WSe2,1.0,3.0,4.0,37.15170328000005,0.2747000000000028,25
WSe2_Mo1W62Se126S2_71d525e9-d5dd-4391-9e53-8fff28ac320f,high_WSe2,1.0,3.0,4.0,31.6448606099999,0.1601999999999961,25
WSe2_Mo1W61Se127_4c4ff89a-81d3-4dfb-89aa-fffa9cca23c6,high_WSe2,3.0,1.0,4.0,75.2421937599999,0.1422999999999987,25
WSe2_Mo2W62Se126S1_adeda67c-d771-4d2f-9f92-fd80d2b42782,high_WSe2,1.0,3.0,4.0,15.495843499999957,1.3002000000000038,25
WSe2_Mo1W63Se125S2_1cf48f9a-0fe0-4a31-b09e-926d42188941,high_WSe2,1.0,3.0,4.0,10.109373540000115,1.2727999999999966,25
WSe2_W63Se125S2_71a3fd5e-e4d6-4bd4-90db-adfad709f28c,high_WSe2,2.0,2.0,4.0,37.63150409000011,0.2459999999999986,25
WSe2_Mo2W61Se127S1_e321adbb-4a1f-4ff9-8e4a-f1c98b3d026c,high_WSe2,1.0,3.0,4.0,37.13702276000009,0.257799999999996,25
WSe2_W63Se125S1_963f8920-cd06-4579-8a37-c43760324dbd,high_WSe2,3.0,1.0,4.0,48.86695121999993,0.2009999999999987,25
WSe2_W64Se124S1_171ff254-b0c7-44f7-bc80-5fdb24105b50,high_WSe2,3.0,1.0,4.0,27.40529681000003,1.211599999999999,25
WSe2_Mo2W62Se126_c865a77e-2d69-4604-af74-0b46881ed57f,high_WSe2,2.0,2.0,4.0,26.87879816,1.1809999999999974,25
WSe2_W63Se125S2_5255480a-6c3b-4703-8de6-746a10859155,high_WSe2,2.0,2.0,4.0,37.556887740000064,0.1977999999999991,25
WSe2_W64Se124S3_891afc43-9c80-47d9-b5ad-f536ad4d8a5d,high_WSe2,1.0,3.0,4.0,4.68520381000003,1.3026999999999995,25
WSe2_W63Se125S1_3b0ac040-9ad7-4ae9-815f-f473c587ebe2,high_WSe2,3.0,1.0,4.0,48.28764965999996,0.1974,25
WSe2_Mo1W62Se126S1_a0c04e94-6af7-4658-bac9-94fdae9e8eaf,high_WSe2,2.0,2.0,4.0,41.29849333999997,0.6478000000000037,25
WSe2_Mo1W62Se126S2_5ff7dca7-8d24-4f56-84be-778b662bc675,high_WSe2,1.0,3.0,4.0,31.72220935000006,0.2657000000000025,25
WSe2_Mo1W62Se126S1_66294014-d05d-4e9d-9c23-e6d5d4d892fa,high_WSe2,2.0,2.0,4.0,42.98474494999997,0.1850000000000022,25
WSe2_W64Se124S2_67285ccb-5506-4b47-8fd8-aed8ea9a67f7,high_WSe2,2.0,2.0,4.0,16.06236553000008,1.2589999999999986,25
WSe2_W63Se125S1_bf3b8cd0-0368-43c0-9575-99a150391a4b,high_WSe2,3.0,1.0,4.0,48.82798095,0.2105999999999994,25
WSe2_Mo1W62Se126S2_00cb3b2c-3f52-416f-bef9-48331be7efd0,high_WSe2,1.0,3.0,4.0,31.634179909999933,0.1908999999999991,25
WSe2_Mo1W62Se126S2_f4e0676c-7e91-402d-b3fe-8e97cd8609a8,high_WSe2,1.0,3.0,4.0,31.645607380000104,0.1901999999999972,25
WSe2_W63Se125S2_e2aa515d-c4e9-4f6c-9cb4-5511495ce255,high_WSe2,2.0,2.0,4.0,37.64957092000006,0.2719999999999984,25
WSe2_Mo2W62Se126S2_664072ae-f494-4929-a757-a91a28a97392,high_WSe2,0.0,4.0,4.0,4.157482220000066,1.802100000000003,25
WSe2_W64Se124_0bab39aa-e456-4527-9508-fc1ae0fdc23b,high_WSe2,4.0,0.0,4.0,38.72023494999995,1.0949999999999989,25
WSe2_Mo1W62Se126_c5f9aae2-ab09-4a3f-b074-cc80d83ef03a,high_WSe2,3.0,1.0,4.0,54.33539809999999,0.1997,25
WSe2_W64Se124S3_d62cdf05-528d-4cbf-91f8-01330885f390,high_WSe2,1.0,3.0,4.0,4.692726230000017,1.2972,25
WSe2_Mo2W61Se127_1e518fcb-ab48-4355-ace1-f4ff124387e3,high_WSe2,2.0,2.0,4.0,48.42007025999998,0.1722999999999999,25
WSe2_Mo1W63Se125S2_fda8d84c-9d80-4119-b707-77653ca1bb6b,high_WSe2,1.0,3.0,4.0,10.098691000000056,1.3027000000000015,25
WSe2_Mo1W62Se126_b960f73b-2596-42f0-be48-e5402a92745c,high_WSe2,3.0,1.0,4.0,54.27665148999992,0.2143999999999977,25
WSe2_W63Se125S2_dad3c43e-bc56-47c6-815e-0739d473cb84,high_WSe2,2.0,2.0,4.0,36.979017659999926,0.2316000000000002,25
WSe2_Mo1W62Se126S1_77283725-5e54-4185-8d13-7e55fca05987,high_WSe2,2.0,2.0,4.0,42.96903768000008,0.2008999999999972,25
WSe2_Mo1W62Se126S2_c831ead3-e0d3-49dd-98c7-f678c5d9155e,high_WSe2,1.0,3.0,4.0,31.68598243000007,0.1567000000000007,25
WSe2_Mo1W62Se126S1_0bdb4b22-db1a-4260-a645-4e6399706179,high_WSe2,2.0,2.0,4.0,42.976522540000055,0.1890999999999962,25
WSe2_Mo1W63Se125S1_47f59780-268f-4313-a9e3-febaff727953,high_WSe2,2.0,2.0,4.0,21.44021328000004,1.2805000000000035,25
WSe2_Mo2W62Se126S1_ad37643c-480e-48f8-8161-c621aa3e5893,high_WSe2,1.0,3.0,4.0,15.498330819999955,1.2997999999999976,25
WSe2_W64Se124S3_4be93044-153b-49ad-9ea4-813be88303e3,high_WSe2,1.0,3.0,4.0,4.684554630000048,1.295399999999999,25
WSe2_W64Se124S4_737a3f84-4db4-459b-875a-20f0cde400dc,high_WSe2,0.0,4.0,4.0,-6.664813550000055,1.8552,25
WSe2_Mo2W62Se126S1_3094e8c4-7be3-476b-a9cf-ab54758fae3f,high_WSe2,1.0,3.0,4.0,15.470590300000003,1.3000000000000045,25
WSe2_W63Se125S2_55600415-0595-4f06-b659-7bd0c4caf369,high_WSe2,2.0,2.0,4.0,37.50975149000007,0.2128000000000014,25
WSe2_W63Se125S2_c28b1373-6bb7-4eec-a401-e529418a0012,high_WSe2,2.0,2.0,4.0,35.894901339999905,0.6567000000000007,25
WSe2_Mo1W62Se126S1_fa8268b1-a628-4aee-91bf-516365ccd79f,high_WSe2,2.0,2.0,4.0,42.976704820000045,0.1957999999999984,25
WSe2_Mo1W62Se126S1_5778d1c2-a880-49b3-a5f8-06a18865e760,high_WSe2,2.0,2.0,4.0,42.93279967000005,0.1917999999999935,25
WSe2_Mo1W61Se127_944e2488-a27c-497b-a072-1a6d212aa1f5,high_WSe2,3.0,1.0,4.0,75.22753424000001,0.165700000000001,25
WSe2_W64Se124S3_0c2967fa-2204-4969-8ab3-f0c535de7dd3,high_WSe2,1.0,3.0,4.0,4.683311689999937,1.2998000000000012,25
WSe2_W64Se124S3_97d34412-06de-4806-9307-f0fba945ffa8,high_WSe2,1.0,3.0,4.0,4.701711930000056,1.2745000000000015,25
WSe2_W62Se126_fe433eb7-fdf9-43ec-9c95-cee110d5abd5,high_WSe2,4.0,0.0,4.0,79.35861355,0.0716000000000001,25
WSe2_W63Se125S3_07f4b1b3-7907-4668-b24b-7c03cda4529a,high_WSe2,1.0,3.0,4.0,26.37896962999995,0.2827000000000002,25
WSe2_Mo1W63Se125S2_2935fbcb-a582-4c0e-b387-683d5d7cb998,high_WSe2,1.0,3.0,4.0,10.088456090000047,1.3012000000000017,25
WSe2_W62Se126S1_b5182027-40b4-4c71-86dc-87987b262718,high_WSe2,3.0,1.0,4.0,68.80084787000007,0.177999999999999,25
WSe2_Mo1W63Se125S2_558eb86b-b748-4320-86ba-5750c680556b,high_WSe2,1.0,3.0,4.0,10.08007437000006,1.2978000000000025,25
WSe2_Mo2W61Se127S1_50e3edc0-44d9-4519-9cc3-17fe6948ca87,high_WSe2,1.0,3.0,4.0,37.11811259999996,0.2540000000000049,25
WSe2_Mo3W61Se127S1_cdc45e2e-7318-43f9-b458-d9989a83164c,high_WSe2,0.0,4.0,4.0,9.56134083999996,1.7993999999999986,25
WSe2_Mo1W63Se125S1_d2dd0a82-56c9-4538-93fd-aaa6e54ee265,high_WSe2,2.0,2.0,4.0,21.49350395000006,1.1854999999999976,25
WSe2_Mo1W62Se126_b75007b2-f701-47d4-876a-1e09f39984ea,high_WSe2,3.0,1.0,4.0,54.4232379100001,0.1881000000000057,25
WSe2_Mo1W63Se125S1_dc30c7ec-a125-4d0c-a26b-58b309dd0208,high_WSe2,2.0,2.0,4.0,21.353012609999908,1.276600000000002,25
WSe2_Mo1W62Se126S1_9adc5d48-1626-47b9-9be1-a19c8a753045,high_WSe2,2.0,2.0,4.0,43.08537687000004,0.2569000000000017,25
WSe2_Mo1W63Se125S1_d6ed0bc1-b5c1-49d7-9dd8-dac8b303896a,high_WSe2,2.0,2.0,4.0,21.44717736999992,1.2812000000000054,25
WSe2_W63Se125S2_6ab3a8ff-244a-47c2-ab8e-83cb737887a3,high_WSe2,2.0,2.0,4.0,37.50235360000008,0.1910999999999987,25
WSe2_W63Se125S2_ab39feb6-38c5-4556-934a-c76ef26ce1e2,high_WSe2,2.0,2.0,4.0,37.57966576999999,0.1704000000000007,25
WSe2_W63Se125S2_35ee6a33-bb52-404c-a538-f9844ae08e25,high_WSe2,2.0,2.0,4.0,37.56484390000011,0.1949999999999985,25
WSe2_W64Se124S3_5768e6f8-6d3d-4785-a1bd-79dd548c43c6,high_WSe2,1.0,3.0,4.0,4.67880054999996,1.3027999999999995,25
WSe2_Mo1W62Se126S1_32116249-a968-426f-bdc1-3513e1ad2d28,high_WSe2,2.0,2.0,4.0,42.96521414000009,0.2156999999999982,25
WSe2_Mo1W63Se125S1_b359b71b-7d34-44d8-bc62-f2501e8b4afb,high_WSe2,2.0,2.0,4.0,21.4393112100001,1.2605999999999966,25
WSe2_Mo1W63Se125_93d8fb56-9d8d-42e3-9da7-6aa718d3b217,high_WSe2,3.0,1.0,4.0,32.83658517999993,1.200800000000001,25
WSe2_W64Se124S1_7e085f60-9a94-43b5-bf3a-8eb4faba2734,high_WSe2,3.0,1.0,4.0,27.438167190000108,1.1919000000000004,25
WSe2_Mo2W61Se127_5f327c39-ef8e-41d3-afc2-a4f9120c715b,high_WSe2,2.0,2.0,4.0,48.35743020000006,0.198599999999999,25
WSe2_W64Se124S2_6f7731fe-5cd6-4c46-87ac-2540b47bcc49,high_WSe2,2.0,2.0,4.0,15.950466029999918,1.2939000000000007,25
WSe2_W64Se124S3_cdf5fd30-a162-48dc-bd1f-09515da09f8d,high_WSe2,1.0,3.0,4.0,4.669663379999929,1.3054999999999986,25
WSe2_W64Se124S1_19aab0f9-ccc2-4a63-855e-036aea4701a4,high_WSe2,3.0,1.0,4.0,27.40461508999993,1.1281,25
WSe2_Mo2W62Se126S2_28d45ad8-4aa7-42a3-b4be-229f010bf92b,high_WSe2,0.0,4.0,4.0,4.148157379999976,1.811399999999999,25
WSe2_Mo1W62Se121S4_ffbfe3d3-c6d6-4e7c-a5fc-3513f28f968e,high_WSe2,4.0,5.0,9.0,57.47358799000001,0.2849000000000004,26
WSe2_Mo1W61Se122S4_ab999f9d-ae59-4b62-9144-651a7b7591e4,high_WSe2,4.0,5.0,9.0,78.84772363999994,0.1745999999999981,26
WSe2_Mo1W61Se122S3_aa5500c7-4e65-4e3a-a1eb-d78668d36d98,high_WSe2,5.0,4.0,9.0,89.50353436999998,0.1504000000000047,26
WSe2_Mo4W60Se123S2_5a34e986-8c57-4547-ac49-bb1b746514a4,high_WSe2,3.0,6.0,9.0,40.92264353000012,0.7833999999999932,26
WSe2_W60Se123S2_1cea6001-037a-48b2-8609-856b51869648,high_WSe2,7.0,2.0,9.0,147.96685764000011,0.1223999999999989,26
WSe2_Mo1W61Se122S5_09636f41-a5b4-4e0c-b457-9ba28a17a6fe,high_WSe2,3.0,6.0,9.0,67.0369248899999,0.1067999999999997,26
WSe2_Mo1W62Se121S5_244d1366-9604-4442-8314-5a62c238e560,high_WSe2,3.0,6.0,9.0,46.09101910000007,0.2287999999999996,26
WSe2_W63Se120S5_819b9635-6935-4741-88f3-e6cc02ce1d0b,high_WSe2,4.0,5.0,9.0,51.934901089999926,0.176400000000001,26
WSe2_Mo1W61Se122S4_9bfa3ae8-b236-4e0e-93e6-5d7e0936c30d,high_WSe2,4.0,5.0,9.0,77.22711069000005,0.1488999999999976,26
WSe2_W62Se121S5_0aa834ee-5422-4baf-8452-27e90d895e13,high_WSe2,4.0,5.0,9.0,72.44625238000012,0.2103999999999999,26
WSe2_Mo1W61Se122S4_58b34b8f-07e3-42c7-bdea-8c354a41008a,high_WSe2,4.0,5.0,9.0,79.05212977,0.1747999999999976,26
WSe2_Mo2W61Se122S1_b334320d-5880-4345-80b8-500f4a0c3644,high_WSe2,6.0,3.0,9.0,85.09749789999991,0.2195999999999998,26
WSe2_Mo1W63Se120S2_6c9922df-9eba-49ec-853a-c9d9e6633daa,high_WSe2,6.0,3.0,9.0,58.48030741,1.0183000000000035,26
WSe2_Mo1W62Se121S4_db77a9bf-b34b-4a8d-9530-aae4701bcde7,high_WSe2,4.0,5.0,9.0,57.37530477999992,0.1671000000000049,26
WSe2_Mo3W59Se124S1_3d625b9b-fc04-465a-b15f-bd09f1d58143,high_WSe2,5.0,4.0,9.0,99.93912677999992,0.1507000000000005,26
WSe2_W62Se121S3_e9183e7d-352f-411c-ade0-3693619c6957,high_WSe2,6.0,3.0,9.0,91.71173042999992,0.3911999999999995,26
WSe2_W62Se121S5_760a631a-eb38-4309-93fa-f493bfe4c23f,high_WSe2,4.0,5.0,9.0,73.1556498599999,0.1496999999999992,26
WSe2_W61Se122S3_ccc31cee-938b-4be4-9cb0-fdec3fd9573b,high_WSe2,6.0,3.0,9.0,115.03871410999992,0.1737000000000002,26
WSe2_Mo2W62Se121S2_73395af5-adac-4a55-92ae-6897df5ff344,high_WSe2,5.0,4.0,9.0,52.290968359999965,1.1374000000000066,26
WSe2_Mo4W56Se127_c2a8fd00-9892-4b56-93d3-c6b79bb5817b,high_WSe2,5.0,4.0,9.0,148.08169261,0.0212999999999965,26
WSe2_Mo1W62Se121S2_ffc1c6df-27dc-4774-a15f-76feec11940c,high_WSe2,6.0,3.0,9.0,79.9284949499999,0.2212999999999993,26
WSe2_Mo4W58Se125S2_bba73413-5f87-4246-bd1f-3fb81536cb1d,high_WSe2,3.0,6.0,9.0,83.78188729000007,0.136099999999999,26
WSe2_Mo1W60Se123S1_41c5c100-fae4-4d3b-85fc-52bc39bbc36a,high_WSe2,7.0,2.0,9.0,131.7305835399999,0.1067999999999997,26
WSe2_Mo1W61Se122S2_20ff8c11-5021-4879-a2cf-637c094bd831,high_WSe2,6.0,3.0,9.0,101.17695517000006,0.0936999999999983,26
WSe2_Mo1W62Se121S3_5f8599af-d702-4d7a-9301-83264c54a91f,high_WSe2,5.0,4.0,9.0,68.04630493999991,0.2064999999999983,26
WSe2_Mo3W60Se123S1_fd95d02b-84a6-40be-a4f9-51aee7740ba9,high_WSe2,5.0,4.0,9.0,77.53622378999992,0.4603999999999999,26
WSe2_Mo1W61Se122S3_491d3767-1547-4aef-93fb-fa009941f5f6,high_WSe2,5.0,4.0,9.0,89.62942899000004,0.1123000000000047,26
WSe2_Mo2W61Se122S4_9e823b8c-af94-44eb-a7df-35013f24709b,high_WSe2,3.0,6.0,9.0,49.751614360000055,0.5711000000000013,26
WSe2_Mo2W60Se123S2_9543909c-9c68-400b-b1b4-0a8b627d2131,high_WSe2,5.0,4.0,9.0,94.98930395999996,0.1114999999999994,26
WSe2_W62Se121S3_8e4e2a4a-1be8-4cdb-b504-09c2b6f1666d,high_WSe2,6.0,3.0,9.0,93.10568940000002,0.1907999999999994,26
WSe2_Mo2W60Se123S2_a1574163-5f38-469a-abab-b718eff46f44,high_WSe2,5.0,4.0,9.0,95.42628711000002,0.0621000000000009,26
WSe2_W62Se121S3_72cbc88d-ccf2-442d-aa1c-120d67aebe7c,high_WSe2,6.0,3.0,9.0,94.9831188099999,0.1397999999999992,26
WSe2_Mo1W62Se121S4_f1cfbddf-b6ed-41fe-b8e8-ffd8f4b76409,high_WSe2,4.0,5.0,9.0,57.357472519999945,0.2100000000000008,26
WSe2_Mo2W62Se121S3_bdac068e-9915-471c-855f-7e14a1c4ebdc,high_WSe2,4.0,5.0,9.0,41.31193887000001,1.0758999999999972,26
WSe2_Mo4W58Se125S1_15d00c02-fca9-44e9-b63b-8f5df8f03246,high_WSe2,4.0,5.0,9.0,93.88194581000006,0.2362999999999999,26
WSe2_Mo2W60Se123S2_11dc10f2-feff-4bf0-b5d8-29f8c1147887,high_WSe2,5.0,4.0,9.0,95.70083069000002,0.180100000000003,26
WSe2_W62Se121S2_4aabcfc7-a048-451e-b227-faba1fb0a710,high_WSe2,7.0,2.0,9.0,106.57339559999993,0.1271000000000004,26
WSe2_Mo1W60Se123S2_78bd364d-4fa5-4b51-bd06-b2e87bea7c73,high_WSe2,6.0,3.0,9.0,120.93437754000011,0.2047999999999987,26
WSe2_Mo1W62Se121S4_1aeec7f1-286b-46dc-bb19-86c95b3c75b6,high_WSe2,4.0,5.0,9.0,55.406500540000096,0.5372000000000057,26
WSe2_Mo4W58Se125S3_abf483f4-480d-43fb-a675-a4414e8b863b,high_WSe2,2.0,7.0,9.0,72.44121391999991,0.154600000000002,26
WSe2_Mo2W62Se121S2_0439d1c6-f24a-483d-8f6d-254fc8ecaa76,high_WSe2,5.0,4.0,9.0,52.88915785999996,0.802500000000002,26
WSe2_Mo1W63Se120S5_ba6c435d-9e24-4abe-8812-7f6774e0b61d,high_WSe2,3.0,6.0,9.0,24.0443742999999,1.2108999999999952,26
WSe2_Mo2W59Se124S2_d9431503-ef7c-4a3e-a126-2cf52719943a,high_WSe2,5.0,4.0,9.0,114.67273638999995,0.0868000000000037,26
WSe2_Mo4W59Se124S1_a8c0b35c-464b-4941-926d-5963530d4bbc,high_WSe2,4.0,5.0,9.0,73.51526656000004,0.1727999999999951,26
WSe2_Mo1W63Se120S3_a20fa75e-18f9-4e3f-ac12-2e25fd54c7fc,high_WSe2,5.0,4.0,9.0,47.35169087999991,1.1111000000000004,26
WSe2_Mo2W59Se124S2_bb1e2853-307e-499d-b070-f0412e810bff,high_WSe2,5.0,4.0,9.0,114.97173730000009,0.0548999999999963,26
WSe2_Mo1W61Se122S4_e9e33140-7d7c-4543-8bc1-7bfe8f648f97,high_WSe2,4.0,5.0,9.0,78.91800941999989,0.2143000000000015,26
WSe2_Mo1W62Se121S3_34c2dbdc-e9a4-4b0c-9d31-f02368416915,high_WSe2,5.0,4.0,9.0,68.3688738300001,0.2213999999999956,26
WSe2_Mo3W60Se123S3_ceaf0f00-e362-44d4-9e54-ac7e8933b6df,high_WSe2,3.0,6.0,9.0,56.24674691000012,0.2032999999999987,26
WSe2_Mo2W60Se123S1_a771b60f-88c0-4c89-88a6-6a7364ac0762,high_WSe2,6.0,3.0,9.0,105.73430218999997,0.1563000000000016,26
WSe2_Mo1W62Se121S4_72198071-0417-414a-9f8e-a1237f8e172b,high_WSe2,4.0,5.0,9.0,57.462350430000086,0.1726999999999989,26
WSe2_Mo2W60Se123S2_2d4c6e04-0b11-4752-badd-13b803f5dc6a,high_WSe2,5.0,4.0,9.0,90.97011451000007,0.106500000000004,26
WSe2_Mo2W62Se121S6_217167b1-215e-4572-b18e-732718f4369e,high_WSe2,1.0,8.0,9.0,7.257547789999911,1.156399999999998,26
WSe2_Mo1W61Se122S4_30222e4f-9e5e-4314-87d2-123a22092732,high_WSe2,4.0,5.0,9.0,78.87728139000004,0.0568999999999988,26
WSe2_Mo4W59Se124S1_d27b3af3-cf29-4ed4-8ba8-b0038fd3ef37,high_WSe2,4.0,5.0,9.0,73.63031881,0.1563000000000016,26
WSe2_Mo1W62Se121S4_aeec405d-38af-44c0-92b8-f7b06887aaf1,high_WSe2,4.0,5.0,9.0,57.42677155999998,0.1747999999999976,26
WSe2_Mo2W62Se121S4_8c42fd96-88b8-4612-8289-c717c1d672e7,high_WSe2,3.0,6.0,9.0,29.97783991000007,1.1107999999999976,26
WSe2_W60Se123S4_39b474eb-2caf-433b-9b01-d26b43586af6,high_WSe2,5.0,4.0,9.0,123.37288414000004,0.1553000000000004,26
WSe2_Mo4W57Se126S2_32422a3a-c7ea-4b76-bff0-a0cea8e0ee9e,high_WSe2,3.0,6.0,9.0,104.75591265000008,0.0367999999999995,26
WSe2_Mo3W61Se122S2_a6d764ab-979a-4231-873b-92cc775825d9,high_WSe2,4.0,5.0,9.0,46.7028483700001,1.1637999999999948,26
WSe2_W63Se120S5_1fe56807-5c6a-436f-bb7d-c5b41939b341,high_WSe2,4.0,5.0,9.0,51.29522170999997,0.2027000000000001,26
WSe2_W62Se121S3_dcb9aaa2-daa0-41fd-a920-0b9692b9a425,high_WSe2,6.0,3.0,9.0,94.99993529000012,0.1456999999999997,26
WSe2_Mo1W60Se123S4_00540c05-defd-446c-8b1d-2cf8421d818b,high_WSe2,4.0,5.0,9.0,100.33215425000004,0.1439999999999983,26
WSe2_W62Se121S3_e57415ac-0c7a-4bea-bd21-e1a49256accb,high_WSe2,6.0,3.0,9.0,94.38091299999992,0.2188999999999996,26
WSe2_Mo2W61Se122S3_5bf89cd4-c80c-4527-9f94-2c03440ac44a,high_WSe2,4.0,5.0,9.0,62.860849140000056,0.2372999999999976,26
WSe2_Mo1W61Se122S4_2a3800af-d3a9-4774-93a0-3e1671b6c3ac,high_WSe2,4.0,5.0,9.0,78.46627740000011,0.1751999999999967,26
WSe2_Mo2W62Se121S5_6382ea61-14df-40d0-9873-46a6cf6d46d0,high_WSe2,2.0,7.0,9.0,18.602411080000103,1.2762000000000029,26
WSe2_Mo2W60Se123S2_9d9ad439-e3a4-455f-855e-24797e275e2a,high_WSe2,5.0,4.0,9.0,93.40988806,0.0594000000000036,26
WSe2_Mo3W61Se122S5_1012b39c-c465-40ea-8e63-87ead4c147fa,high_WSe2,1.0,8.0,9.0,12.617682890000072,1.2997000000000014,26
WSe2_Mo3W61Se122S3_756c9795-13ee-4de1-910e-ba7f9d846297,high_WSe2,3.0,6.0,9.0,35.35396140000009,1.2490999999999983,26
WSe2_Mo1W59Se124S1_e1ee06eb-ecfd-4f5e-b2e9-d916310eb0b2,high_WSe2,7.0,2.0,9.0,153.57975694000004,0.0281999999999982,26
WSe2_Mo3W61Se122S4_0d4a612e-5529-4c23-b018-210e36112174,high_WSe2,2.0,7.0,9.0,23.991604700000075,1.1706000000000003,26
WSe2_Mo2W62Se121S4_fac72d87-2e4f-48ef-a733-72f04b62055f,high_WSe2,3.0,6.0,9.0,29.996167999999912,1.1963000000000008,26
WSe2_W63Se120S6_03cfc078-d55c-4342-9ac2-ece9a79dae99,high_WSe2,3.0,6.0,9.0,40.64174202000011,0.2060999999999992,26
WSe2_Mo3W59Se124S1_59e9381a-b706-4773-9ab7-dccf1aeb419e,high_WSe2,5.0,4.0,9.0,100.02725974999998,0.1951000000000036,26
WSe2_Mo1W61Se122S2_403bfd68-7311-4b27-9170-928fe5797159,high_WSe2,6.0,3.0,9.0,100.99173226999996,0.079900000000002,26
WSe2_Mo2W61Se122_1ab99f2d-e12a-423c-ab5e-e701735c0fc1,high_WSe2,7.0,2.0,9.0,96.3294835399999,0.1234999999999999,26
WSe2_Mo1W61Se122S4_981d26f2-0eea-4a9c-b547-7a3e2c5f0d92,high_WSe2,4.0,5.0,9.0,75.92828373,0.0489999999999994,26
WSe2_Mo2W58Se125_54dbc7fe-61e5-4c01-ab37-9cfc467f46d1,high_WSe2,7.0,2.0,9.0,159.69843023000004,0.0947999999999993,26
WSe2_W62Se121S1_8ebfdc39-d6e4-4f18-ba84-91cbdafa7ccd,high_WSe2,8.0,1.0,9.0,116.72183268999996,0.0615000000000005,26
WSe2_Mo1W61Se122S3_bbe1d789-3535-4d39-abd9-051dbf5f3d31,high_WSe2,5.0,4.0,9.0,87.89984639999997,0.1351999999999975,26
WSe2_Mo2W61Se122S2_8c98cae3-8ee2-4d49-8bf5-0ac1afca5bdd,high_WSe2,5.0,4.0,9.0,74.09240213000005,0.1950000000000002,26
WSe2_Mo2W59Se124S2_2106c5b4-476f-469c-af90-9765e332c773,high_WSe2,5.0,4.0,9.0,114.3841331399999,0.0917999999999992,26
WSe2_Mo1W61Se122S4_3a9b2c27-67d9-4092-8fa8-9075fcb0cbae,high_WSe2,4.0,5.0,9.0,77.1373082800001,0.0816999999999978,26
WSe2_Mo2W59Se124S1_7c5ccbc3-dd97-47d8-84e0-38fed2d79e65,high_WSe2,6.0,3.0,9.0,126.16322778,0.1185000000000044,26
WSe2_Mo3W60Se123S4_57e243b5-3938-47e7-93eb-14692efd505b,high_WSe2,2.0,7.0,9.0,43.94597994000003,0.6496999999999957,26
WSe2_Mo3W60Se123S2_0b48a326-5b68-4399-8512-6ab64a11cbcb,high_WSe2,4.0,5.0,9.0,66.15239063000011,0.5076999999999998,26
WSe2_W62Se121S6_8635c933-2d8e-4ad8-a233-2015f09471f1,high_WSe2,3.0,6.0,9.0,62.36982818000005,0.1676999999999999,26
WSe2_Mo3W59Se124S3_664fea89-2972-4705-851e-8574f785e788,high_WSe2,3.0,6.0,9.0,76.6221069300001,0.1753000000000071,26
WSe2_Mo2W61Se122S4_cd899600-ad42-402a-8cd0-6eb281bf4005,high_WSe2,3.0,6.0,9.0,51.46821853999993,0.1735000000000042,26
WSe2_Mo2W60Se123S1_1b7994df-bfb3-4ce0-b80e-18aec1581270,high_WSe2,6.0,3.0,9.0,104.86586406,0.1062999999999974,26
WSe2_Mo1W61Se122S3_08cc24b8-4d06-46f9-9d00-69352e45859a,high_WSe2,5.0,4.0,9.0,89.90870608000009,0.1429999999999935,26
WSe2_Mo1W60Se123S2_85406d00-ed1d-4159-8eb8-02e2ff59bcc5,high_WSe2,6.0,3.0,9.0,121.61188939000009,0.1208999999999989,26
WSe2_Mo3W60Se123S4_8b8b6b6d-4c99-4646-b256-b6bbaff3b29e,high_WSe2,2.0,7.0,9.0,45.489407469999946,0.1961999999999975,26
WSe2_Mo3W58Se125_7325e723-e9ae-44fb-b6ab-65af06cc177f,high_WSe2,6.0,3.0,9.0,132.90746205000005,0.116500000000002,26
WSe2_Mo1W61Se122S3_c97dbb83-e5cd-43d7-8c35-767ea06ee445,high_WSe2,5.0,4.0,9.0,89.24589969000007,0.1323000000000007,26
WSe2_Mo3W61Se122S6_01063665-e9a9-4345-be45-691fe5bf4111,high_WSe2,0.0,9.0,9.0,1.3286676999999258,1.8057999999999976,26
WSe2_Mo2W59Se124S1_2894b51c-20b2-402b-b4ce-8733e40dcd73,high_WSe2,6.0,3.0,9.0,125.7408041700001,0.0510000000000019,26
WSe2_Mo2W62Se121S2_6a1300cc-c8b7-46d1-93cd-f0959eb64aca,high_WSe2,5.0,4.0,9.0,52.678397020000034,1.0611999999999997,26
WSe2_Mo2W58Se125S2_96d2e15a-ef7b-4ebb-a6da-3e156fb91cfa,high_WSe2,5.0,4.0,9.0,138.65235200999993,0.0591000000000008,26
WSe2_Mo1W61Se117S5_072932ae-3309-4dce-ad0b-6125fd1fdabd,high_WSe2,8.0,6.0,14.0,114.39375597999998,0.1762000000000014,27
WSe2_Mo1W61Se117S5_fb230ec1-f4a7-44ce-96d7-f88418cd748c,high_WSe2,8.0,6.0,14.0,112.50232155000008,0.1596999999999937,27
WSe2_Mo1W61Se117S5_54f0186a-fc15-45b9-a2bc-bd5052e69ee2,high_WSe2,8.0,6.0,14.0,111.5769099499999,0.2995999999999981,27
WSe2_Mo4W59Se119S8_74012c41-3051-4a0d-8a33-3cc7a5aeaef2,high_WSe2,2.0,12.0,14.0,42.09774460000007,0.1919000000000039,27
WSe2_Mo3W59Se119S4_f7768380-cd4c-462b-a277-39e210c92229,high_WSe2,7.0,7.0,14.0,114.33851758999997,0.1203000000000003,27
WSe2_Mo4W56Se122_fead385a-d625-4d8a-b89d-e838593364d3,high_WSe2,10.0,4.0,14.0,193.49527538,0.0878000000000014,27
WSe2_Mo2W59Se119S6_9cba0fd4-288f-40f0-adc5-a4f82d5fae16,high_WSe2,6.0,8.0,14.0,119.2614252300001,0.1308000000000007,27
WSe2_Mo4W58Se120S6_9a198dd7-f8db-4563-b808-30b6d2190c72,high_WSe2,4.0,10.0,14.0,86.23831042999991,0.1691000000000002,27
WSe2_Mo3W58Se120S5_6cdef19d-c5c3-462d-8638-3da0a9450a89,high_WSe2,6.0,8.0,14.0,124.39076576000008,0.0721999999999951,27
WSe2_W60Se118S5_a3ab2353-0baa-436e-801a-511f33bd3724,high_WSe2,9.0,5.0,14.0,161.45561092999998,0.045300000000001,27
WSe2_Mo1W60Se118S6_fe2c8a4b-0e1d-4401-b95e-9af446d299a9,high_WSe2,7.0,7.0,14.0,122.38292154999996,0.1090000000000017,27
WSe2_Mo3W59Se119S4_63e1c9a7-4e21-48df-a190-56b09ec07a78,high_WSe2,7.0,7.0,14.0,114.80977298999996,0.1721000000000003,27
WSe2_Mo3W59Se119S7_130eb856-d4c1-4b31-a848-21ec7fac1bf4,high_WSe2,4.0,10.0,14.0,81.51834054000005,0.1669999999999945,27
WSe2_Mo3W57Se121S3_b47742d5-3abd-4a86-9b88-20a82e358027,high_WSe2,8.0,6.0,14.0,161.56770276999998,0.1387,27
WSe2_Mo2W61Se117S6_e7e215be-1e8b-4992-a59b-84d0cb1b9569,high_WSe2,6.0,8.0,14.0,77.51679525999992,0.2606999999999999,27
WSe2_Mo3W59Se119S5_a57ad0ba-480e-4c9e-a9d2-45a4bc6f53f9,high_WSe2,6.0,8.0,14.0,103.7278347099999,0.0923999999999978,27
WSe2_Mo3W61Se117S8_362351ce-a10e-4187-b464-9254d02a75cf,high_WSe2,3.0,11.0,14.0,27.201817570000028,0.8710000000000022,27
WSe2_Mo1W59Se119S4_d5eddf8f-ef14-4733-816c-b2d1b503b428,high_WSe2,9.0,5.0,14.0,167.84969647000003,0.0762999999999962,27
WSe2_Mo4W59Se119S3_aec0a145-d3bb-4d90-b5c1-84c7480092b1,high_WSe2,7.0,7.0,14.0,98.40935236999998,0.2202000000000055,27
WSe2_Mo3W58Se120S5_73d947d9-a140-44c6-a613-ae1298ff4c7e,high_WSe2,6.0,8.0,14.0,124.81395062999997,0.1567999999999969,27
WSe2_Mo1W60Se118S4_cb5935b9-a040-4fde-9284-5096d385aba4,high_WSe2,9.0,5.0,14.0,145.99669271,0.0705999999999988,27
WSe2_Mo2W61Se117S3_32399924-c8ea-4358-a5bb-a9338c08c45b,high_WSe2,9.0,5.0,14.0,109.35131009000006,0.1749999999999971,27
WSe2_Mo3W61Se117S3_75ca2a08-885d-4ae6-a601-a158ec953d0d,high_WSe2,8.0,6.0,14.0,84.36122088999994,0.985200000000006,27
WSe2_Mo1W60Se118S5_ded30270-d3b2-451a-8384-802dd40ffb43,high_WSe2,8.0,6.0,14.0,134.5441271299999,0.1565999999999974,27
WSe2_Mo3W60Se118S8_1a47d4cb-e010-462d-b112-01b1cf994bb4,high_WSe2,3.0,11.0,14.0,48.62529558000005,0.2186999999999983,27
WSe2_Mo2W59Se119S2_f08fec9e-a06f-42ad-bf7c-7fec339fd06d,high_WSe2,10.0,4.0,14.0,162.70610274999996,0.0989000000000004,27
WSe2_Mo3W57Se121S4_98e8c05b-96c0-4e1d-a5f1-7f4291e7b8bc,high_WSe2,7.0,7.0,14.0,152.41674360999997,0.1079000000000007,27
WSe2_Mo3W60Se118S4_5a3b71f0-c3a7-4ec3-8cc5-d655652b85c7,high_WSe2,7.0,7.0,14.0,91.99667085000004,0.2995000000000019,27
WSe2_Mo2W60Se118S6_84f3ffd0-2bc8-4670-8c34-9ccbdc28992b,high_WSe2,6.0,8.0,14.0,98.89364648999997,0.1563000000000016,27
WSe2_Mo1W60Se118S5_339f8b70-f549-47a8-b121-b38b21716365,high_WSe2,8.0,6.0,14.0,134.71148392000012,0.1813000000000002,27
WSe2_Mo3W57Se121S4_435a6aca-156d-4de8-9df5-89c5ea09332a,high_WSe2,7.0,7.0,14.0,154.05513438000008,0.0938999999999978,27
WSe2_Mo1W63Se115S8_7acd7884-31d5-4acc-98f7-c7a5f4819b1d,high_WSe2,5.0,9.0,14.0,39.20096394000005,1.143000000000001,27
WSe2_Mo4W58Se120S5_77c00745-8534-48a8-b9b3-efd5c0dc15d6,high_WSe2,5.0,9.0,14.0,95.64526546999991,0.1321999999999974,27
WSe2_Mo2W59Se119S3_7fa40fd3-aa1b-440c-8d0a-d24ae011dc10,high_WSe2,9.0,5.0,14.0,148.50816046000003,0.1295000000000001,27
WSe2_Mo1W62Se116S7_10d28ef7-e56f-4dbb-9398-1d699bbb8e22,high_WSe2,6.0,8.0,14.0,71.88508585,0.2057000000000002,27
WSe2_Mo4W59Se119S4_254c2eae-9dfe-45a1-8102-da78a8243086,high_WSe2,6.0,8.0,14.0,88.02776765999997,0.1856999999999971,27
WSe2_W60Se118S5_e30bffb0-3771-4e95-8c51-9fdf5a3136dd,high_WSe2,9.0,5.0,14.0,161.6804821199999,0.0571000000000001,27
WSe2_Mo3W58Se120S4_6505fa67-38ce-4c2e-be82-d25656863ec9,high_WSe2,7.0,7.0,14.0,133.56796502999998,0.1637999999999948,27
WSe2_Mo1W62Se116S6_d0b91de7-2765-4d0d-9e20-eec239424cb1,high_WSe2,7.0,7.0,14.0,83.36122929000003,0.1700999999999979,27
WSe2_Mo1W59Se119S2_6baec866-2333-449c-a92a-02eaf2ecf3e1,high_WSe2,11.0,3.0,14.0,188.06793587000004,0.0789000000000044,27
WSe2_Mo2W61Se117S4_1c5af63e-53bf-4422-bffa-68cde5604e69,high_WSe2,8.0,6.0,14.0,99.30101971999991,0.1405999999999991,27
WSe2_Mo1W60Se118S6_e5ed6697-e89d-4e59-b72e-b1868fcd4740,high_WSe2,7.0,7.0,14.0,125.61196740000013,0.0749999999999957,27
WSe2_Mo4W57Se121S3_88264509-d9ab-4c79-93bc-9126d257e715,high_WSe2,7.0,7.0,14.0,142.02296968000002,0.1428000000000011,27
WSe2_Mo2W60Se118S3_18286704-6bb7-4a06-b30c-95737090a2d3,high_WSe2,9.0,5.0,14.0,130.09248783000004,0.0598999999999989,27
WSe2_Mo3W59Se119S3_8ad0bded-7bb7-467f-987a-c00cb4f232f1,high_WSe2,8.0,6.0,14.0,124.4552604,0.0810999999999992,27
WSe2_Mo3W61Se117S6_ec52c755-6a98-4ed8-9f60-8f08b62c00c8,high_WSe2,5.0,9.0,14.0,50.088124250000085,0.8340000000000032,27
WSe2_Mo2W59Se119S3_a55a7344-2702-4d7a-bb9d-13cdb5242fa2,high_WSe2,9.0,5.0,14.0,152.3579453099999,0.0545000000000044,27
WSe2_Mo4W57Se121S4_4b363b24-a4bf-4d08-afac-e26d2e0d6a8d,high_WSe2,6.0,8.0,14.0,129.2158072,0.1516000000000019,27
WSe2_Mo2W60Se118S6_4e9cccbe-5b6f-451d-b078-db97d2611c70,high_WSe2,6.0,8.0,14.0,94.65173380999993,0.3149999999999977,27
WSe2_Mo1W62Se116S4_ad834ee2-37a8-4d68-a504-253185310414,high_WSe2,9.0,5.0,14.0,104.06463318000002,0.170100000000005,27
WSe2_Mo1W60Se118S3_2be59940-8adc-4a46-99d0-828d54979c73,high_WSe2,10.0,4.0,14.0,150.94521180999993,0.1851000000000056,27
WSe2_Mo2W60Se118S6_e23d5cf1-76bd-4305-91c6-9437ffdd751d,high_WSe2,6.0,8.0,14.0,95.72312062999995,0.1317999999999983,27
WSe2_Mo2W61Se117S5_05f25b1d-4bb5-4dd1-ad7d-0069baeee0c2,high_WSe2,7.0,7.0,14.0,88.84853232,0.1131000000000028,27
WSe2_W62Se116S6_7dc8cdec-c23f-4f07-9922-41cd19247e43,high_WSe2,8.0,6.0,14.0,107.81125772999997,0.1113999999999997,27
WSe2_Mo1W61Se117S6_ce4ea311-cba3-4ffa-ac97-44209f038af4,high_WSe2,7.0,7.0,14.0,104.93082129000004,0.0722999999999984,27
WSe2_Mo2W58Se120S5_263ee6bd-9478-41a7-b095-a20ac80a9f6b,high_WSe2,7.0,7.0,14.0,151.73141883000005,0.069500000000005,27
WSe2_Mo3W57Se121S2_8696f917-2a37-459e-809c-e7d923401377,high_WSe2,9.0,5.0,14.0,178.78675294,0.0396,27
WSe2_Mo2W60Se118S4_8345ec81-aa58-4865-9332-e94cc7a78884,high_WSe2,8.0,6.0,14.0,118.4753391700001,0.0671000000000034,27
WSe2_Mo1W62Se116S5_7fe633f9-515d-48ff-a09d-57842d8ba404,high_WSe2,8.0,6.0,14.0,93.94689546999992,0.2915999999999954,27
WSe2_Mo3W59Se119S5_32b2c45f-b481-4758-a656-d1fc351fc421,high_WSe2,6.0,8.0,14.0,103.74189637000003,0.122799999999998,27
WSe2_Mo1W59Se119S4_2e16ff56-2995-4119-ba06-ac22b3a80544,high_WSe2,9.0,5.0,14.0,167.5494613199999,0.0262999999999991,27
WSe2_W61Se117S5_9b5190dd-7b7d-4b40-9e23-427fbb1d1fbe,high_WSe2,9.0,5.0,14.0,141.44072315000005,0.0297,27
WSe2_Mo2W60Se118S6_0b23aea8-916a-41b1-9a19-c9859c4fc0b0,high_WSe2,6.0,8.0,14.0,98.91963726000009,0.1225000000000022,27
WSe2_Mo4W56Se122S3_93c70af0-762b-449f-a859-f4de17cb262d,high_WSe2,7.0,7.0,14.0,156.82783556000007,0.1098999999999961,27
WSe2_Mo2W61Se117S5_1b1b3708-5643-427a-9c18-6610d79f2432,high_WSe2,7.0,7.0,14.0,86.33218345,0.2194999999999964,27
WSe2_Mo3W58Se120S5_1ab4bc84-6cd9-425d-95e4-3f256466da4c,high_WSe2,6.0,8.0,14.0,123.34982679,0.0962000000000031,27
WSe2_Mo3W58Se120S5_2b7ebd04-40d6-4173-8cd5-3436b3c356e8,high_WSe2,6.0,8.0,14.0,124.65598751,0.0698999999999969,27
WSe2_Mo2W60Se118S5_48390107-b0df-4525-8a07-823ca659064d,high_WSe2,7.0,7.0,14.0,109.57419457000012,0.1871999999999971,27
WSe2_Mo1W60Se118S3_7ef78b01-d540-4f01-b2c5-46eb3d5b0faa,high_WSe2,10.0,4.0,14.0,153.79426421000005,0.1530999999999949,27
WSe2_Mo1W61Se117S7_ae51fb37-7f7e-4a46-82aa-7f23a88e26e6,high_WSe2,6.0,8.0,14.0,93.1514491299999,0.1377999999999986,27
WSe2_Mo1W59Se119S2_39497ad9-a74e-4db3-94d5-61897a827e27,high_WSe2,11.0,3.0,14.0,182.4197412100001,0.1405999999999991,27
WSe2_Mo3W58Se120S4_e10b8dbe-5379-4ebc-93ee-4c9dfc73e560,high_WSe2,7.0,7.0,14.0,133.59465323000006,0.1021,27
WSe2_Mo4W56Se122S1_505fcbe0-230e-46b7-bbcb-b781f1ec77c7,high_WSe2,9.0,5.0,14.0,183.77228037,0.0810999999999992,27
WSe2_W62Se116S6_d347bc93-6b33-4173-9081-4616b63e4caf,high_WSe2,8.0,6.0,14.0,106.9598040500001,0.0466999999999995,27
WSe2_Mo2W59Se119S4_4cd3c92d-e523-4439-9765-d3bca4e0cdbb,high_WSe2,8.0,6.0,14.0,136.97838672999998,0.0807999999999964,27
WSe2_Mo4W59Se119S5_2e1097ef-edfd-47c1-a27b-f028a0178597,high_WSe2,5.0,9.0,14.0,76.37383002999995,0.1218000000000003,27
WSe2_Mo1W63Se115S6_1699189e-e42a-4ec9-af4a-2129dc274d68,high_WSe2,7.0,7.0,14.0,62.26342516999996,0.7796000000000021,27
WSe2_Mo1W62Se116S8_f57b6701-5cf4-48d5-abca-ec79630c2dd2,high_WSe2,5.0,9.0,14.0,60.60452221999998,0.1385000000000005,27
WSe2_Mo1W61Se117S5_abd342af-a8a0-421c-ac51-0b8732a9a701,high_WSe2,8.0,6.0,14.0,115.85173128999992,0.0589000000000012,27
WSe2_Mo1W59Se119S5_ccf826e2-edc0-43ac-a9d4-c6bfb39506ca,high_WSe2,8.0,6.0,14.0,153.23392392999995,0.1279000000000039,27
WSe2_Mo3W60Se118S2_94764965-b4c2-4ab3-bf17-eeb936241fdc,high_WSe2,9.0,5.0,14.0,114.35601327,0.2222000000000008,27
WSe2_Mo3W57Se121S3_29d6b97a-1fdd-4719-b3e0-e4c60dcc1923,high_WSe2,8.0,6.0,14.0,165.9559406300001,0.0782000000000024,27
WSe2_Mo4W56Se122S2_b332ef73-8d89-4017-a9c0-0f98694e7b84,high_WSe2,8.0,6.0,14.0,170.23467648000005,0.0591000000000008,27
WSe2_Mo3W58Se120S6_ee67d09a-3d74-4b4b-8df8-cf37fad83298,high_WSe2,5.0,9.0,14.0,110.19685383000004,0.0557000000000016,27
WSe2_Mo3W58Se120S6_9f0f80e5-f15a-430d-8a71-29a98ca03399,high_WSe2,5.0,9.0,14.0,111.64841041000004,0.1295999999999963,27
WSe2_Mo2W58Se120S5_ed2921b7-d9e2-46f5-b110-2ac9027e4618,high_WSe2,7.0,7.0,14.0,148.6055491200001,0.0809999999999959,27
WSe2_Mo1W60Se118S7_b9b0e1de-e559-4fca-b629-0039f902bba4,high_WSe2,6.0,8.0,14.0,114.22539283000008,0.1043999999999982,27
WSe2_W61Se117S3_59972101-5af9-456f-bfe5-c3a3da649192,high_WSe2,11.0,3.0,14.0,159.08316644,0.2858,27
WSe2_Mo2W60Se118S6_7b0a0886-a3c5-4e84-bf79-a2c1b5462b22,high_WSe2,6.0,8.0,14.0,94.1716310599999,0.1143,27
WSe2_Mo2W58Se120S3_a6c256c4-baad-42bb-a99c-5bc176e6b4cb,high_WSe2,9.0,5.0,14.0,171.27898477999997,0.0461000000000026,27
WSe2_W61Se117S6_127476f6-9b57-4895-826d-2ee2e91332e3,high_WSe2,8.0,6.0,14.0,128.7345018199999,0.1325000000000002,27
WSe2_Mo2W60Se118S4_3702bc95-23e3-4d45-8504-93d64cc6ff0e,high_WSe2,8.0,6.0,14.0,120.90116572000012,0.1724999999999994,27
WSe2_Mo4W56Se122S1_fb1d5c60-490d-4a26-bc57-cf34cc0a948d,high_WSe2,9.0,5.0,14.0,182.89310969,0.0259,27
WSe2_Mo3W57Se121S4_4dba31d3-005e-40d3-ba4a-1c0b017e94c6,high_WSe2,7.0,7.0,14.0,154.4129025800001,0.0405000000000015,27
WSe2_Mo4W59Se119S5_49268c68-9cd3-4118-a6fb-b978375073b1,high_WSe2,5.0,9.0,14.0,76.79495535000005,0.259999999999998,27
WSe2_Mo3W60Se118S6_d7c16fb1-bf0a-4952-85e6-829c8f567c7e,high_WSe2,5.0,9.0,14.0,69.21370671000008,0.4689999999999941,27
WSe2_Mo3W60Se118S4_f233aa00-9d0d-4809-8693-242cfce5761f,high_WSe2,7.0,7.0,14.0,91.8550642699999,0.1285999999999987,27
WSe2_Mo3W59Se119S3_646f4075-bd01-40ce-919d-2cd0e10a32d2,high_WSe2,8.0,6.0,14.0,124.89445726999996,0.0731000000000037,27
WSe2_Mo1W60Se118S3_f38c8c7a-b254-4d9e-a28f-70d22659e5dd,high_WSe2,10.0,4.0,14.0,154.44887972999993,0.048099999999998,27
WSe2_Mo2W59Se119S7_b2768b59-3444-4663-89d5-55f373267469,high_WSe2,5.0,9.0,14.0,106.70012731999992,0.0312999999999945,27
WSe2_Mo4W56Se117S7_ffcba080-b790-4bdb-a4c2-933caeb21a8a,high_WSe2,8.0,11.0,19.0,165.9015658499999,0.0505999999999957,28
WSe2_Mo4W56Se117S6_afb0cf58-951e-4d71-a4da-ef77083278a7,high_WSe2,9.0,10.0,19.0,174.63414748000008,0.1546999999999982,28
WSe2_Mo2W58Se115S7_5fb59178-db54-4c22-ae90-8be9e9485bd3,high_WSe2,10.0,9.0,19.0,177.61274616,0.0578999999999965,28
WSe2_Mo2W58Se115S8_895f53dc-2afa-4d3d-b9a9-5c185b6ebb9d,high_WSe2,9.0,10.0,19.0,165.04934080000004,0.0938000000000016,28
WSe2_Mo1W59Se114S8_3d218b59-dc0a-4aed-a28a-2fa178fbb0ea,high_WSe2,10.0,9.0,19.0,170.10069691,0.0579999999999998,28
WSe2_Mo4W56Se117S6_4de1e091-2803-4704-98fd-1df49a173e07,high_WSe2,9.0,10.0,19.0,170.99860546000008,0.0262000000000028,28
WSe2_Mo4W56Se117S6_b3d25547-301c-44ea-bdc7-202d198ab5f3,high_WSe2,9.0,10.0,19.0,172.5334525099999,0.0790999999999968,28
WSe2_Mo2W59Se114S8_3e3312cf-d816-41c3-a81b-5f03eff5b87a,high_WSe2,9.0,10.0,19.0,143.24269852999996,0.1114000000000032,28
WSe2_Mo4W58Se115S8_94ecb51a-e794-44f4-bfc8-8c6704f14bef,high_WSe2,7.0,12.0,19.0,108.69980793999996,0.1291000000000011,28
WSe2_Mo4W56Se117S5_b5d375fb-fb30-4cf7-98a8-0a4bc8b9eb8c,high_WSe2,10.0,9.0,19.0,184.2049235500001,0.0822000000000002,28
WSe2_Mo2W59Se114S6_7d50d23a-1890-428c-95c2-1f2831124dcc,high_WSe2,11.0,8.0,19.0,166.12149560999995,0.0474999999999994,28
WSe2_Mo3W57Se116S7_e22c03f6-e281-47de-9462-1b077eb96d39,high_WSe2,9.0,10.0,19.0,169.06746025999996,0.1304000000000016,28
WSe2_Mo4W56Se117S3_23753307-5497-4036-afd6-bfb954743855,high_WSe2,12.0,7.0,19.0,202.0503797,0.1463999999999998,28
WSe2_Mo4W57Se116S6_47a12f72-b64d-4f6e-8d40-c3d8f56b41cf,high_WSe2,9.0,10.0,19.0,154.43870859000003,0.0373999999999981,28
WSe2_Mo4W58Se115S8_b68d6a95-61bf-420d-9498-238fb931d0c5,high_WSe2,7.0,12.0,19.0,110.95426695000008,0.1621999999999985,28
WSe2_Mo3W58Se115S5_45bb0566-e7c4-450a-abbb-50ca3b8c5401,high_WSe2,11.0,8.0,19.0,171.05108301999996,0.0461999999999989,28
WSe2_Mo4W57Se116S6_b451b495-75f1-4f0c-89c3-3027ff431f06,high_WSe2,9.0,10.0,19.0,153.50269928000012,0.1274000000000015,28
WSe2_Mo1W59Se114S8_ff94fb3b-b8c0-4561-9077-a12efddbe2ee,high_WSe2,10.0,9.0,19.0,166.15915800000005,0.0235999999999947,28
WSe2_Mo3W58Se115S8_6fbbbe34-b9c0-4ab6-bda2-a3ce98480e61,high_WSe2,8.0,11.0,19.0,137.7046042300001,0.0724000000000018,28
WSe2_Mo3W58Se115S8_8b860755-4e81-43b7-812c-b67719cd6dc6,high_WSe2,8.0,11.0,19.0,135.9852898700001,0.2212999999999993,28
WSe2_Mo4W56Se117S4_adfb6dde-ef01-498e-bcbe-16b904faea8e,high_WSe2,11.0,8.0,19.0,197.2193200499999,0.0765000000000029,28
WSe2_Mo4W58Se115S5_540f4197-9fe4-453f-a664-d8b8e9b0451a,high_WSe2,10.0,9.0,19.0,144.76896713000002,0.1636000000000024,28
WSe2_Mo4W56Se117S6_93472bfa-cdb3-4e44-a9fb-963fa65c9a60,high_WSe2,9.0,10.0,19.0,169.72043142,0.1251000000000033,28
WSe2_Mo2W58Se115S8_66f2d1c8-9a58-4932-9475-4e7d1b4e16a5,high_WSe2,9.0,10.0,19.0,163.6703086400001,0.0559000000000011,28
WSe2_Mo2W58Se115S5_dc2a6f00-f11b-4059-836b-98ff3ba562e0,high_WSe2,12.0,7.0,19.0,195.56182269999996,0.0463000000000022,28
WSe2_Mo2W59Se114S8_8547bfd8-e09d-4f0d-aba7-83a0c17443d0,high_WSe2,9.0,10.0,19.0,144.53848486,0.1328999999999993,28
WSe2_Mo3W58Se115S5_e6a53238-e180-45b8-a063-9286c6784d64,high_WSe2,11.0,8.0,19.0,170.93029618999992,0.1943000000000054,28
WSe2_Mo4W57Se116S8_ffe9ea63-df36-47ef-b5f9-8fb6261cd6f6,high_WSe2,7.0,12.0,19.0,132.68282781999994,0.0305999999999997,28
WSe2_Mo4W58Se115S7_bc866e9f-9e4c-4986-8cb9-6ebc6aeae926,high_WSe2,8.0,11.0,19.0,123.71286439000002,0.1287999999999982,28
WSe2_Mo4W56Se117S6_3a41e275-3913-4207-91d9-b323c1dd3141,high_WSe2,9.0,10.0,19.0,175.8267792200001,0.0266999999999981,28
WSe2_Mo1W61Se112S8_2c6ee4b4-a1ae-4351-a47b-ff24980f1248,high_WSe2,10.0,9.0,19.0,129.99290332999996,0.0753999999999948,28
WSe2_Mo1W59Se114S8_a577d663-da43-406b-9a85-341795b8a5f1,high_WSe2,10.0,9.0,19.0,168.17186243999993,0.0540999999999982,28
WSe2_Mo2W61Se112S8_e69c4717-883f-43f7-b1c9-bf54e36af0b1,high_WSe2,9.0,10.0,19.0,103.18371405000008,0.2284000000000006,28
WSe2_Mo4W56Se117S5_7188b674-a352-4074-a7a8-575dadf202e6,high_WSe2,10.0,9.0,19.0,184.46787911,0.0444999999999993,28
WSe2_Mo3W57Se116S8_a6fe7470-caa6-4870-bc85-d83e50a35a68,high_WSe2,8.0,11.0,19.0,155.3073073,0.1077999999999974,28
WSe2_W60Se113S7_b0a4f2dd-3999-40ba-bef2-1bce8cf1da3e,high_WSe2,12.0,7.0,19.0,184.5219449100001,0.0824000000000015,28
WSe2_Mo3W57Se116S8_5c1cf7cd-2078-4f86-9c4f-8073b306fb7b,high_WSe2,8.0,11.0,19.0,159.95420123999992,0.0891000000000019,28
WSe2_Mo3W57Se116S7_40c9db4d-fa7e-43a2-90f0-b9fc548050d0,high_WSe2,9.0,10.0,19.0,169.07741564999992,0.0949000000000026,28
WSe2_Mo2W58Se115S7_bf49ed1f-d910-4fac-99bd-22021220d48a,high_WSe2,10.0,9.0,19.0,177.42969836000006,0.0267999999999943,28
WSe2_Mo3W59Se114S6_035eadeb-3776-42d6-82bc-a2b3f078c094,high_WSe2,10.0,9.0,19.0,141.18138598999997,0.1450999999999993,28
WSe2_Mo3W58Se115S7_0130fe4d-9138-4e22-b89c-59a6b24553a9,high_WSe2,9.0,10.0,19.0,148.19618448999998,0.1117999999999952,28
WSe2_Mo2W58Se115S7_79c50f74-75d0-4368-ad68-abc008ce6d74,high_WSe2,10.0,9.0,19.0,172.1330042800001,0.0792999999999963,28
WSe2_Mo4W56Se117S6_a807dcd4-3895-4b5f-9961-8b076252eecb,high_WSe2,9.0,10.0,19.0,174.53639066,0.0273000000000038,28
WSe2_Mo4W58Se115S6_6af707d2-5707-4701-bc05-e6785d921080,high_WSe2,9.0,10.0,19.0,134.97394085,0.1291999999999973,28
WSe2_Mo4W56Se117S4_b4a62ff5-e012-4cfa-9136-ef86fdad991e,high_WSe2,11.0,8.0,19.0,199.2627253000001,0.0774000000000043,28
WSe2_Mo2W59Se114S6_7346cb1f-2323-4edf-b8ad-7c9c0a07b371,high_WSe2,11.0,8.0,19.0,165.93474686000008,0.1013000000000019,28
WSe2_Mo2W59Se114S6_c72b1a12-d05e-4fb9-9fd2-9ea868720b8a,high_WSe2,11.0,8.0,19.0,165.05243059999992,0.0597999999999956,28
WSe2_Mo3W60Se113S8_e2a741fa-0028-4feb-b62e-bd011b3de0a7,high_WSe2,8.0,11.0,19.0,96.7066084000001,0.1454000000000022,28
WSe2_Mo4W57Se116S4_47bd1f97-f11a-4d92-941c-d00545cc15c6,high_WSe2,11.0,8.0,19.0,177.70481673999993,0.1303000000000054,28
WSe2_Mo4W56Se117S3_f32f60f8-f1fc-4de2-b08a-0a3f5c9c661a,high_WSe2,12.0,7.0,19.0,205.78498555,0.0951999999999984,28
WSe2_Mo3W58Se115S6_8b95fbab-14c7-4e10-a6e0-5537c4927d0b,high_WSe2,10.0,9.0,19.0,159.33784765000004,0.0937000000000054,28
WSe2_Mo4W59Se114S8_8916e840-160d-4b85-84cd-2be3e703581d,high_WSe2,7.0,12.0,19.0,90.8613474400001,0.3334000000000046,28
WSe2_Mo4W57Se116S8_537ceb88-ad0f-4ae5-8ccd-b75a5789c6e3,high_WSe2,7.0,12.0,19.0,133.3840734700001,0.156099999999995,28
WSe2_Mo1W59Se114S6_e9f39f2e-d792-4ecc-ac65-a380db17735d,high_WSe2,12.0,7.0,19.0,186.26433554000005,0.0645999999999986,28
WSe2_Mo4W56Se117S8_df6a5e9c-9464-4be2-94bc-721162bf3380,high_WSe2,7.0,12.0,19.0,153.4022579400001,0.1251999999999995,28
WSe2_Mo4W56Se117S8_de71bd5f-7185-4290-a353-195b255f0dec,high_WSe2,7.0,12.0,19.0,152.1144341,0.0095999999999989,28
WSe2_Mo3W57Se116S5_def38243-0188-48d0-9b74-b77636005153,high_WSe2,11.0,8.0,19.0,188.36386993999997,0.3081000000000031,28
WSe2_Mo3W60Se113S7_9b52f3f1-8c1e-4b1f-b6e6-d0804957b51b,high_WSe2,9.0,10.0,19.0,109.19593569000004,0.2338999999999984,28
WSe2_Mo4W56Se117S6_f6aeea10-61e8-44b6-9e79-d50af6de5002,high_WSe2,9.0,10.0,19.0,173.25770559999995,0.0551999999999992,28
WSe2_Mo2W60Se113S8_ac6af8a5-0ed0-4339-a7a0-4268906bba79,high_WSe2,9.0,10.0,19.0,121.63348430000008,0.2398000000000024,28
WSe2_Mo4W56Se117S3_116abe0f-eb9b-4629-a611-dee203976206,high_WSe2,12.0,7.0,19.0,202.8884474100001,0.2091999999999956,28
WSe2_Mo4W56Se117S6_062d63d2-98c9-4aec-858f-ccc0d1b39aa1,high_WSe2,9.0,10.0,19.0,174.05381428000004,0.1171000000000006,28
WSe2_Mo3W60Se113S7_554e6866-f6e5-4f45-abeb-b09de92d7567,high_WSe2,9.0,10.0,19.0,108.25337926000007,0.1223999999999989,28
WSe2_Mo4W56Se117S6_26b08409-9960-4c60-ba76-f58e0c9ea577,high_WSe2,9.0,10.0,19.0,173.78507362999989,0.0364999999999966,28
WSe2_Mo4W57Se116S8_6502c345-52b3-41dc-b566-5fb7d7757b68,high_WSe2,7.0,12.0,19.0,129.9448068800001,0.1624000000000052,28
WSe2_Mo2W61Se112S8_e4ff323a-aac1-43af-b507-2b4be4917c9e,high_WSe2,9.0,10.0,19.0,102.22524966000006,0.0289000000000001,28
WSe2_W61Se112S8_5b48bdc6-18a5-44d0-aa83-f7aff33b3761,high_WSe2,11.0,8.0,19.0,151.37114974,0.0939999999999994,28
WSe2_Mo3W59Se114S8_ec6a1a1d-eb0e-41e6-b9b7-5073fd3b20b1,high_WSe2,8.0,11.0,19.0,117.63401101,0.128700000000002,28
WSe2_Mo3W58Se115S8_011fa560-d94c-4c67-af86-ca6cdc7b1976,high_WSe2,8.0,11.0,19.0,137.01429916999996,0.1293000000000006,28
WSe2_Mo4W56Se117S5_fd34f722-c984-41c9-84b3-f2a9d261aac3,high_WSe2,10.0,9.0,19.0,183.61107904999997,0.1691000000000002,28
WSe2_Mo4W57Se116S4_02d21220-c84c-408f-91e2-94e6a5335653,high_WSe2,11.0,8.0,19.0,172.92450973000004,0.1180999999999983,28
WSe2_Mo2W59Se114S7_08760145-734b-469f-a391-a1eb14dfa6a0,high_WSe2,10.0,9.0,19.0,151.3603939400001,0.0274999999999963,28
WSe2_Mo3W59Se114S7_34a4dae1-5634-4869-b690-07c4bb835cec,high_WSe2,9.0,10.0,19.0,128.2723395000001,0.0852000000000003,28
WSe2_Mo1W59Se114S6_ec5f1733-d7fd-4ed1-a188-bf1761d91048,high_WSe2,12.0,7.0,19.0,190.3270078200001,0.0941000000000045,28
WSe2_Mo4W58Se115S7_e43de98e-9940-4ecb-b523-024d590d0f82,high_WSe2,8.0,11.0,19.0,120.3663504400001,0.0949999999999988,28
WSe2_Mo4W56Se117S4_03586bbc-5a93-4b48-a41d-31535bf3fc21,high_WSe2,11.0,8.0,19.0,196.66668607000005,0.0403999999999982,28
WSe2_Mo4W56Se117S5_445dbb8c-07c6-411d-b250-fa910b0cbc4e,high_WSe2,10.0,9.0,19.0,187.7946856000001,0.0570000000000021,28
WSe2_Mo4W58Se115S8_6e000851-950f-49cf-bf6f-74df2104de73,high_WSe2,7.0,12.0,19.0,111.94698091999992,0.1039999999999992,28
WSe2_Mo4W58Se115S7_b242fc64-b9dd-4cf1-8b89-b7786ff7a5ab,high_WSe2,8.0,11.0,19.0,122.00542255000002,0.0878999999999976,28
WSe2_Mo4W58Se115S8_f3df1272-1efa-4633-84ac-e74f660e8fb9,high_WSe2,7.0,12.0,19.0,110.14844039999996,0.1846999999999994,28
WSe2_Mo4W56Se117S4_2e9b53a1-1452-46cc-9f12-cb3a91f33d8d,high_WSe2,11.0,8.0,19.0,195.16578633,0.1268999999999991,28
WSe2_Mo4W56Se117S3_d416c161-9c79-4f39-8c19-6bccbda7523e,high_WSe2,12.0,7.0,19.0,209.0453658100001,0.1089000000000055,28
WSe2_Mo1W60Se113S7_c242c7ec-12fe-41ae-be42-aa0c75b9bacb,high_WSe2,11.0,8.0,19.0,159.44466048000004,0.0655000000000001,28
WSe2_Mo4W56Se117S3_2f6e6621-8e3a-4078-8adb-e321f300e5f0,high_WSe2,12.0,7.0,19.0,206.61609269000004,0.0320999999999997,28
WSe2_Mo3W57Se116S8_cc6b0c7e-c578-415f-b608-10173f3ada99,high_WSe2,8.0,11.0,19.0,153.62399653000006,0.0968999999999979,28
WSe2_Mo4W56Se117S5_b4a333a2-4022-4868-92f1-692ac88ad9d0,high_WSe2,10.0,9.0,19.0,185.86284821000004,0.1128,28
WSe2_Mo2W59Se114S8_ea79b455-b140-4947-8420-5503a0b83f21,high_WSe2,9.0,10.0,19.0,146.11617920000012,0.0224000000000046,28
WSe2_Mo4W57Se116S4_5c98227c-4023-447e-8d24-4f55365d9288,high_WSe2,11.0,8.0,19.0,177.40637413,0.0348000000000041,28
WSe2_Mo2W60Se113S8_2318626c-f603-4921-a410-58520b6cac81,high_WSe2,9.0,10.0,19.0,123.52272445000006,0.1161000000000029,28
WSe2_Mo2W59Se114S8_24b0cfc7-d158-4d36-b824-11a91056b1d0,high_WSe2,9.0,10.0,19.0,142.94268173999998,0.1323999999999969,28
WSe2_Mo3W57Se116S8_1c821323-6a71-468f-91a0-91cf28e20267,high_WSe2,8.0,11.0,19.0,159.2915691099999,0.061799999999998,28
WSe2_Mo3W57Se116S5_21c775b1-8a2d-49b1-af50-bf5713a4d0f8,high_WSe2,11.0,8.0,19.0,188.3067553500001,0.1718000000000046,28
WSe2_Mo4W56Se117S4_fc7ec87c-919b-4458-b750-3fae1d291774,high_WSe2,11.0,8.0,19.0,195.06755000999996,0.0912999999999968,28
WSe2_Mo4W56Se117S7_7b5f10df-5497-4a5a-a249-a9a34741b4c6,high_WSe2,8.0,11.0,19.0,161.59501287999993,0.0452000000000012,28
WSe2_Mo4W58Se115S5_36ae55c8-c438-4c43-b8cd-e2d3a84fa475,high_WSe2,10.0,9.0,19.0,146.03123822999993,0.0975999999999999,28
WSe2_Mo4W56Se117S6_429db173-b708-4a3b-9bd0-4b4ff928a288,high_WSe2,9.0,10.0,19.0,174.2048571300001,0.0856000000000065,28
WSe2_Mo2W61Se112S8_48b28634-e315-4537-a6f1-a3e2b9e4e4bf,high_WSe2,9.0,10.0,19.0,103.62640789000002,0.2177000000000006,28
WSe2_Mo1W60Se113S8_4eaee69d-4b55-4caa-a0ac-0b1bb6a4957e,high_WSe2,10.0,9.0,19.0,147.3480178900001,0.1349000000000018,28
WSe2_Mo3W60Se113S8_aa006b9c-8a8f-48ad-b68a-1040f840b400,high_WSe2,8.0,11.0,19.0,96.87365938,0.1980000000000004,28
WSe2_Mo4W57Se116S4_e53dca7d-0cb1-4b9a-b0cd-38409eccbdec,high_WSe2,11.0,8.0,19.0,173.47288618000002,0.0266000000000019,28
WSe2_Mo4W56Se112S8_ee54e81a-b497-4677-b097-7cb8d8d5c26c,high_WSe2,12.0,12.0,24.0,201.13688418000007,0.0275999999999996,29
WSe2_Mo4W56Se112S8_7d4f234a-3926-4d87-a09b-21b086bff910,high_WSe2,12.0,12.0,24.0,202.23399259,0.0411000000000001,29
WSe2_Mo4W56Se112S8_ff5f9d95-c85c-48d5-86e9-d017e8db7d12,high_WSe2,12.0,12.0,24.0,200.53618842999995,0.0698999999999969,29
WSe2_Mo4W56Se112S8_1c517b71-1629-42a3-b0b9-fb0f7b277294,high_WSe2,12.0,12.0,24.0,196.8569176299999,0.0968000000000017,29
WSe2_Mo4W56Se112S8_f52fe30a-c881-4812-a7b1-66ebac357ce8,high_WSe2,12.0,12.0,24.0,197.7885439000001,0.1534000000000048,29
WSe2_Mo4W56Se112S8_bea341bf-a30d-404e-91e5-dc5bfa171065,high_WSe2,12.0,12.0,24.0,200.1953852400001,0.0609000000000037,29
WSe2_Mo4W56Se112S8_c6613c5f-ea46-4a41-a7bc-c0344157e2fe,high_WSe2,12.0,12.0,24.0,195.88621656,0.1058999999999983,29
WSe2_Mo4W56Se112S8_7281698f-9a50-4d63-ab90-4b2149700e7f,high_WSe2,12.0,12.0,24.0,198.38267349999992,0.117999999999995,29
WSe2_Mo4W56Se112S8_18c66a91-117a-4b85-a9ef-f86d2cc1948f,high_WSe2,12.0,12.0,24.0,198.96237274,0.0660999999999987,29
WSe2_Mo4W56Se112S8_28168a57-463b-4341-9709-774c96dee093,high_WSe2,12.0,12.0,24.0,199.30316669000004,0.041800000000002,29
WSe2_Mo4W56Se112S8_e74b7ad0-2386-4e7a-b78c-1f03e967dc7d,high_WSe2,12.0,12.0,24.0,195.09182157,0.0433000000000021,29
WSe2_Mo4W56Se112S8_e06b4830-b2ac-480c-8f7e-d8f918698929,high_WSe2,12.0,12.0,24.0,201.17145051999992,0.0540999999999982,29
WSe2_Mo4W56Se112S8_cd0cb054-4ad1-45a5-b059-55141d868d0e,high_WSe2,12.0,12.0,24.0,196.6992398900001,0.0651999999999972,29
WSe2_Mo4W56Se112S8_52e47b1f-0f74-4bfe-81fe-cf733f8450c4,high_WSe2,12.0,12.0,24.0,198.9137710900001,0.0244999999999961,29
WSe2_Mo4W56Se112S8_d3e03937-0198-45de-869a-01b2dd5f9c8d,high_WSe2,12.0,12.0,24.0,201.3601697600001,0.0679999999999978,29
WSe2_Mo4W56Se112S8_a73aea24-52c8-4faa-90ee-94437c63d471,high_WSe2,12.0,12.0,24.0,197.36202814999996,0.056600000000003,29
WSe2_Mo4W56Se112S8_ce28aee0-2ee2-45af-80d9-70e685531edc,high_WSe2,12.0,12.0,24.0,199.5334741400001,0.0365000000000037,29
WSe2_Mo4W56Se112S8_5c682a4a-0c40-4611-82b0-9351db2dc5da,high_WSe2,12.0,12.0,24.0,193.03351665000005,0.1082999999999998,29
WSe2_Mo4W56Se112S8_e57d6d37-65a9-48e1-855a-ad1e067273a8,high_WSe2,12.0,12.0,24.0,199.61241091999992,0.0397999999999996,29
WSe2_Mo4W56Se112S8_251c9e61-ff33-49da-96d4-a3bb611caaef,high_WSe2,12.0,12.0,24.0,197.4618376800001,0.0720999999999989,29
WSe2_Mo4W56Se112S8_e288aaad-4964-4fc4-911d-3243dd24d3c0,high_WSe2,12.0,12.0,24.0,198.45001156999996,0.1332999999999984,29
WSe2_Mo4W56Se112S8_c5be8a0b-ba13-4421-8912-66efea385744,high_WSe2,12.0,12.0,24.0,196.88179615999996,0.1015999999999976,29
WSe2_Mo4W56Se112S8_ea716bc0-b341-453f-8eb8-4758d5766be1,high_WSe2,12.0,12.0,24.0,199.58394567,0.0831000000000017,29
WSe2_Mo4W56Se112S8_9c79a713-33d3-4de8-a5da-14c3d5012226,high_WSe2,12.0,12.0,24.0,199.94362006,0.0456000000000003,29
WSe2_Mo4W56Se112S8_734702cb-0620-4d0a-beba-5106804b80dd,high_WSe2,12.0,12.0,24.0,200.7372532599999,0.0617000000000018,29
WSe2_Mo4W56Se112S8_a4712f49-8365-4746-8843-07d7271c570d,high_WSe2,12.0,12.0,24.0,201.15774105999995,0.1192999999999955,29
WSe2_Mo4W56Se112S8_8b4af88e-9483-4346-b976-dc24deee6d2e,high_WSe2,12.0,12.0,24.0,198.25081171999992,0.022199999999998,29
WSe2_Mo4W56Se112S8_1a3c110a-cb12-43ba-b943-7a8d44edd411,high_WSe2,12.0,12.0,24.0,200.7964712,0.0358000000000018,29
WSe2_Mo4W56Se112S8_d09f04ce-0a8c-49ad-9827-6a6a23bdc3d4,high_WSe2,12.0,12.0,24.0,201.3755231300001,0.0351999999999961,29
WSe2_Mo4W56Se112S8_e12177ce-759a-4392-9d88-2422c68df540,high_WSe2,12.0,12.0,24.0,197.65756088000003,0.1128,29
WSe2_Mo4W56Se112S8_6608ec9f-c314-47f7-bba4-11754c0704bc,high_WSe2,12.0,12.0,24.0,196.94214834000005,0.0979000000000027,29
WSe2_Mo4W56Se112S8_df7bfa07-007b-4525-816d-350ceabfcdcf,high_WSe2,12.0,12.0,24.0,198.02620317999995,0.0692999999999983,29
WSe2_Mo4W56Se112S8_c36ce96d-f89e-4038-a35f-7f03cff0fd18,high_WSe2,12.0,12.0,24.0,197.25251014000008,0.1214999999999975,29
WSe2_Mo4W56Se112S8_8be32e93-a571-426e-b400-1fdb2eccc365,high_WSe2,12.0,12.0,24.0,198.73955977999995,0.0606000000000008,29
WSe2_Mo4W56Se112S8_1542c07c-84a5-4be9-b6b1-ab7f60df8fad,high_WSe2,12.0,12.0,24.0,198.61596737000005,0.0981999999999985,29
WSe2_Mo4W56Se112S8_a65cf1eb-3dea-498d-93ba-7071cc57f499,high_WSe2,12.0,12.0,24.0,196.8804730400001,0.0187999999999988,29
WSe2_Mo4W56Se112S8_6b9f4979-6256-4cea-80ff-2a4bb63a2be5,high_WSe2,12.0,12.0,24.0,197.64387052,0.0519999999999996,29
WSe2_Mo4W56Se112S8_159b0243-1408-4e90-b97e-4cf44bdc7eab,high_WSe2,12.0,12.0,24.0,196.35281440000009,0.0262999999999991,29
WSe2_Mo4W56Se112S8_969e8f37-3562-41c9-9f0e-e92111fc990a,high_WSe2,12.0,12.0,24.0,199.42489257000005,0.1097999999999999,29
WSe2_Mo4W56Se112S8_20014e75-ca23-4144-91ba-cc2678f71219,high_WSe2,12.0,12.0,24.0,196.12104371,0.1824000000000012,29
WSe2_Mo4W56Se112S8_55593c93-bb3e-43a3-b626-0b98be5d7c24,high_WSe2,12.0,12.0,24.0,199.8336613800001,0.0682000000000044,29
WSe2_Mo4W56Se112S8_0ed63975-1ce7-4797-a242-7355f5ee0cf1,high_WSe2,12.0,12.0,24.0,200.75335822,0.1052999999999997,29
WSe2_Mo4W56Se112S8_d0074c2f-9d8e-4339-bc1d-50a1084cbc96,high_WSe2,12.0,12.0,24.0,196.44535979000003,0.104699999999994,29
WSe2_Mo4W56Se112S8_4b146818-4b76-491f-baa2-7d06aac21e39,high_WSe2,12.0,12.0,24.0,202.9022649099999,0.0759000000000043,29
WSe2_Mo4W56Se112S8_298620e1-50e2-4c00-9002-2397f137feae,high_WSe2,12.0,12.0,24.0,200.4426579800001,0.1184000000000011,29
WSe2_Mo4W56Se112S8_a82892ab-0f6d-4154-bcd0-2ffc1ab96228,high_WSe2,12.0,12.0,24.0,196.20342754999996,0.2122000000000028,29
WSe2_Mo4W56Se112S8_0bb1e735-f7d1-4b45-afa9-ab4b942e4acf,high_WSe2,12.0,12.0,24.0,200.70076891,0.1384000000000043,29
WSe2_Mo4W56Se112S8_e2f86033-e31d-481b-a5ea-879727ba276c,high_WSe2,12.0,12.0,24.0,199.1110877600001,0.0557000000000016,29
WSe2_Mo4W56Se112S8_bb766266-c996-4935-9da2-93063b8e83cd,high_WSe2,12.0,12.0,24.0,199.0533723099999,0.0345000000000013,29
WSe2_Mo4W56Se112S8_e4b757b5-4c7b-495d-9404-b5da153c55ee,high_WSe2,12.0,12.0,24.0,199.94077067999996,0.0534999999999996,29
WSe2_Mo4W56Se112S8_f02ade4d-4143-448f-9a2b-5f0e42009ac5,high_WSe2,12.0,12.0,24.0,200.58994316,0.0501000000000004,29
WSe2_Mo4W56Se112S8_2d1b5f15-fe0d-4153-bf5d-00fb3c60ff6d,high_WSe2,12.0,12.0,24.0,200.23800870000005,0.072899999999997,29
WSe2_Mo4W56Se112S8_294280b4-1cd8-4700-8a34-ca58bad1fca2,high_WSe2,12.0,12.0,24.0,200.23853589,0.0793999999999996,29
WSe2_Mo4W56Se112S8_b5266be1-ee71-437a-9ee0-1dbd7ed3919d,high_WSe2,12.0,12.0,24.0,202.34620564999992,0.0685000000000002,29
WSe2_Mo4W56Se112S8_fc6dd824-a0f3-43a2-a0fe-ae1edae7fdcb,high_WSe2,12.0,12.0,24.0,198.55937085,0.1400999999999967,29
WSe2_Mo4W56Se112S8_8e3f2412-65ee-445d-b229-04b5c211b928,high_WSe2,12.0,12.0,24.0,200.90587182000004,0.0730000000000004,29
WSe2_Mo4W56Se112S8_2c31e79e-f3b6-42f4-9085-9486f99fe751,high_WSe2,12.0,12.0,24.0,200.77824776000003,0.019600000000004,29
WSe2_Mo4W56Se112S8_99383cd8-dca7-4b26-bb77-24ff22a7b194,high_WSe2,12.0,12.0,24.0,198.91852145,0.121300000000005,29
WSe2_Mo4W56Se112S8_707f80b3-0e42-4201-9741-b2e705909c7c,high_WSe2,12.0,12.0,24.0,198.43231486999997,0.0985999999999975,29
WSe2_Mo4W56Se112S8_42d7dba7-f1e6-45c4-89da-ae6564a582a5,high_WSe2,12.0,12.0,24.0,198.41301285,0.1840000000000046,29
WSe2_Mo4W56Se112S8_72eafb97-a06d-4099-9582-0f5b4a191bf2,high_WSe2,12.0,12.0,24.0,199.90560687000007,0.0822000000000002,29
WSe2_Mo4W56Se112S8_def5721f-efcd-40eb-a61a-d1e5b576be16,high_WSe2,12.0,12.0,24.0,199.93764720999997,0.0754000000000019,29
WSe2_Mo4W56Se112S8_e9dfa18c-4a69-48b7-a1e7-10b666e32837,high_WSe2,12.0,12.0,24.0,200.1317707,0.1082999999999998,29
WSe2_Mo4W56Se112S8_1220ddaa-0a3b-4578-b86f-3f0d9300c55e,high_WSe2,12.0,12.0,24.0,201.9363944599999,0.0579999999999998,29
WSe2_Mo4W56Se112S8_57892348-d42b-415d-bfab-0f06c33984ae,high_WSe2,12.0,12.0,24.0,203.1901074900001,0.0253000000000014,29
WSe2_Mo4W56Se112S8_3bcf9dea-9cb5-4958-ade1-00d6e364ec01,high_WSe2,12.0,12.0,24.0,199.9767553400001,0.0827999999999988,29
WSe2_Mo4W56Se112S8_3d0da1a4-2709-4be0-8fad-2f177a3354cc,high_WSe2,12.0,12.0,24.0,197.37751788000008,0.0272999999999967,29
WSe2_Mo4W56Se112S8_09908777-34d6-4aa6-9823-f37bced3d13a,high_WSe2,12.0,12.0,24.0,197.57192318999992,0.0932999999999992,29
WSe2_Mo4W56Se112S8_f0a1e6c8-0939-4235-b670-4b7ac882d40e,high_WSe2,12.0,12.0,24.0,197.77364232999997,0.0461000000000026,29
WSe2_Mo4W56Se112S8_8050f8f8-e105-4cef-b6a2-b35c2689ea0c,high_WSe2,12.0,12.0,24.0,197.00034158000008,0.1700000000000017,29
WSe2_Mo4W56Se112S8_a10175ac-9042-46f2-8f7a-a73e5088f87e,high_WSe2,12.0,12.0,24.0,195.31212638999992,0.0172000000000025,29
WSe2_Mo4W56Se112S8_758a9b62-33ea-4225-95cd-cc02a07e4e04,high_WSe2,12.0,12.0,24.0,197.63846572000003,0.1495999999999995,29
WSe2_Mo4W56Se112S8_e4205454-d4c9-4ef9-9778-31b6f2ecb74a,high_WSe2,12.0,12.0,24.0,198.4648487599999,0.0990999999999999,29
WSe2_Mo4W56Se112S8_cf1b9ac8-8d96-4484-912c-1143aa2d82d9,high_WSe2,12.0,12.0,24.0,195.83608496,0.0865000000000009,29
WSe2_Mo4W56Se112S8_5e68f184-e4ea-41e5-afb0-9254dab7442b,high_WSe2,12.0,12.0,24.0,197.9526269500001,0.0626999999999995,29
WSe2_Mo4W56Se112S8_c052ecbe-4b86-4d08-8954-99a78eb0c303,high_WSe2,12.0,12.0,24.0,195.35721095,0.1014999999999943,29
WSe2_Mo4W56Se112S8_530a2eda-46fe-47b5-8b93-db12d79e41cc,high_WSe2,12.0,12.0,24.0,201.24763782999997,0.0629999999999952,29
WSe2_Mo4W56Se112S8_56abc869-d84b-4237-aed0-66676d706a7c,high_WSe2,12.0,12.0,24.0,199.81626530000008,0.0591000000000008,29
WSe2_Mo4W56Se112S8_f2ae58b7-6cf2-40b0-b5c3-aff872a20675,high_WSe2,12.0,12.0,24.0,194.69068101000008,0.0472999999999999,29
WSe2_Mo4W56Se112S8_2f1b7715-6e9a-483e-af2e-e91ffe2fd5e9,high_WSe2,12.0,12.0,24.0,201.2527468499999,0.0730000000000004,29
WSe2_Mo4W56Se112S8_df2acc36-6f17-4c1e-b50a-ae436d12f00d,high_WSe2,12.0,12.0,24.0,201.90249525999997,0.0721999999999951,29
WSe2_Mo4W56Se112S8_c1992113-ddf5-4b9e-9415-80562557d0fe,high_WSe2,12.0,12.0,24.0,200.90252196,0.0418999999999982,29
WSe2_Mo4W56Se112S8_c2ddab11-7133-4239-b216-090b86d3e8ba,high_WSe2,12.0,12.0,24.0,192.06350708000005,0.0521000000000029,29
WSe2_Mo4W56Se112S8_88052df9-aa50-4470-a16a-d290845339ab,high_WSe2,12.0,12.0,24.0,197.39096981000003,0.0977000000000032,29
WSe2_Mo4W56Se112S8_07f4681b-a210-4314-901f-4cb11d2ca500,high_WSe2,12.0,12.0,24.0,198.6937268799999,0.0234000000000023,29
WSe2_Mo4W56Se112S8_a0dfc2ec-1683-4ec8-8f57-28772fb24bab,high_WSe2,12.0,12.0,24.0,201.71764642000008,0.0561999999999969,29
WSe2_Mo4W56Se112S8_596ddcb8-8a09-493a-80d9-68bc4ff7e501,high_WSe2,12.0,12.0,24.0,201.31515030000008,0.0365999999999999,29
WSe2_Mo4W56Se112S8_d5c31897-4a98-457e-9aff-779be7e52381,high_WSe2,12.0,12.0,24.0,199.2369483500001,0.0758000000000009,29
WSe2_Mo4W56Se112S8_f5040c7a-ac18-4d8a-a5b4-508d8c33ef87,high_WSe2,12.0,12.0,24.0,196.99640427,0.0944000000000002,29
WSe2_Mo4W56Se112S8_e1e45df7-d3cd-46e2-94d0-195d21ff243f,high_WSe2,12.0,12.0,24.0,198.5970733400001,0.0091999999999998,29
WSe2_Mo4W56Se112S8_d62be356-731e-4f14-91db-c0aea327ceb6,high_WSe2,12.0,12.0,24.0,197.0292160800001,0.0988000000000042,29
WSe2_Mo4W56Se112S8_ad2ea522-03c0-4c38-af6c-ab238b9fc880,high_WSe2,12.0,12.0,24.0,201.92980307000008,0.0785000000000053,29
WSe2_Mo4W56Se112S8_07dcedf9-4acd-432f-b5ac-c317e98152f1,high_WSe2,12.0,12.0,24.0,203.0045982999999,0.0587000000000017,29
WSe2_Mo4W56Se112S8_5bfa9a32-7dae-4ee1-a5c8-2f75658eddf7,high_WSe2,12.0,12.0,24.0,197.94845868000007,0.0874999999999985,29
WSe2_Mo4W56Se112S8_b66bf494-dfbd-48d8-8164-70df36f63d33,high_WSe2,12.0,12.0,24.0,202.52350793,0.0645999999999986,29
WSe2_Mo4W56Se112S8_6806f9bd-441b-4caa-93ea-dad6b97df695,high_WSe2,12.0,12.0,24.0,192.97314664,0.1856999999999971,29
WSe2_Mo4W56Se112S8_364b699e-ee3e-425b-9026-63ea6f35faaf,high_WSe2,12.0,12.0,24.0,197.49554839,0.0986000000000046,29
WSe2_Mo4W56Se112S8_ba1368b5-5e16-4077-a333-099b747dde80,high_WSe2,12.0,12.0,24.0,199.38812900000008,0.1017999999999972,29
WSe2_Mo4W56Se112S8_c255c559-5eeb-457f-a463-f22d9308ecab,high_WSe2,12.0,12.0,24.0,198.54065581,0.0726999999999975,29
WSe2_Mo4W56Se112S8_e7031dcd-1621-4756-bd39-273b0b78aea9,high_WSe2,12.0,12.0,24.0,201.47237046,0.0626999999999995,29
6141cf0efbfd4bd9ab2c2f7e,low_MoS2,1.0,0.0,1.0,10.899686020000036,1.1452000000000029,30
6141cf0f51c1cbd9654b8870,low_MoS2,2.0,0.0,2.0,21.814278570000035,1.084299999999999,31
6141cf0fe689ecc4c43cdd4b,low_MoS2,0.0,1.0,1.0,1.5549590799999695,1.8033,30
6141cf10b842c2e72e2f2d44,low_MoS2,0.0,2.0,2.0,3.1315069999999885,1.8095,31
6141cf1051c1cbd9654b8872,low_MoS2,2.0,0.0,2.0,21.834423150000116,1.110199999999999,31
6141cf10b842c2e72e2f2d46,low_MoS2,0.0,2.0,2.0,3.132817159999991,1.8093000000000004,31
6141cf11cc0e69a0cf28ab35,low_MoS2,1.0,1.0,2.0,12.473690460000071,1.1484000000000023,31
6141cf11b842c2e72e2f2d48,low_MoS2,0.0,2.0,2.0,3.1409925600000186,1.8068000000000024,31
6141cf11ae4fb853db2e3f14,low_MoS2,1.0,0.0,1.0,28.987876599999996,0.4049000000000049,30
6141cf11cc0e69a0cf28ab37,low_MoS2,1.0,1.0,2.0,12.477472290000051,1.1475000000000009,31
6141cf12b842c2e72e2f2d4a,low_MoS2,0.0,2.0,2.0,3.1300156900000964,1.8074999999999972,31
6141cf12cc0e69a0cf28ab39,low_MoS2,1.0,1.0,2.0,12.478704089999964,1.1477000000000004,31
6141cf1202d926221cabc545,low_MoS2,2.0,0.0,2.0,39.90895471999998,0.4170999999999978,31
6141cf13cc0e69a0cf28ab3b,low_MoS2,1.0,1.0,2.0,12.47742636000011,1.146499999999996,31
6141cf1302d926221cabc547,low_MoS2,2.0,0.0,2.0,39.90919468999992,0.4098000000000041,31
6141cf13b842c2e72e2f2d4c,low_MoS2,0.0,2.0,2.0,3.132044489999931,1.8100999999999985,31
6141cf133ac25c70a5c6c837,low_MoS2,3.0,0.0,3.0,50.80207215000011,0.3605000000000018,32
6141cf1351c1cbd9654b8874,low_MoS2,2.0,0.0,2.0,21.83708437000005,1.0818999999999974,31
6141cf1369b0784ffcf8f84f,low_MoS2,1.0,1.0,2.0,30.56857871000002,0.4033000000000015,31
6141cf13cc0e69a0cf28ab3d,low_MoS2,1.0,1.0,2.0,12.470222479999975,1.1432000000000002,31
6141cf1302d926221cabc549,low_MoS2,2.0,0.0,2.0,39.90018135000001,0.4168999999999982,31
6141cf143ac25c70a5c6c839,low_MoS2,3.0,0.0,3.0,50.81689982999993,0.3391000000000019,32
6141cf1469b0784ffcf8f851,low_MoS2,1.0,1.0,2.0,30.563737659999923,0.404200000000003,31
6141cf14b842c2e72e2f2d4e,low_MoS2,0.0,2.0,2.0,3.1326604499999355,1.809400000000004,31
6141cf14ee0a3fd43fb479d7,low_MoS2,1.0,2.0,3.0,32.121162059999946,0.3780999999999963,32
6141cf14cc0e69a0cf28ab3f,low_MoS2,1.0,1.0,2.0,12.4768518100001,1.1456000000000015,31
6141cf1469b0784ffcf8f853,low_MoS2,1.0,1.0,2.0,30.565077010000003,0.4040999999999997,31
6141cf15ee0a3fd43fb479d9,low_MoS2,1.0,2.0,3.0,32.122040330000104,0.3483000000000018,32
6141cf1531cf3ef3d4a9ed3e,low_MoS2,2.0,1.0,3.0,41.460345460000056,0.3819999999999979,32
6141cf15cc0e69a0cf28ab41,low_MoS2,1.0,1.0,2.0,12.475001570000032,1.1448999999999998,31
6141cf1502d926221cabc54b,low_MoS2,2.0,0.0,2.0,39.81736476000002,0.299199999999999,31
6141cf153ac25c70a5c6c83b,low_MoS2,3.0,0.0,3.0,50.820722999999965,0.4287999999999954,32
6141cf15b842c2e72e2f2d50,low_MoS2,0.0,2.0,2.0,3.132524949999993,1.8096000000000032,31
6141cf15c819ca30b196b473,low_MoS2,0.0,1.0,1.0,-3.988111409999977,1.8001000000000005,30
6141cf1569b0784ffcf8f855,low_MoS2,1.0,1.0,2.0,30.568276410000088,0.4031999999999982,31
6141cf15ee0a3fd43fb479db,low_MoS2,1.0,2.0,3.0,32.14923321000013,0.397599999999997,32
6141cf1531cf3ef3d4a9ed40,low_MoS2,2.0,1.0,3.0,41.478774890000025,0.4074999999999988,32
6141cf16cc0e69a0cf28ab43,low_MoS2,1.0,1.0,2.0,12.45895112999996,1.1408000000000058,31
6141cf16b842c2e72e2f2d52,low_MoS2,0.0,2.0,2.0,3.133279900000094,1.809799999999996,31
6141cf16a05be5973bd77a67,low_MoS2,1.0,1.0,2.0,6.954127359999974,1.1383999999999972,31
6141cf1602d926221cabc54d,low_MoS2,2.0,0.0,2.0,39.86319291000005,0.4118000000000066,31
6141cf16ee0a3fd43fb479dd,low_MoS2,1.0,2.0,3.0,32.13817704999995,0.4012999999999991,32
6141cf1669b0784ffcf8f857,low_MoS2,1.0,1.0,2.0,30.552341879999997,0.4005000000000009,31
6141cf1631cf3ef3d4a9ed42,low_MoS2,2.0,1.0,3.0,41.46078051000013,0.4084000000000003,32
6141cf16a05be5973bd77a69,low_MoS2,1.0,1.0,2.0,6.9278259700001295,1.1496999999999955,31
6141cf1651c1cbd9654b8876,low_MoS2,2.0,0.0,2.0,21.846119120000004,0.9606999999999956,31
6141cf16baaf234b35290186,low_MoS2,2.0,1.0,3.0,17.867473499999953,1.1040999999999954,32
6141cf173ac25c70a5c6c83d,low_MoS2,3.0,0.0,3.0,50.72527363999999,0.306999999999995,32
6141cf17b842c2e72e2f2d54,low_MoS2,0.0,2.0,2.0,3.135240080000063,1.8081999999999996,31
6141cf17ee0a3fd43fb479df,low_MoS2,1.0,2.0,3.0,32.14427833000012,0.4014000000000024,32
6141cf1769b0784ffcf8f859,low_MoS2,1.0,1.0,2.0,30.544551470000123,0.3526999999999987,31
6141cf17a05be5973bd77a6b,low_MoS2,1.0,1.0,2.0,6.935595900000124,1.146100000000004,31
6141cf17baaf234b35290188,low_MoS2,2.0,1.0,3.0,17.869285870000105,1.108399999999996,32
6141cf1731cf3ef3d4a9ed44,low_MoS2,2.0,1.0,3.0,41.486953770000085,0.4050999999999973,32
6141cf1702d926221cabc54f,low_MoS2,2.0,0.0,2.0,39.91058211000005,0.4136999999999986,31
6141cf171d648932fbc3428f,low_MoS2,0.0,2.0,2.0,-2.4095679299998896,1.8025999999999984,31
6141cf17cc0e69a0cf28ab45,low_MoS2,1.0,1.0,2.0,12.474930980000082,1.1447000000000005,31
6141cf18ee0a3fd43fb479e1,low_MoS2,1.0,2.0,3.0,32.13170089000003,0.3958999999999975,32
6141cf18b842c2e72e2f2d56,low_MoS2,0.0,2.0,2.0,3.132472080000003,1.8089000000000013,31
6141cf18baaf234b3529018a,low_MoS2,2.0,1.0,3.0,17.860746909999982,1.0022999999999982,32
6141cf1869b0784ffcf8f85b,low_MoS2,1.0,1.0,2.0,30.378087259999937,0.267000000000003,31
6141cf181d648932fbc34291,low_MoS2,0.0,2.0,2.0,-2.4094943899999866,1.8030000000000044,31
6141cf1831cf3ef3d4a9ed46,low_MoS2,2.0,1.0,3.0,41.4409886800001,0.3718999999999965,32
6141cf18a05be5973bd77a6d,low_MoS2,1.0,1.0,2.0,6.934634899999936,1.1458000000000013,31
6141cf189cbada84a86767c3,low_MoS2,0.0,3.0,3.0,-0.8226634899999112,1.807300000000005,32
6141cf18baaf234b3529018c,low_MoS2,2.0,1.0,3.0,17.871334299999937,1.1045999999999978,32
6141cf1802d926221cabc551,low_MoS2,2.0,0.0,2.0,39.85398980000001,0.380900000000004,31
6141cf181d648932fbc34293,low_MoS2,0.0,2.0,2.0,-2.409360590000029,1.8025999999999984,31
6141cf184e27a1844a5efffa,low_MoS2,1.0,2.0,3.0,8.513260120000066,1.1452000000000029,32
6141cf18ee0a3fd43fb479e3,low_MoS2,1.0,2.0,3.0,32.1483510800001,0.4001000000000019,32
6141cf18cc0e69a0cf28ab47,low_MoS2,1.0,1.0,2.0,12.478274230000023,1.1458999999999977,31
6141cf18b842c2e72e2f2d58,low_MoS2,0.0,2.0,2.0,3.1308554900000907,1.8105000000000049,31
6141cf1969b0784ffcf8f85d,low_MoS2,1.0,1.0,2.0,30.51030282000001,0.4059999999999988,31
6141cf199cbada84a86767c5,low_MoS2,0.0,3.0,3.0,-0.8318612800000551,1.809199999999997,32
6141cf19a05be5973bd77a6f,low_MoS2,1.0,1.0,2.0,6.932983569999977,1.1424999999999983,31
6141cf193ac25c70a5c6c83f,low_MoS2,3.0,0.0,3.0,48.83074982000009,0.1599999999999966,32
6141cf1931cf3ef3d4a9ed48,low_MoS2,2.0,1.0,3.0,41.4549350700001,0.4140000000000015,32
6141cf194e27a1844a5efffc,low_MoS2,1.0,2.0,3.0,8.518254950000053,1.1450000000000031,32
6141cf19baaf234b3529018e,low_MoS2,2.0,1.0,3.0,17.86191925000002,1.0009000000000017,32
6141cf191d648932fbc34295,low_MoS2,0.0,2.0,2.0,-2.40927078999996,1.802500000000002,31
6141cf199cbada84a86767c7,low_MoS2,0.0,3.0,3.0,-0.8331777099999158,1.8095,32
6141cf19ee0a3fd43fb479e5,low_MoS2,1.0,2.0,3.0,32.146026979999974,0.4003000000000014,32
6141cf194e27a1844a5efffe,low_MoS2,1.0,2.0,3.0,8.516144910000119,1.1452000000000029,32
6141cf19a05be5973bd77a71,low_MoS2,1.0,1.0,2.0,6.935409289999996,1.1456000000000015,31
6141cf19cc0e69a0cf28ab49,low_MoS2,1.0,1.0,2.0,12.475560600000009,1.1484999999999983,31
6141cf1969b0784ffcf8f85f,low_MoS2,1.0,1.0,2.0,30.56864637000003,0.4027000000000029,31
6141cf1abaaf234b35290190,low_MoS2,2.0,1.0,3.0,17.86545664000004,1.0827000000000029,32
6141cf1a9cbada84a86767c9,low_MoS2,0.0,3.0,3.0,-0.8224733799999626,1.8072000000000017,32
6141cf1a31cf3ef3d4a9ed4a,low_MoS2,2.0,1.0,3.0,41.478769329999935,0.4126999999999938,32
6141cf1a4e27a1844a5f0000,low_MoS2,1.0,2.0,3.0,8.504802469999984,1.1488999999999976,32
6141cf1a1d648932fbc34297,low_MoS2,0.0,2.0,2.0,-2.4098551800000454,1.802900000000001,31
6141cf1aee0a3fd43fb479e7,low_MoS2,1.0,2.0,3.0,32.14656617000013,0.3995999999999995,32
6141cf1a4e27a1844a5f0002,low_MoS2,1.0,2.0,3.0,8.516908849999961,1.1428000000000011,32
6141cf1a9cbada84a86767cb,low_MoS2,0.0,3.0,3.0,-0.8328957799998875,1.809199999999997,32
6141cf1abaaf234b35290192,low_MoS2,2.0,1.0,3.0,17.8257941700001,1.1063000000000045,32
6141cf1b69b0784ffcf8f861,low_MoS2,1.0,1.0,2.0,30.56470729999992,0.4059999999999988,31
6141cf1ba05be5973bd77a73,low_MoS2,1.0,1.0,2.0,6.935557760000109,1.1452999999999989,31
6141cf1b02d926221cabc553,low_MoS2,2.0,0.0,2.0,39.88834551000001,0.3920999999999992,31
6141cf1b31cf3ef3d4a9ed4c,low_MoS2,2.0,1.0,3.0,41.46436753000008,0.3902000000000001,32
6141cf1b1d648932fbc34299,low_MoS2,0.0,2.0,2.0,-2.409613880000075,1.803599999999996,31
6141cf1b4e27a1844a5f0004,low_MoS2,1.0,2.0,3.0,8.522333599999936,1.1403000000000034,32
6141cf1b3ac25c70a5c6c841,low_MoS2,3.0,0.0,3.0,50.3272841300001,0.1654000000000053,32
6141cf1b9cbada84a86767cd,low_MoS2,0.0,3.0,3.0,-0.8232356200000481,1.8059000000000007,32
6141cf1bcc0e69a0cf28ab4b,low_MoS2,1.0,1.0,2.0,12.475586400000012,1.1458999999999977,31
6141cf1bee0a3fd43fb479e9,low_MoS2,1.0,2.0,3.0,32.09373447000006,0.4015999999999948,32
6141cf1bbaaf234b35290194,low_MoS2,2.0,1.0,3.0,17.863041909999986,1.0944000000000005,32
6141cf1c69b0784ffcf8f863,low_MoS2,1.0,1.0,2.0,30.567737149999992,0.403100000000002,31
6141cf1c31cf3ef3d4a9ed4e,low_MoS2,2.0,1.0,3.0,41.432616280000005,0.378700000000002,32
6141cf1c4e27a1844a5f0006,low_MoS2,1.0,2.0,3.0,8.507490140000098,1.148299999999999,32
6141cf1c9cbada84a86767cf,low_MoS2,0.0,3.0,3.0,-0.8320181900000421,1.8095,32
6141cf1ca05be5973bd77a75,low_MoS2,1.0,1.0,2.0,6.93483211000006,1.1466999999999956,31
6141cf1cbaaf234b35290196,low_MoS2,2.0,1.0,3.0,17.929169920000042,0.6511999999999958,32
6141cf1cee0a3fd43fb479eb,low_MoS2,1.0,2.0,3.0,32.12720589000013,0.3728000000000051,32
6141cf1db842c2e72e2f2d5a,low_MoS2,0.0,2.0,2.0,3.131823679999957,1.8096999999999996,31
6141cf1d9cbada84a86767d1,low_MoS2,0.0,3.0,3.0,-0.8324371099999439,1.8090999999999935,32
6141cf1d4e27a1844a5f0008,low_MoS2,1.0,2.0,3.0,8.510415779999928,1.1456000000000015,32
6141cf1d31cf3ef3d4a9ed50,low_MoS2,2.0,1.0,3.0,41.47935165999998,0.4074999999999988,32
6141cf1d1d648932fbc3429b,low_MoS2,0.0,2.0,2.0,-2.409342989999937,1.8025999999999984,31
6141cf1dbaaf234b35290198,low_MoS2,2.0,1.0,3.0,17.841619970000004,0.9372999999999934,32
6141cf1dcc0e69a0cf28ab4d,low_MoS2,1.0,1.0,2.0,12.47586231000004,1.1494,31
6141cf1dee0a3fd43fb479ed,low_MoS2,1.0,2.0,3.0,32.116381069999974,0.3594000000000008,32
6141cf1d02d926221cabc555,low_MoS2,2.0,0.0,2.0,39.89997327000002,0.4173000000000044,31
6141cf1e4e27a1844a5f000a,low_MoS2,1.0,2.0,3.0,8.503378789999967,1.146499999999996,32
6141cf1eb842c2e72e2f2d5c,low_MoS2,0.0,2.0,2.0,3.134585570000059,1.807699999999997,31
6141cf1e9cbada84a86767d3,low_MoS2,0.0,3.0,3.0,-0.8325872499999036,1.8100000000000025,32
6141cf1e3ac25c70a5c6c843,low_MoS2,3.0,0.0,3.0,50.80523391000012,0.3408000000000015,32
6141cf1ea05be5973bd77a77,low_MoS2,1.0,1.0,2.0,6.936699640000087,1.1428000000000011,31
6141cf1e31cf3ef3d4a9ed52,low_MoS2,2.0,1.0,3.0,40.78326058000012,0.1409999999999982,32
6141cf1e1d648932fbc3429d,low_MoS2,0.0,2.0,2.0,-2.406424919999859,1.8018,31
6141cf1e4e27a1844a5f000c,low_MoS2,1.0,2.0,3.0,8.51066979000009,1.1458999999999977,32
6141cf1ebaaf234b3529019a,low_MoS2,2.0,1.0,3.0,17.847817840000054,1.001100000000001,32
6141cf1f9cbada84a86767d5,low_MoS2,0.0,3.0,3.0,-0.8320961500000408,1.808299999999996,32
6141cf1fee0a3fd43fb479ef,low_MoS2,1.0,2.0,3.0,32.114240260000074,0.3574000000000055,32
6141cf1fb842c2e72e2f2d5e,low_MoS2,0.0,2.0,2.0,3.131780569999979,1.8095,31
6141cf1fa05be5973bd77a79,low_MoS2,1.0,1.0,2.0,6.937655359999952,1.1450999999999991,31
6141cf1f31cf3ef3d4a9ed54,low_MoS2,2.0,1.0,3.0,41.415305129999936,0.3640999999999934,32
6141cf1f4e27a1844a5f000e,low_MoS2,1.0,2.0,3.0,8.508538999999953,1.144599999999997,32
6141cf1f51c1cbd9654b8878,low_MoS2,2.0,0.0,2.0,21.83052466000013,1.105000000000004,31
6141cf209cbada84a86767d7,low_MoS2,0.0,3.0,3.0,-0.8316294499999799,1.809799999999996,32
6141cf20cc0e69a0cf28ab4f,low_MoS2,1.0,1.0,2.0,12.46750613999997,1.1469999999999985,31
6141cf20baaf234b3529019c,low_MoS2,2.0,1.0,3.0,17.864096600000032,1.1084999999999994,32
6141cf20ee0a3fd43fb479f1,low_MoS2,1.0,2.0,3.0,32.14576639000005,0.4009,32
6141cf201d648932fbc3429f,low_MoS2,0.0,2.0,2.0,-2.409625389999997,1.8031000000000008,31
6141cf204e27a1844a5f0010,low_MoS2,1.0,2.0,3.0,8.517871009999933,1.1426000000000016,32
6141cf20a05be5973bd77a7b,low_MoS2,1.0,1.0,2.0,6.937267519999922,1.1429000000000045,31
6141cf2069b0784ffcf8f865,low_MoS2,1.0,1.0,2.0,30.565275130000053,0.404200000000003,31
6141cf2031cf3ef3d4a9ed56,low_MoS2,2.0,1.0,3.0,41.47610183000002,0.4115999999999999,32
6141cf213ac25c70a5c6c845,low_MoS2,3.0,0.0,3.0,50.81596010000013,0.377600000000001,32
6141cf219cbada84a86767d9,low_MoS2,0.0,3.0,3.0,-0.8333919700000365,1.809400000000004,32
6141cf21baaf234b3529019e,low_MoS2,2.0,1.0,3.0,17.870838439999936,1.0997999999999948,32
6141cf21ee0a3fd43fb479f3,low_MoS2,1.0,2.0,3.0,32.12176543000008,0.3530999999999977,32
6141cf21cc0e69a0cf28ab51,low_MoS2,1.0,1.0,2.0,12.469958669999995,1.1485999999999947,31
6141cf214e27a1844a5f0012,low_MoS2,1.0,2.0,3.0,8.505332510000041,1.1426999999999978,32
6141cf2202d926221cabc557,low_MoS2,2.0,0.0,2.0,39.89074356999991,0.4074000000000026,31
6141cf221d648932fbc342a1,low_MoS2,0.0,2.0,2.0,-2.409317769999939,1.802399999999999,31
6141cf2231cf3ef3d4a9ed58,low_MoS2,2.0,1.0,3.0,41.43028541000008,0.3828999999999993,32
6141cf229cbada84a86767db,low_MoS2,0.0,3.0,3.0,-0.8311895799999434,1.8086999999999944,32
6141cf22baaf234b352901a0,low_MoS2,2.0,1.0,3.0,17.86719766999999,1.0995999999999952,32
6141cf22ee0a3fd43fb479f5,low_MoS2,1.0,2.0,3.0,32.14839069999992,0.4021000000000043,32
6141cf22a05be5973bd77a7d,low_MoS2,1.0,1.0,2.0,6.934870349999927,1.1456000000000015,31
6141cf231d648932fbc342a3,low_MoS2,0.0,2.0,2.0,-2.3817260500000206,1.802,31
6141cf23cc0e69a0cf28ab53,low_MoS2,1.0,1.0,2.0,12.4681153800001,1.1465999999999994,31
6141cf234e27a1844a5f0014,low_MoS2,1.0,2.0,3.0,8.511120280000139,1.1435999999999993,32
6141cf239cbada84a86767dd,low_MoS2,0.0,3.0,3.0,-0.8239207500000134,1.8063,32
6141cf2331cf3ef3d4a9ed5a,low_MoS2,2.0,1.0,3.0,41.37042364000008,0.3001000000000005,32
6141cf2351c1cbd9654b887a,low_MoS2,2.0,0.0,2.0,21.835054640000045,1.110999999999997,31
6141cf24baaf234b352901a2,low_MoS2,2.0,1.0,3.0,17.855085440000032,1.0379000000000005,32
6141cf24ee0a3fd43fb479f7,low_MoS2,1.0,2.0,3.0,32.131117720000006,0.4017999999999944,32
6141cf243ac25c70a5c6c847,low_MoS2,3.0,0.0,3.0,50.82780747000008,0.4157999999999973,32
6141cf249cbada84a86767df,low_MoS2,0.0,3.0,3.0,-0.8311361699999793,1.8085999999999984,32
6141cf244e27a1844a5f0016,low_MoS2,1.0,2.0,3.0,8.532908520000117,1.1355000000000004,32
6141cf2431cf3ef3d4a9ed5c,low_MoS2,2.0,1.0,3.0,41.47344840000001,0.4144999999999967,32
6141cf251d648932fbc342a5,low_MoS2,0.0,2.0,2.0,-2.4090980999999605,1.802500000000002,31
6141cf25b842c2e72e2f2d60,low_MoS2,0.0,2.0,2.0,3.130978159999973,1.806999999999995,31
6141cf25baaf234b352901a4,low_MoS2,2.0,1.0,3.0,17.866624360000053,1.1047999999999971,32
6141cf25ee0a3fd43fb479f9,low_MoS2,1.0,2.0,3.0,32.13024568000013,0.3813000000000031,32
6141cf259cbada84a86767e1,low_MoS2,0.0,3.0,3.0,-0.8318329900000094,1.8096999999999996,32
6141cf254e27a1844a5f0018,low_MoS2,1.0,2.0,3.0,8.541684909999983,1.1459000000000046,32
6141cf2631cf3ef3d4a9ed5e,low_MoS2,2.0,1.0,3.0,41.444007799999966,0.3885999999999967,32
6141cf261d648932fbc342a7,low_MoS2,0.0,2.0,2.0,-2.4090581799998976,1.8023000000000025,31
6141cf2602d926221cabc559,low_MoS2,2.0,0.0,2.0,39.395417139999935,0.1518999999999977,31
6141cf26baaf234b352901a6,low_MoS2,2.0,1.0,3.0,17.857519379999978,1.091300000000004,32
6141cf27ee0a3fd43fb479fb,low_MoS2,1.0,2.0,3.0,32.14175833000012,0.4039000000000001,32
6141cf2731cf3ef3d4a9ed60,low_MoS2,2.0,1.0,3.0,41.45119143000007,0.365000000000002,32
6141cf274e27a1844a5f001a,low_MoS2,1.0,2.0,3.0,8.534182390000094,1.1381000000000014,32
6141cf273ac25c70a5c6c849,low_MoS2,3.0,0.0,3.0,50.81243501999999,0.3444000000000002,32
6141cf289cbada84a86767e3,low_MoS2,0.0,3.0,3.0,-0.8313423799999669,1.808799999999998,32
6141cf28cc0e69a0cf28ab55,low_MoS2,1.0,1.0,2.0,12.478174669999945,1.1420999999999992,31
6141cf28baaf234b352901a8,low_MoS2,2.0,1.0,3.0,17.86662438000007,1.1098,32
6141cf28ee0a3fd43fb479fd,low_MoS2,1.0,2.0,3.0,31.955299879999973,0.2661000000000015,32
6141cf2931cf3ef3d4a9ed62,low_MoS2,2.0,1.0,3.0,41.56927098000001,0.4054999999999964,32
6141cf299cbada84a86767e5,low_MoS2,0.0,3.0,3.0,-0.8316673900000637,1.808799999999998,32
6141cf2969b0784ffcf8f867,low_MoS2,1.0,1.0,2.0,30.57077399000004,0.4016000000000019,31
6141cf294e27a1844a5f001c,low_MoS2,1.0,2.0,3.0,8.512586679999938,1.1458000000000013,32
6141cf2abaaf234b352901aa,low_MoS2,2.0,1.0,3.0,17.870032479999956,1.1047999999999971,32
6141cf2aee0a3fd43fb479ff,low_MoS2,1.0,2.0,3.0,32.125611209999974,0.3934999999999959,32
6141cf2a31cf3ef3d4a9ed64,low_MoS2,2.0,1.0,3.0,41.45397979000013,0.3843000000000032,32
6141cf2b9cbada84a86767e7,low_MoS2,0.0,3.0,3.0,-0.8319112399998971,1.8093000000000004,32
6141cf2bbaaf234b352901ac,low_MoS2,2.0,1.0,3.0,17.8339070500001,0.9963000000000052,32
6141cf2bee0a3fd43fb47a01,low_MoS2,1.0,2.0,3.0,32.121542390000045,0.3789999999999978,32
6141cf2b4e27a1844a5f001e,low_MoS2,1.0,2.0,3.0,8.51501188,1.1456000000000015,32
6141cf2c3ac25c70a5c6c84b,low_MoS2,3.0,0.0,3.0,50.81349091000008,0.397199999999998,32
6141cf2c31cf3ef3d4a9ed66,low_MoS2,2.0,1.0,3.0,41.449065129999966,0.3584999999999994,32
6141cf2c9cbada84a86767e9,low_MoS2,0.0,3.0,3.0,-0.8267277499998613,1.8068999999999988,32
6141cf2ccc0e69a0cf28ab57,low_MoS2,1.0,1.0,2.0,12.47743486000003,1.1465000000000032,31
6141cf2dbaaf234b352901ae,low_MoS2,2.0,1.0,3.0,17.902430450000104,0.958199999999998,32
6141cf2dee0a3fd43fb47a03,low_MoS2,1.0,2.0,3.0,32.15652053999996,0.4020999999999972,32
6141cf2d4e27a1844a5f0020,low_MoS2,1.0,2.0,3.0,8.510310280000137,1.143899999999995,32
6141cf2d51c1cbd9654b887c,low_MoS2,2.0,0.0,2.0,21.826206110000022,1.0932999999999993,31
6141cf2e69b0784ffcf8f869,low_MoS2,1.0,1.0,2.0,30.56794225000012,0.4027000000000029,31
6141cf2e31cf3ef3d4a9ed68,low_MoS2,2.0,1.0,3.0,41.46921418000007,0.3348000000000013,32
6141cf2eb842c2e72e2f2d62,low_MoS2,0.0,2.0,2.0,3.133853870000099,1.8106000000000009,31
6141cf2e9cbada84a86767eb,low_MoS2,0.0,3.0,3.0,-0.8320882699999288,1.8095,32
6141cf2fbaaf234b352901b0,low_MoS2,2.0,1.0,3.0,17.858923429999997,1.1054999999999993,32
6141cf2fee0a3fd43fb47a05,low_MoS2,1.0,2.0,3.0,32.086783800000134,0.4059999999999988,32
6141cf2f4e27a1844a5f0022,low_MoS2,1.0,2.0,3.0,8.513059260000116,1.1447000000000005,32
6141cf2f9cbada84a86767ed,low_MoS2,0.0,3.0,3.0,-0.8318980700000225,1.8091000000000008,32
6141cf3031cf3ef3d4a9ed6a,low_MoS2,2.0,1.0,3.0,41.45231703999998,0.3571999999999988,32
6141cf303ac25c70a5c6c84d,low_MoS2,3.0,0.0,3.0,50.80513714999999,0.3860000000000028,32
6141cf30a05be5973bd77a7f,low_MoS2,1.0,1.0,2.0,6.969606329999977,1.1764999999999972,31
6141cf31baaf234b352901b2,low_MoS2,2.0,1.0,3.0,17.861862819999935,1.1051999999999964,32
6141cf31ee0a3fd43fb47a07,low_MoS2,1.0,2.0,3.0,32.148139160000014,0.4032000000000053,32
6141cf314e27a1844a5f0024,low_MoS2,1.0,2.0,3.0,8.499527799999921,1.1460000000000008,32
6141cf319cbada84a86767ef,low_MoS2,0.0,3.0,3.0,-0.833221040000069,1.8088999999999944,32
6141cf3131cf3ef3d4a9ed6c,low_MoS2,2.0,1.0,3.0,41.45319872,0.3610000000000042,32
6141cf324e27a1844a5f0026,low_MoS2,1.0,2.0,3.0,8.511557560000053,1.147200000000005,32
6141cf32ee0a3fd43fb47a09,low_MoS2,1.0,2.0,3.0,32.145020760000065,0.4014999999999986,32
6141cf32baaf234b352901b4,low_MoS2,2.0,1.0,3.0,17.86577841000007,1.1092999999999975,32
6141cf329cbada84a86767f1,low_MoS2,0.0,3.0,3.0,-0.8287647799999718,1.8081999999999996,32
6141cf3331cf3ef3d4a9ed6e,low_MoS2,2.0,1.0,3.0,41.4634730100001,0.360599999999998,32
6141cf3451c1cbd9654b887e,low_MoS2,2.0,0.0,2.0,21.821003789999946,1.0894000000000048,31
6141cf34b842c2e72e2f2d64,low_MoS2,0.0,2.0,2.0,3.130965980000088,1.8081999999999996,31
6141cf349cbada84a86767f3,low_MoS2,0.0,3.0,3.0,-0.8287009400000329,1.807299999999998,32
6141cf34ee0a3fd43fb47a0b,low_MoS2,1.0,2.0,3.0,32.14602753000007,0.3976000000000042,32
6141cf34baaf234b352901b6,low_MoS2,2.0,1.0,3.0,17.85335381999993,1.0940999999999974,32
6141cf354e27a1844a5f0028,low_MoS2,1.0,2.0,3.0,8.511887099999992,1.1476000000000042,32
6141cf353ac25c70a5c6c84f,low_MoS2,3.0,0.0,3.0,50.25805264000011,0.1666000000000025,32
6141cf3531cf3ef3d4a9ed70,low_MoS2,2.0,1.0,3.0,41.47625414,0.4141000000000048,32
6141cf35b842c2e72e2f2d66,low_MoS2,0.0,2.0,2.0,3.132308789999957,1.809400000000004,31
6141cf369cbada84a86767f5,low_MoS2,0.0,3.0,3.0,-0.8331737099999259,1.8059999999999972,32
6141cf36baaf234b352901b8,low_MoS2,2.0,1.0,3.0,17.876402829999954,1.102000000000004,32
6141cf36ee0a3fd43fb47a0d,low_MoS2,1.0,2.0,3.0,32.14623084000003,0.4016000000000019,32
6141cf364e27a1844a5f002a,low_MoS2,1.0,2.0,3.0,8.528110660000063,1.1400999999999968,32
6141cf3731cf3ef3d4a9ed72,low_MoS2,2.0,1.0,3.0,41.45151206999999,0.3881999999999976,32
6141cf389cbada84a86767f7,low_MoS2,0.0,3.0,3.0,-0.8328721899999323,1.8085999999999984,32
6141cf384e27a1844a5f002c,low_MoS2,1.0,2.0,3.0,8.52909051999998,1.1420999999999992,32
6141cf3802d926221cabc55b,low_MoS2,2.0,0.0,2.0,39.8858565900001,0.3958999999999975,31
6141cf39baaf234b352901ba,low_MoS2,2.0,1.0,3.0,17.846733419999957,1.0945999999999998,32
6141cf39cc0e69a0cf28ab59,low_MoS2,1.0,1.0,2.0,12.47930233000001,1.1458000000000013,31
6141cf39ee0a3fd43fb47a0f,low_MoS2,1.0,2.0,3.0,32.156692259999986,0.4014000000000024,32
6141cf3931cf3ef3d4a9ed74,low_MoS2,2.0,1.0,3.0,41.43003767,0.3772999999999982,32
6141cf399cbada84a86767f9,low_MoS2,0.0,3.0,3.0,-0.8316853900000183,1.8085999999999984,32
6141cf3a3ac25c70a5c6c851,low_MoS2,3.0,0.0,3.0,50.82263187999994,0.4237999999999999,32
6141cf3a4e27a1844a5f002e,low_MoS2,1.0,2.0,3.0,8.528834669999949,1.1390999999999991,32
6141cf3bcc0e69a0cf28ab5b,low_MoS2,1.0,1.0,2.0,12.48200317,1.143000000000001,31
6141cf3bee0a3fd43fb47a11,low_MoS2,1.0,2.0,3.0,32.14815723000014,0.4016000000000019,32
6141cf3b31cf3ef3d4a9ed76,low_MoS2,2.0,1.0,3.0,41.48608989999998,0.4162999999999996,32
6141cf3b9cbada84a86767fb,low_MoS2,0.0,3.0,3.0,-0.8318479100000218,1.8090000000000048,32
6141cf3bbaaf234b352901bc,low_MoS2,2.0,1.0,3.0,17.860054960000063,1.037399999999998,32
6141cf3c4e27a1844a5f0030,low_MoS2,1.0,2.0,3.0,8.533173869999953,1.1371000000000038,32
6141cf3dee0a3fd43fb47a13,low_MoS2,1.0,2.0,3.0,32.125538510000055,0.3547999999999973,32
6141cf3d31cf3ef3d4a9ed78,low_MoS2,2.0,1.0,3.0,41.47397113999996,0.4132999999999995,32
6141cf3d9cbada84a86767fd,low_MoS2,0.0,3.0,3.0,-0.8323670799999832,1.8098000000000027,32
6141cf3d02d926221cabc55d,low_MoS2,2.0,0.0,2.0,39.89804585000012,0.3352000000000004,31
6141cf3dbaaf234b352901be,low_MoS2,2.0,1.0,3.0,17.868163379999935,1.109899999999996,32
6141cf3ecc0e69a0cf28ab5d,low_MoS2,1.0,1.0,2.0,12.47386971999994,1.1450999999999991,31
6141cf3e4e27a1844a5f0032,low_MoS2,1.0,2.0,3.0,8.538186109999994,1.1845,32
6141cf3f31cf3ef3d4a9ed7a,low_MoS2,2.0,1.0,3.0,39.494500799999926,0.1495999999999995,32
6141cf3fee0a3fd43fb47a15,low_MoS2,1.0,2.0,3.0,32.1504956000001,0.3958999999999975,32
6141cf3f9cbada84a86767ff,low_MoS2,0.0,3.0,3.0,-0.8326692099998922,1.806599999999996,32
6141cf3f3ac25c70a5c6c853,low_MoS2,3.0,0.0,3.0,48.83367906000005,0.1501000000000019,32
6141cf3f1d648932fbc342a9,low_MoS2,0.0,2.0,2.0,-2.4095885599999978,1.8033999999999963,31
6141cf40baaf234b352901c0,low_MoS2,2.0,1.0,3.0,17.870669820000096,1.1104999999999947,32
6141cf404e27a1844a5f0034,low_MoS2,1.0,2.0,3.0,8.506209780000088,1.1454999999999984,32
6141cf419cbada84a8676801,low_MoS2,0.0,3.0,3.0,-0.8324267200000008,1.8098000000000027,32
6141cf4131cf3ef3d4a9ed7c,low_MoS2,2.0,1.0,3.0,39.495807350000135,0.152000000000001,32
6141cf41ee0a3fd43fb47a17,low_MoS2,1.0,2.0,3.0,32.14909188,0.4001999999999981,32
6141cf4269b0784ffcf8f86b,low_MoS2,1.0,1.0,2.0,30.56547205000006,0.4045000000000058,31
6141cf42baaf234b352901c2,low_MoS2,2.0,1.0,3.0,17.85319821999996,1.0412000000000037,32
6141cf424e27a1844a5f0036,low_MoS2,1.0,2.0,3.0,8.507207050000059,1.1454000000000022,32
6141cf4331cf3ef3d4a9ed7e,low_MoS2,2.0,1.0,3.0,41.45842759000011,0.3757999999999981,32
6141cf44ee0a3fd43fb47a19,low_MoS2,1.0,2.0,3.0,32.14553354000007,0.4072999999999993,32
6141cf449cbada84a8676803,low_MoS2,0.0,3.0,3.0,-0.8294160600000282,1.8087000000000015,32
6141cf44baaf234b352901c4,low_MoS2,2.0,1.0,3.0,17.86974400999997,1.0804000000000045,32
6141cf454e27a1844a5f0038,low_MoS2,1.0,2.0,3.0,8.524865890000026,1.1426000000000016,32
6141cf453ac25c70a5c6c855,low_MoS2,3.0,0.0,3.0,50.81689528999997,0.4129999999999967,32
6141cf451d648932fbc342ab,low_MoS2,0.0,2.0,2.0,-2.4093663900000823,1.8024999999999949,31
6141cf4631cf3ef3d4a9ed80,low_MoS2,2.0,1.0,3.0,41.46479281000002,0.3879000000000019,32
6141cf46ee0a3fd43fb47a1b,low_MoS2,1.0,2.0,3.0,32.14427205000014,0.4026999999999958,32
6141cf469cbada84a8676805,low_MoS2,0.0,3.0,3.0,-0.830126479999933,1.808399999999999,32
6141cf474e27a1844a5f003a,low_MoS2,1.0,2.0,3.0,8.50986409000009,1.146799999999999,32
6141cf47baaf234b352901c6,low_MoS2,2.0,1.0,3.0,17.873141430000025,0.9998000000000004,32
6141cf4851c1cbd9654b8880,low_MoS2,2.0,0.0,2.0,21.83300031999997,1.1101000000000028,31
6141cf4831cf3ef3d4a9ed82,low_MoS2,2.0,1.0,3.0,41.47212920000011,0.402000000000001,32
6141cf48a05be5973bd77a81,low_MoS2,1.0,1.0,2.0,6.935375160000093,1.1437999999999988,31
6141cf49ee0a3fd43fb47a1d,low_MoS2,1.0,2.0,3.0,31.954188520000105,0.2637,32
6141cf494e27a1844a5f003c,low_MoS2,1.0,2.0,3.0,8.503122330000021,1.1462000000000003,32
6141cf499cbada84a8676807,low_MoS2,0.0,3.0,3.0,-0.8315591899999504,1.809899999999999,32
6141cf4abaaf234b352901c8,low_MoS2,2.0,1.0,3.0,17.86971887999993,1.0818000000000012,32
6141cf4b02d926221cabc55f,low_MoS2,2.0,0.0,2.0,37.91978477999997,0.1524999999999963,31
6141cf4b31cf3ef3d4a9ed84,low_MoS2,2.0,1.0,3.0,41.47778429,0.4155000000000015,32
6141cf4b3ac25c70a5c6c857,low_MoS2,3.0,0.0,3.0,50.83208894999999,0.4220000000000041,32
6141cf4bee0a3fd43fb47a1f,low_MoS2,1.0,2.0,3.0,32.12239535000002,0.3506,32
6141cf4b4e27a1844a5f003e,low_MoS2,1.0,2.0,3.0,8.543508550000094,1.180799999999998,32
6141cf4c9cbada84a8676809,low_MoS2,0.0,3.0,3.0,-0.8320715699998686,1.8088999999999944,32
6141cf4cbaaf234b352901ca,low_MoS2,2.0,1.0,3.0,17.85472971000012,1.0927999999999969,32
6141cf4d31cf3ef3d4a9ed86,low_MoS2,2.0,1.0,3.0,41.45858613000014,0.3828000000000031,32
6141cf4eee0a3fd43fb47a21,low_MoS2,1.0,2.0,3.0,32.12761842999997,0.390900000000002,32
6141cf4e4e27a1844a5f0040,low_MoS2,1.0,2.0,3.0,8.509649320000133,1.143900000000002,32
6141cf4e9cbada84a867680b,low_MoS2,0.0,3.0,3.0,-0.8322061099999587,1.8087000000000015,32
6141cf4fbaaf234b352901cc,low_MoS2,2.0,1.0,3.0,17.81693642000004,0.944599999999994,32
6141cf5031cf3ef3d4a9ed88,low_MoS2,2.0,1.0,3.0,41.47979103000007,0.4162999999999996,32
6141cf50cc0e69a0cf28ab5f,low_MoS2,1.0,1.0,2.0,12.47409314000005,1.1469999999999985,31
6141cf504e27a1844a5f0042,low_MoS2,1.0,2.0,3.0,8.514809029999949,1.1454000000000022,32
6141cf50ee0a3fd43fb47a23,low_MoS2,1.0,2.0,3.0,32.15148995000003,0.4007000000000005,32
6141cf513ac25c70a5c6c859,low_MoS2,3.0,0.0,3.0,50.28663831000009,0.1556999999999959,32
6141cf519cbada84a867680d,low_MoS2,0.0,3.0,3.0,-0.8313035900000045,1.8085999999999984,32
6141cf52baaf234b352901ce,low_MoS2,2.0,1.0,3.0,17.901178860000066,1.0996999999999986,32
6141cf534e27a1844a5f0044,low_MoS2,1.0,2.0,3.0,8.517960149999933,1.1418999999999997,32
6141cf53ee0a3fd43fb47a25,low_MoS2,1.0,2.0,3.0,32.086924449999955,0.406099999999995,32
6141cf539cbada84a867680f,low_MoS2,0.0,3.0,3.0,-0.8322576200000071,1.8085999999999984,32
6141cf5431cf3ef3d4a9ed8a,low_MoS2,2.0,1.0,3.0,41.432824650000114,0.3843999999999994,32
6141cf55cc0e69a0cf28ab61,low_MoS2,1.0,1.0,2.0,12.468582030000007,1.1494,31
6141cf55baaf234b352901d0,low_MoS2,2.0,1.0,3.0,17.897481299999974,1.119100000000003,32
6141cf559cbada84a8676811,low_MoS2,0.0,3.0,3.0,-0.8332125900000733,1.809199999999997,32
6141cf554e27a1844a5f0046,low_MoS2,1.0,2.0,3.0,8.536885230000077,1.1718000000000046,32
6141cf55ee0a3fd43fb47a27,low_MoS2,1.0,2.0,3.0,32.118103129999994,0.3529000000000053,32
6141cf5631cf3ef3d4a9ed8c,low_MoS2,2.0,1.0,3.0,39.49821932999994,0.1482000000000027,32
6141cf57a05be5973bd77a83,low_MoS2,1.0,1.0,2.0,6.934534680000014,1.1469000000000025,31
6141cf573ac25c70a5c6c85b,low_MoS2,3.0,0.0,3.0,50.824011260000056,0.3360999999999947,32
6141cf58baaf234b352901d2,low_MoS2,2.0,1.0,3.0,17.867133420000066,1.0996999999999986,32
6141cf589cbada84a8676813,low_MoS2,0.0,3.0,3.0,-0.8048506699998939,1.808399999999999,32
6141cf584e27a1844a5f0048,low_MoS2,1.0,2.0,3.0,8.526895989999982,1.142400000000002,32
6141cf58ee0a3fd43fb47a29,low_MoS2,1.0,2.0,3.0,32.13567160000001,0.3999999999999986,32
6141cf5931cf3ef3d4a9ed8e,low_MoS2,2.0,1.0,3.0,41.484982710000125,0.4146999999999963,32
6141cf5a9cbada84a8676815,low_MoS2,0.0,3.0,3.0,-0.8331022300000654,1.8095,32
6141cf5abaaf234b352901d4,low_MoS2,2.0,1.0,3.0,17.849534599999963,1.0019999999999951,32
6141cf5b4e27a1844a5f004a,low_MoS2,1.0,2.0,3.0,8.505899340000067,1.1488000000000014,32
6141cf5bee0a3fd43fb47a2b,low_MoS2,1.0,2.0,3.0,32.16134155999997,0.399799999999999,32
6141cf5c31cf3ef3d4a9ed90,low_MoS2,2.0,1.0,3.0,41.372183590000034,0.3004000000000033,32
6141cf5d9cbada84a8676817,low_MoS2,0.0,3.0,3.0,-0.8323680000000309,1.8102000000000016,32
6141cf5d4e27a1844a5f004c,low_MoS2,1.0,2.0,3.0,8.49865776000004,1.1445000000000007,32
6141cf5dbaaf234b352901d6,low_MoS2,2.0,1.0,3.0,17.895129060000038,1.083599999999997,32
6141cf5dee0a3fd43fb47a2d,low_MoS2,1.0,2.0,3.0,31.940594529999988,0.2484000000000037,32
6141cf5e3ac25c70a5c6c85d,low_MoS2,3.0,0.0,3.0,50.78934719000009,0.3541999999999987,32
6141cf5f31cf3ef3d4a9ed92,low_MoS2,2.0,1.0,3.0,41.45256814,0.3641000000000005,32
6141cf609cbada84a8676819,low_MoS2,0.0,3.0,3.0,-0.8042007500000068,1.807900000000004,32
6141cf604e27a1844a5f004e,low_MoS2,1.0,2.0,3.0,8.49572179999998,1.1398999999999972,32
6141cf60ee0a3fd43fb47a2f,low_MoS2,1.0,2.0,3.0,31.89563548,0.2756000000000043,32
6141cf60baaf234b352901d8,low_MoS2,2.0,1.0,3.0,17.871053280000062,1.1000999999999976,32
6141cf6131cf3ef3d4a9ed94,low_MoS2,2.0,1.0,3.0,41.48747341000008,0.4121999999999985,32
6141cf629cbada84a867681b,low_MoS2,0.0,3.0,3.0,-0.8053854500000739,1.806200000000004,32
6141cf634e27a1844a5f0050,low_MoS2,1.0,2.0,3.0,8.513850439999967,1.1436000000000064,32
6141cf63ee0a3fd43fb47a31,low_MoS2,1.0,2.0,3.0,32.12582664,0.3495999999999952,32
6141cf64baaf234b352901da,low_MoS2,2.0,1.0,3.0,17.874042079999974,1.0906999999999982,32
6141cf6431cf3ef3d4a9ed96,low_MoS2,2.0,1.0,3.0,41.44996276000002,0.3876999999999952,32
6141cf659cbada84a867681d,low_MoS2,0.0,3.0,3.0,-0.8321542400000794,1.808299999999996,32
6141cf653ac25c70a5c6c85f,low_MoS2,3.0,0.0,3.0,50.760783430000096,0.3810000000000002,32
6141cf654e27a1844a5f0052,low_MoS2,1.0,2.0,3.0,8.507196300000057,1.1371000000000038,32
6141cf66ee0a3fd43fb47a33,low_MoS2,1.0,2.0,3.0,32.15027598999994,0.4001000000000019,32
6141cf67baaf234b352901dc,low_MoS2,2.0,1.0,3.0,17.86696946999995,1.1107999999999976,32
6141cf6731cf3ef3d4a9ed98,low_MoS2,2.0,1.0,3.0,39.49783346,0.1507000000000005,32
6141cf684e27a1844a5f0054,low_MoS2,1.0,2.0,3.0,8.513691590000033,1.1458000000000013,32
6141cf689cbada84a867681f,low_MoS2,0.0,3.0,3.0,-0.8315433299998745,1.8098000000000027,32
6141cf69ee0a3fd43fb47a35,low_MoS2,1.0,2.0,3.0,32.12769988000012,0.3539999999999992,32
6141cf6b9cbada84a8676821,low_MoS2,0.0,3.0,3.0,-0.8335977300000081,1.8070000000000024,32
6141cf6bbaaf234b352901de,low_MoS2,2.0,1.0,3.0,17.833778970000132,0.9429000000000016,32
6141cf6b4e27a1844a5f0056,low_MoS2,1.0,2.0,3.0,8.502769230000037,1.1477000000000004,32
6141cf6c31cf3ef3d4a9ed9a,low_MoS2,2.0,1.0,3.0,39.498451560000106,0.1514000000000024,32
6141cf6cee0a3fd43fb47a37,low_MoS2,1.0,2.0,3.0,32.14631088000009,0.4026999999999958,32
6141cf6d51c1cbd9654b8882,low_MoS2,2.0,0.0,2.0,21.89439376000005,0.653100000000002,31
6141cf6e3ac25c70a5c6c861,low_MoS2,3.0,0.0,3.0,50.88301790000006,0.181200000000004,32
6141cf6e9cbada84a8676823,low_MoS2,0.0,3.0,3.0,-0.8320129699999939,1.807900000000004,32
6141cf6e4e27a1844a5f0058,low_MoS2,1.0,2.0,3.0,8.515658589999955,1.1450000000000031,32
6141cf6ebaaf234b352901e0,low_MoS2,2.0,1.0,3.0,17.864048469999936,1.0846000000000018,32
6141cf6f31cf3ef3d4a9ed9c,low_MoS2,2.0,1.0,3.0,41.47459395999995,0.4140000000000015,32
6141cf6fcc0e69a0cf28ab63,low_MoS2,1.0,1.0,2.0,12.479767950000124,1.1452000000000029,31
6141cf719cbada84a8676825,low_MoS2,0.0,3.0,3.0,-0.8324324600000068,1.808300000000003,32
6141cf714e27a1844a5f005a,low_MoS2,1.0,2.0,3.0,8.513555219999969,1.1464,32
6141cf7231cf3ef3d4a9ed9e,low_MoS2,2.0,1.0,3.0,41.45478573999999,0.3701000000000007,32
6141cf72baaf234b352901e2,low_MoS2,2.0,1.0,3.0,17.865665250000113,1.1062000000000012,32
6141cf72cc0e69a0cf28ab65,low_MoS2,1.0,1.0,2.0,12.470487200000107,1.1378999999999948,31
6141cf73ee0a3fd43fb47a39,low_MoS2,1.0,2.0,3.0,32.145615450000136,0.3998000000000061,32
6141cf749cbada84a8676827,low_MoS2,0.0,3.0,3.0,-0.8312734599998635,1.8089999999999973,32
6141cf744e27a1844a5f005c,low_MoS2,1.0,2.0,3.0,8.5439972500001,1.1802000000000064,32
6141cf7531cf3ef3d4a9eda0,low_MoS2,2.0,1.0,3.0,41.41777006000002,0.3559000000000054,32
6141cf75baaf234b352901e4,low_MoS2,2.0,1.0,3.0,17.86585503000014,1.1039999999999992,32
6141cf763ac25c70a5c6c863,low_MoS2,3.0,0.0,3.0,50.30712826999994,0.1609999999999942,32
6141cf76ee0a3fd43fb47a3b,low_MoS2,1.0,2.0,3.0,32.145907000000065,0.4012999999999991,32
6141cf76cc0e69a0cf28ab67,low_MoS2,1.0,1.0,2.0,12.492968280000142,1.139800000000001,31
6141cf769cbada84a8676829,low_MoS2,0.0,3.0,3.0,-0.8312572500000783,1.8086999999999944,32
6141cf774e27a1844a5f005e,low_MoS2,1.0,2.0,3.0,8.548161830000051,1.1816999999999993,32
6141cf7831cf3ef3d4a9eda2,low_MoS2,2.0,1.0,3.0,39.49647509999996,0.1486000000000018,32
6141cf79baaf234b352901e6,low_MoS2,2.0,1.0,3.0,17.85820506000004,1.0911000000000044,32
6141cf79ee0a3fd43fb47a3d,low_MoS2,1.0,2.0,3.0,31.940208350000137,0.2464000000000012,32
6141cf799cbada84a867682b,low_MoS2,0.0,3.0,3.0,-0.8322734000000196,1.8087000000000015,32
6141cf7a4e27a1844a5f0060,low_MoS2,1.0,2.0,3.0,8.51434363000001,1.1450000000000031,32
6141cf7b31cf3ef3d4a9eda4,low_MoS2,2.0,1.0,3.0,40.973507970000085,0.1553999999999931,32
6141cf7b51c1cbd9654b8884,low_MoS2,2.0,0.0,2.0,21.835564150000074,1.1006,31
6141cf7cbaaf234b352901e8,low_MoS2,2.0,1.0,3.0,17.894044390000083,1.0608000000000004,32
6141cf7d9cbada84a867682d,low_MoS2,0.0,3.0,3.0,-0.8312656299999048,1.809599999999996,32
6141cf7dee0a3fd43fb47a3f,low_MoS2,1.0,2.0,3.0,31.95600833000002,0.2689999999999983,32
6141cf7e4e27a1844a5f0062,low_MoS2,1.0,2.0,3.0,8.503695560000121,1.1477000000000004,32
6141cf7e3ac25c70a5c6c865,low_MoS2,3.0,0.0,3.0,50.78512173000005,0.380900000000004,32
6141cf7e31cf3ef3d4a9eda6,low_MoS2,2.0,1.0,3.0,41.47113888000008,0.3369,32
6141cf80ee0a3fd43fb47a41,low_MoS2,1.0,2.0,3.0,31.949384250000083,0.2670999999999992,32
6141cf819cbada84a867682f,low_MoS2,0.0,3.0,3.0,-0.8041101399998638,1.808399999999999,32
6141cf814e27a1844a5f0064,low_MoS2,1.0,2.0,3.0,8.51686569999995,1.1450000000000031,32
6141cf8131cf3ef3d4a9eda8,low_MoS2,2.0,1.0,3.0,41.45601832999997,0.3698999999999941,32
6141cf82cc0e69a0cf28ab69,low_MoS2,1.0,1.0,2.0,12.478616580000008,1.1480000000000032,31
6141cf83ee0a3fd43fb47a43,low_MoS2,1.0,2.0,3.0,32.07197715000005,0.3606000000000051,32
6141cf83baaf234b352901ea,low_MoS2,2.0,1.0,3.0,17.865650469999984,1.084699999999998,32
6141cf849cbada84a8676831,low_MoS2,0.0,3.0,3.0,-0.8322638899998651,1.8090000000000048,32
6141cf844e27a1844a5f0066,low_MoS2,1.0,2.0,3.0,8.51392738999996,1.147199999999998,32
6141cf8531cf3ef3d4a9edaa,low_MoS2,2.0,1.0,3.0,40.97977112000008,0.1585999999999998,32
6141cf863ac25c70a5c6c867,low_MoS2,3.0,0.0,3.0,50.31826844999993,0.1555999999999997,32
6141cf87ee0a3fd43fb47a45,low_MoS2,1.0,2.0,3.0,31.94732257999998,0.2432999999999978,32
6141cf87baaf234b352901ec,low_MoS2,2.0,1.0,3.0,17.87097184000003,1.100999999999999,32
6141cf879cbada84a8676833,low_MoS2,0.0,3.0,3.0,-0.8327190100000621,1.8105000000000049,32
6141cf8831cf3ef3d4a9edac,low_MoS2,2.0,1.0,3.0,41.45505752000004,0.3697000000000017,32
6141cf8902d926221cabc561,low_MoS2,2.0,0.0,2.0,39.91203832000007,0.4151999999999987,31
6141cf894e27a1844a5f0068,low_MoS2,1.0,2.0,3.0,8.510160889999977,1.1444000000000043,32
6141cf8aee0a3fd43fb47a47,low_MoS2,1.0,2.0,3.0,32.14958700999999,0.4055000000000035,32
6141cf8a9cbada84a8676835,low_MoS2,0.0,3.0,3.0,-0.8053019399998789,1.807900000000004,32
6141cf8b31cf3ef3d4a9edae,low_MoS2,2.0,1.0,3.0,40.97575744000001,0.1567999999999969,32
6141cf8bbaaf234b352901ee,low_MoS2,2.0,1.0,3.0,17.849435379999925,1.0015,32
6141cf8d4e27a1844a5f006a,low_MoS2,1.0,2.0,3.0,8.517914060000091,1.1476000000000042,32
6141cf8eee0a3fd43fb47a49,low_MoS2,1.0,2.0,3.0,32.14615406999995,0.4035999999999973,32
6141cf8e9cbada84a8676837,low_MoS2,0.0,3.0,3.0,-0.8317445600000042,1.809599999999996,32
6141cf8e31cf3ef3d4a9edb0,low_MoS2,2.0,1.0,3.0,41.43113471000011,0.3770000000000024,32
6141cf8fbaaf234b352901f0,low_MoS2,2.0,1.0,3.0,17.873677219999983,1.035199999999996,32
6141cf8f3ac25c70a5c6c869,low_MoS2,3.0,0.0,3.0,50.786458910000114,0.4117999999999995,32
6141cf90cc0e69a0cf28ab6b,low_MoS2,1.0,1.0,2.0,12.474198860000016,1.1456000000000015,31
6141cf914e27a1844a5f006c,low_MoS2,1.0,2.0,3.0,8.513566650000055,1.1468999999999951,32
6141cf91ee0a3fd43fb47a4b,low_MoS2,1.0,2.0,3.0,32.14955314999996,0.3965000000000032,32
6141cf929cbada84a8676839,low_MoS2,0.0,3.0,3.0,-0.8303742499999203,1.8078000000000003,32
6141cf9231cf3ef3d4a9edb2,low_MoS2,2.0,1.0,3.0,41.45991862000001,0.3828999999999993,32
6141cf94baaf234b352901f2,low_MoS2,2.0,1.0,3.0,17.85547751000012,1.0878000000000014,32
6141cf944e27a1844a5f006e,low_MoS2,1.0,2.0,3.0,8.518646440000136,1.1425000000000054,32
6141cf95ee0a3fd43fb47a4d,low_MoS2,1.0,2.0,3.0,32.124662520000115,0.3528999999999982,32
6141cf959cbada84a867683b,low_MoS2,0.0,3.0,3.0,-0.8324304199999801,1.808799999999998,32
6141cf9631cf3ef3d4a9edb4,low_MoS2,2.0,1.0,3.0,41.28645456,0.2662000000000049,32
6141cf984e27a1844a5f0070,low_MoS2,1.0,2.0,3.0,8.512202769999956,1.1437999999999988,32
6141cf98baaf234b352901f4,low_MoS2,2.0,1.0,3.0,17.886926749999922,1.1156000000000006,32
6141cf983ac25c70a5c6c86b,low_MoS2,3.0,0.0,3.0,50.351474859999975,0.1103999999999985,32
6141cf99ee0a3fd43fb47a4f,low_MoS2,1.0,2.0,3.0,32.14504708999992,0.4040000000000034,32
6141cf999cbada84a867683d,low_MoS2,0.0,3.0,3.0,-0.8330115099999489,1.8096999999999996,32
6141cf9931cf3ef3d4a9edb6,low_MoS2,2.0,1.0,3.0,41.45671497999997,0.3977000000000004,32
6141cf9c4e27a1844a5f0072,low_MoS2,1.0,2.0,3.0,8.511735900000101,1.146099999999997,32
6141cf9cbaaf234b352901f6,low_MoS2,2.0,1.0,3.0,17.875556380000027,1.0929999999999964,32
6141cf9cee0a3fd43fb47a51,low_MoS2,1.0,2.0,3.0,32.12294889999997,0.3562999999999974,32
6141cf9d9cbada84a867683f,low_MoS2,0.0,3.0,3.0,-0.8319919600000389,1.8095,32
6141cf9d31cf3ef3d4a9edb8,low_MoS2,2.0,1.0,3.0,41.43183395000001,0.3774000000000015,32
6141cf9f51c1cbd9654b8886,low_MoS2,2.0,0.0,2.0,21.828969680000093,1.1066999999999965,31
6141cfa04e27a1844a5f0074,low_MoS2,1.0,2.0,3.0,8.50397341999999,1.1467000000000027,32
6141cfa0baaf234b352901f8,low_MoS2,2.0,1.0,3.0,17.84855732999994,1.0840000000000032,32
6141cfa0ee0a3fd43fb47a53,low_MoS2,1.0,2.0,3.0,32.11396568999997,0.3581000000000003,32
6141cfa09cbada84a8676841,low_MoS2,0.0,3.0,3.0,-0.8037697399999502,1.808300000000003,32
6141cfa131cf3ef3d4a9edba,low_MoS2,2.0,1.0,3.0,41.44727282999993,0.3723000000000027,32
6141cfa23ac25c70a5c6c86d,low_MoS2,3.0,0.0,3.0,50.31777457000013,0.1505000000000009,32
6141cfa44e27a1844a5f0076,low_MoS2,1.0,2.0,3.0,8.499445500000117,1.1503999999999976,32
6141cfa4ee0a3fd43fb47a55,low_MoS2,1.0,2.0,3.0,32.149605580000056,0.3987999999999942,32
6141cfa49cbada84a8676843,low_MoS2,0.0,3.0,3.0,-0.8231556999998588,1.8057999999999976,32
6141cfa431cf3ef3d4a9edbc,low_MoS2,2.0,1.0,3.0,41.47525072999993,0.3347999999999942,32
6141cfa5baaf234b352901fa,low_MoS2,2.0,1.0,3.0,17.86989653,1.1097000000000037,32
6141cfa84e27a1844a5f0078,low_MoS2,1.0,2.0,3.0,8.51308012999996,1.1455999999999946,32
6141cfa8ee0a3fd43fb47a57,low_MoS2,1.0,2.0,3.0,32.13993806000006,0.4047000000000054,32
6141cfa89cbada84a8676845,low_MoS2,0.0,3.0,3.0,-0.8327426000000173,1.8089000000000013,32
6141cfa831cf3ef3d4a9edbe,low_MoS2,2.0,1.0,3.0,40.97537497000003,0.1544000000000025,32
6141cfa9baaf234b352901fc,low_MoS2,2.0,1.0,3.0,17.86653348999993,1.1041000000000023,32
6141cfab4e27a1844a5f007a,low_MoS2,1.0,2.0,3.0,8.509540970000014,1.146499999999996,32
6141cfacee0a3fd43fb47a59,low_MoS2,1.0,2.0,3.0,32.148088050000055,0.4014999999999986,32
6141cfac9cbada84a8676847,low_MoS2,0.0,3.0,3.0,-0.8316532099999563,1.8085999999999984,32
6141cfac3ac25c70a5c6c86f,low_MoS2,3.0,0.0,3.0,50.80211593000005,0.3828999999999993,32
6141cfac31cf3ef3d4a9edc0,low_MoS2,2.0,1.0,3.0,41.47325253000004,0.3947000000000003,32
6141cfaebaaf234b352901fe,low_MoS2,2.0,1.0,3.0,17.856874360000113,1.038800000000002,32
6141cfaf4e27a1844a5f007c,low_MoS2,1.0,2.0,3.0,8.502362149999978,1.1495999999999995,32
6141cfb09cbada84a8676849,low_MoS2,0.0,3.0,3.0,-0.8324678799999106,1.8074999999999972,32
6141cfb131cf3ef3d4a9edc2,low_MoS2,2.0,1.0,3.0,41.46385533000007,0.4010000000000033,32
6141cfb2baaf234b35290200,low_MoS2,2.0,1.0,3.0,17.868902709999922,1.1079000000000008,32
6141cfb34e27a1844a5f007e,low_MoS2,1.0,2.0,3.0,8.542272870000058,1.1448000000000036,32
6141cfb3ee0a3fd43fb47a5b,low_MoS2,1.0,2.0,3.0,32.131001559999945,0.4037999999999968,32
6141cfb49cbada84a867684b,low_MoS2,0.0,3.0,3.0,-0.8230837400000723,1.8057000000000016,32
6141cfb531cf3ef3d4a9edc4,low_MoS2,2.0,1.0,3.0,40.97021078000007,0.1535999999999973,32
6141cfb63ac25c70a5c6c871,low_MoS2,3.0,0.0,3.0,50.72785710999998,0.1471000000000017,32
6141cfb6baaf234b35290202,low_MoS2,2.0,1.0,3.0,17.869411970000094,1.1082999999999998,32
6141cfb74e27a1844a5f0080,low_MoS2,1.0,2.0,3.0,8.509583210000098,1.144299999999994,32
6141cfb7ee0a3fd43fb47a5d,low_MoS2,1.0,2.0,3.0,32.14298723,0.4036999999999935,32
6141cfb89cbada84a867684d,low_MoS2,0.0,3.0,3.0,-0.8315048599999386,1.808399999999999,32
6141cfb931cf3ef3d4a9edc6,low_MoS2,2.0,1.0,3.0,41.47608493000003,0.4141999999999939,32
6141cfba4e27a1844a5f0082,low_MoS2,1.0,2.0,3.0,8.514525640000127,1.1447999999999965,32
6141cfbbbaaf234b35290204,low_MoS2,2.0,1.0,3.0,17.86411554000005,1.1092000000000013,32
6141cfbbee0a3fd43fb47a5f,low_MoS2,1.0,2.0,3.0,31.94387312999992,0.240000000000002,32
6141cfbc9cbada84a867684f,low_MoS2,0.0,3.0,3.0,-0.8305085799999574,1.8095,32
6141cfbd31cf3ef3d4a9edc8,low_MoS2,2.0,1.0,3.0,41.4579099300001,0.3714000000000013,32
6141cfbe4e27a1844a5f0084,low_MoS2,1.0,2.0,3.0,8.50352784999998,1.1471000000000018,32
6141cfbfbaaf234b35290206,low_MoS2,2.0,1.0,3.0,17.905138150000077,1.1163000000000023,32
6141cfbf3ac25c70a5c6c873,low_MoS2,3.0,0.0,3.0,50.77421003999999,0.382400000000004,32
6141cfc0ee0a3fd43fb47a61,low_MoS2,1.0,2.0,3.0,32.14540897999994,0.4016000000000019,32
6141cfc09cbada84a8676851,low_MoS2,0.0,3.0,3.0,-0.8321717200000762,1.808799999999998,32
6141cfc151c1cbd9654b8888,low_MoS2,2.0,0.0,2.0,21.835215270000027,1.101700000000001,31
6141cfc231cf3ef3d4a9edca,low_MoS2,2.0,1.0,3.0,41.37674029,0.2991000000000028,32
6141cfc24e27a1844a5f0086,low_MoS2,1.0,2.0,3.0,8.513320520000004,1.1448000000000036,32
6141cfc4ee0a3fd43fb47a63,low_MoS2,1.0,2.0,3.0,32.145851219999926,0.4020999999999972,32
6141cfc4baaf234b35290208,low_MoS2,2.0,1.0,3.0,17.868214289999962,1.1098,32
6141cfc59cbada84a8676853,low_MoS2,0.0,3.0,3.0,-0.804964630000029,1.807900000000004,32
6141cfc631cf3ef3d4a9edcc,low_MoS2,2.0,1.0,3.0,41.43574491,0.4089999999999989,32
6141cfc74e27a1844a5f0088,low_MoS2,1.0,2.0,3.0,8.514313970000128,1.1441000000000017,32
6141cfc8baaf234b3529020a,low_MoS2,2.0,1.0,3.0,17.903614400000144,1.1086000000000027,32
6141cfc9ee0a3fd43fb47a65,low_MoS2,1.0,2.0,3.0,32.12253768000004,0.3539999999999992,32
6141cfc99cbada84a8676855,low_MoS2,0.0,3.0,3.0,-0.8047530099999562,1.807700000000004,32
6141cfc93ac25c70a5c6c875,low_MoS2,3.0,0.0,3.0,50.804768650000064,0.3746999999999971,32
6141cfcb4e27a1844a5f008a,low_MoS2,1.0,2.0,3.0,8.510923029999983,1.1454999999999984,32
6141cfcb31cf3ef3d4a9edce,low_MoS2,2.0,1.0,3.0,41.47324973999999,0.4134999999999991,32
6141cfcdbaaf234b3529020c,low_MoS2,2.0,1.0,3.0,17.87095496999995,1.101300000000002,32
6141cfcdee0a3fd43fb47a67,low_MoS2,1.0,2.0,3.0,32.14753700999994,0.3986000000000018,32
6141cfce9cbada84a8676857,low_MoS2,0.0,3.0,3.0,-0.8233598999999572,1.806400000000004,32
6141cfcf4e27a1844a5f008c,low_MoS2,1.0,2.0,3.0,8.512297360000073,1.145399999999995,32
6141cfd031cf3ef3d4a9edd0,low_MoS2,2.0,1.0,3.0,41.47976145000003,0.4118999999999957,32
6141cfd2baaf234b3529020e,low_MoS2,2.0,1.0,3.0,17.851346899999946,1.1113,32
6141cfd2ee0a3fd43fb47a69,low_MoS2,1.0,2.0,3.0,32.14570621000006,0.4004000000000047,32
6141cfd29cbada84a8676859,low_MoS2,0.0,3.0,3.0,-0.8326522300000647,1.809199999999997,32
6141cfd34e27a1844a5f008e,low_MoS2,1.0,2.0,3.0,8.594743890000043,1.129400000000004,32
6141cfd43ac25c70a5c6c877,low_MoS2,3.0,0.0,3.0,50.81242955999998,0.3870000000000004,32
6141cfd531cf3ef3d4a9edd2,low_MoS2,2.0,1.0,3.0,41.45895656000012,0.3693999999999988,32
6141cfd6ee0a3fd43fb47a6b,low_MoS2,1.0,2.0,3.0,32.13702488000011,0.3951999999999955,32
6141cfd79cbada84a867685b,low_MoS2,0.0,3.0,3.0,-0.8292214899999522,1.8071999999999944,32
6141cfd7baaf234b35290210,low_MoS2,2.0,1.0,3.0,17.857407109999933,1.0015999999999965,32
6141cfd84e27a1844a5f0090,low_MoS2,1.0,2.0,3.0,8.538628779999978,1.1462000000000003,32
6141cfd931cf3ef3d4a9edd4,low_MoS2,2.0,1.0,3.0,40.965853320000136,0.1504999999999938,32
6141cfdbee0a3fd43fb47a6d,low_MoS2,1.0,2.0,3.0,32.14697107999994,0.4018000000000015,32
6141cfdcbaaf234b35290212,low_MoS2,2.0,1.0,3.0,17.929230630000113,0.6532000000000053,32
6141cfdc9cbada84a867685d,low_MoS2,0.0,3.0,3.0,-0.8336742900000331,1.808,32
6141cfdc4e27a1844a5f0092,low_MoS2,1.0,2.0,3.0,8.510691250000061,1.1454000000000022,32
6141cfde31cf3ef3d4a9edd6,low_MoS2,2.0,1.0,3.0,41.45766246000012,0.3797999999999959,32
6141cfdf3ac25c70a5c6c879,low_MoS2,3.0,0.0,3.0,50.807643309999925,0.3832000000000022,32
6141cfe0baaf234b35290214,low_MoS2,2.0,1.0,3.0,17.869887650000003,1.110199999999999,32
6141cfe19cbada84a867685f,low_MoS2,0.0,3.0,3.0,-0.8318065000000274,1.8091000000000008,32
6141cfe14e27a1844a5f0094,low_MoS2,1.0,2.0,3.0,8.512279710000055,1.145699999999998,32
6141cfe331cf3ef3d4a9edd8,low_MoS2,2.0,1.0,3.0,41.29100132000004,0.2597000000000022,32
6141cfe54e27a1844a5f0096,low_MoS2,1.0,2.0,3.0,8.51443162000012,1.145699999999998,32
6141cfe59cbada84a8676861,low_MoS2,0.0,3.0,3.0,-0.8059906799998657,1.8093000000000004,32
6141cfe5baaf234b35290216,low_MoS2,2.0,1.0,3.0,17.86686383000005,1.1099000000000032,32
6141cfe6ee0a3fd43fb47a6f,low_MoS2,1.0,2.0,3.0,32.14422613999999,0.4049000000000049,32
6141cfe831cf3ef3d4a9edda,low_MoS2,2.0,1.0,3.0,41.484539389999966,0.4114999999999966,32
6141cfea4e27a1844a5f0098,low_MoS2,1.0,2.0,3.0,8.509451530000003,1.1477000000000004,32
6141cfea9cbada84a8676863,low_MoS2,0.0,3.0,3.0,-0.829336039999987,1.8076000000000008,32
6141cfea3ac25c70a5c6c87b,low_MoS2,3.0,0.0,3.0,50.29857739000014,0.1306999999999973,32
6141cfeaee0a3fd43fb47a71,low_MoS2,1.0,2.0,3.0,32.14341358,0.4015000000000057,32
6141cfebbaaf234b35290218,low_MoS2,2.0,1.0,3.0,17.887356319999974,1.0899,32
6141cfed31cf3ef3d4a9eddc,low_MoS2,2.0,1.0,3.0,41.449220359999984,0.3912000000000049,32
6141cfed51c1cbd9654b888a,low_MoS2,2.0,0.0,2.0,21.831502930000035,1.109099999999998,31
6141cfef4e27a1844a5f009a,low_MoS2,1.0,2.0,3.0,8.509596480000052,1.1465999999999994,32
6141cfef9cbada84a8676865,low_MoS2,0.0,3.0,3.0,-0.8040428599999245,1.8076000000000008,32
6141cfefee0a3fd43fb47a73,low_MoS2,1.0,2.0,3.0,32.14405480999993,0.4007000000000005,32
6141cff0baaf234b3529021a,low_MoS2,2.0,1.0,3.0,17.859738840000084,1.1067999999999998,32
6141cff131cf3ef3d4a9edde,low_MoS2,2.0,1.0,3.0,41.45048949000007,0.3727000000000018,32
6141cff44e27a1844a5f009c,low_MoS2,1.0,2.0,3.0,8.539146220000045,1.1447000000000005,32
6141cff4ee0a3fd43fb47a75,low_MoS2,1.0,2.0,3.0,32.158619150000035,0.3943000000000012,32
6141cff5baaf234b3529021c,low_MoS2,2.0,1.0,3.0,17.887565250000073,1.1007000000000031,32
6141cff631cf3ef3d4a9ede0,low_MoS2,2.0,1.0,3.0,41.45111719000006,0.3905999999999991,32
6141cff73ac25c70a5c6c87d,low_MoS2,3.0,0.0,3.0,50.80691270999993,0.3450000000000059,32
6141cff94e27a1844a5f009e,low_MoS2,1.0,2.0,3.0,8.531278930000123,1.1396000000000015,32
6141cff99cbada84a8676867,low_MoS2,0.0,3.0,3.0,-0.8036447700000622,1.808799999999998,32
6141cff9ee0a3fd43fb47a77,low_MoS2,1.0,2.0,3.0,32.14686668000012,0.3989000000000047,32
6141cffabaaf234b3529021e,low_MoS2,2.0,1.0,3.0,17.891981030000117,1.124200000000002,32
6141cffb51c1cbd9654b888c,low_MoS2,2.0,0.0,2.0,21.832782260000023,1.1099000000000032,31
6141cffb31cf3ef3d4a9ede2,low_MoS2,2.0,1.0,3.0,41.39475925999996,0.2993000000000023,32
6141cffd4e27a1844a5f00a0,low_MoS2,1.0,2.0,3.0,8.511329140000068,1.1452999999999989,32
6141cffe9cbada84a8676869,low_MoS2,0.0,3.0,3.0,-0.831842869999889,1.8093000000000004,32
6141cffeee0a3fd43fb47a79,low_MoS2,1.0,2.0,3.0,32.12563362000013,0.3492999999999995,32
6141cfffbaaf234b35290220,low_MoS2,2.0,1.0,3.0,17.9033787400001,1.1022000000000034,32
6141d00031cf3ef3d4a9ede4,low_MoS2,2.0,1.0,3.0,39.447211880000125,0.1897000000000019,32
6141d0029cbada84a867686b,low_MoS2,0.0,3.0,3.0,-0.8330770499998721,1.808299999999996,32
6141d0024e27a1844a5f00a2,low_MoS2,1.0,2.0,3.0,8.533135489999975,1.1400999999999968,32
6141d002ee0a3fd43fb47a7b,low_MoS2,1.0,2.0,3.0,32.13936334000003,0.4046999999999983,32
6141d0033ac25c70a5c6c87f,low_MoS2,3.0,0.0,3.0,50.80814144999992,0.3781999999999996,32
6141d00531cf3ef3d4a9ede6,low_MoS2,2.0,1.0,3.0,41.480747510000086,0.4085999999999998,32
6141d005baaf234b35290222,low_MoS2,2.0,1.0,3.0,17.85910933000013,1.0910999999999973,32
6141d0074e27a1844a5f00a4,low_MoS2,1.0,2.0,3.0,8.493925440000137,1.1375000000000028,32
6141d0079cbada84a867686d,low_MoS2,0.0,3.0,3.0,-0.8318007499998998,1.8087000000000015,32
6141d007ee0a3fd43fb47a7d,low_MoS2,1.0,2.0,3.0,31.96723769999993,0.253700000000002,32
6141d00951c1cbd9654b888e,low_MoS2,2.0,0.0,2.0,21.822130180000023,1.0390000000000017,31
6141d00a31cf3ef3d4a9ede8,low_MoS2,2.0,1.0,3.0,41.28599860000004,0.2473999999999989,32
6141d00abaaf234b35290224,low_MoS2,2.0,1.0,3.0,17.856536790000057,1.0960000000000036,32
6141d00c4e27a1844a5f00a6,low_MoS2,1.0,2.0,3.0,8.504899640000101,1.147199999999998,32
6141d00cee0a3fd43fb47a7f,low_MoS2,1.0,2.0,3.0,31.954245950000075,0.2640999999999991,32
6141d00e9cbada84a867686f,low_MoS2,0.0,3.0,3.0,-0.8314068500000644,1.8084999999999951,32
6141d00f31cf3ef3d4a9edea,low_MoS2,2.0,1.0,3.0,41.43655585999996,0.3856000000000037,32
6141d010baaf234b35290226,low_MoS2,2.0,1.0,3.0,17.864362020000037,1.1096999999999966,32
6141d0103ac25c70a5c6c881,low_MoS2,3.0,0.0,3.0,50.79820947,0.372799999999998,32
6141d0104e27a1844a5f00a8,low_MoS2,1.0,2.0,3.0,8.507333139999925,1.145699999999998,32
6141d011ee0a3fd43fb47a81,low_MoS2,1.0,2.0,3.0,32.11970257999995,0.3511999999999986,32
6141d0139cbada84a8676871,low_MoS2,0.0,3.0,3.0,-0.8332053199998768,1.8076000000000008,32
6141d01431cf3ef3d4a9edec,low_MoS2,2.0,1.0,3.0,41.45955141999998,0.3552000000000035,32
6141d0154e27a1844a5f00aa,low_MoS2,1.0,2.0,3.0,8.510147420000092,1.147199999999998,32
6141d015baaf234b35290228,low_MoS2,2.0,1.0,3.0,17.86605495999992,1.1044000000000054,32
6141d01851c1cbd9654b8890,low_MoS2,2.0,0.0,2.0,21.78692738999994,1.1092000000000013,31
6141d0189cbada84a8676873,low_MoS2,0.0,3.0,3.0,-0.8328535499999248,1.8104000000000011,32
6141d01931cf3ef3d4a9edee,low_MoS2,2.0,1.0,3.0,41.45313640000013,0.3706999999999993,32
6141d01a4e27a1844a5f00ac,low_MoS2,1.0,2.0,3.0,8.541533430000097,1.1466999999999956,32
6141d01bee0a3fd43fb47a83,low_MoS2,1.0,2.0,3.0,32.142992400000125,0.4052999999999969,32
6141d01bbaaf234b3529022a,low_MoS2,2.0,1.0,3.0,17.863020779999935,1.1036999999999964,32
6141d01d3ac25c70a5c6c883,low_MoS2,3.0,0.0,3.0,50.31235860000008,0.1533000000000015,32
6141d01e9cbada84a8676875,low_MoS2,0.0,3.0,3.0,-0.8322939999999903,1.8093000000000004,32
6141d01e4e27a1844a5f00ae,low_MoS2,1.0,2.0,3.0,8.513727250000127,1.145699999999998,32
6141d01e31cf3ef3d4a9edf0,low_MoS2,2.0,1.0,3.0,41.48031966999993,0.4092000000000055,32
6141d020ee0a3fd43fb47a85,low_MoS2,1.0,2.0,3.0,32.15946039999993,0.3970000000000055,32
6141d0229cbada84a8676877,low_MoS2,0.0,3.0,3.0,-0.8334967800000754,1.8066999999999995,32
6141d023baaf234b3529022c,low_MoS2,2.0,1.0,3.0,17.865575479999954,1.0842000000000027,32
6141d0234e27a1844a5f00b0,low_MoS2,1.0,2.0,3.0,8.510135700000117,1.144199999999998,32
6141d02431cf3ef3d4a9edf2,low_MoS2,2.0,1.0,3.0,41.4471986600001,0.3639999999999972,32
6141d025ee0a3fd43fb47a87,low_MoS2,1.0,2.0,3.0,32.146335870000016,0.4011999999999958,32
6141d0279cbada84a8676879,low_MoS2,0.0,3.0,3.0,-0.8320686100000216,1.8091000000000008,32
6141d0284e27a1844a5f00b2,low_MoS2,1.0,2.0,3.0,8.510970410000052,1.1460000000000008,32
6141d02931cf3ef3d4a9edf4,low_MoS2,2.0,1.0,3.0,39.28535555999993,0.564700000000002,32
6141d029baaf234b3529022e,low_MoS2,2.0,1.0,3.0,17.87037852999992,1.109100000000005,32
6141d02aee0a3fd43fb47a89,low_MoS2,1.0,2.0,3.0,32.14890482999998,0.3978999999999999,32
6141d02b3ac25c70a5c6c885,low_MoS2,3.0,0.0,3.0,50.806636200000106,0.3466999999999984,32
6141d02c9cbada84a867687b,low_MoS2,0.0,3.0,3.0,-0.8044563299999368,1.8085999999999984,32
6141d02d4e27a1844a5f00b4,low_MoS2,1.0,2.0,3.0,8.515131460000045,1.1428000000000011,32
6141d02e31cf3ef3d4a9edf6,low_MoS2,2.0,1.0,3.0,41.457847119999954,0.3924999999999983,32
6141d030ee0a3fd43fb47a8b,low_MoS2,1.0,2.0,3.0,32.14285352,0.4012999999999991,32
6141d0319cbada84a867687d,low_MoS2,0.0,3.0,3.0,-0.8303540300000236,1.8089000000000013,32
6141d0324e27a1844a5f00b6,low_MoS2,1.0,2.0,3.0,8.540941640000053,1.183099999999996,32
6141d03331cf3ef3d4a9edf8,low_MoS2,2.0,1.0,3.0,41.48081206000002,0.4115999999999999,32
6141d034baaf234b35290230,low_MoS2,2.0,1.0,3.0,17.867009230000114,1.111699999999999,32
6141d035ee0a3fd43fb47a8d,low_MoS2,1.0,2.0,3.0,32.14656559000012,0.4007999999999967,32
6141d0374e27a1844a5f00b8,low_MoS2,1.0,2.0,3.0,8.493374390000124,1.1384000000000043,32
6141d0383ac25c70a5c6c887,low_MoS2,3.0,0.0,3.0,50.85821905999993,0.3627000000000038,32
6141d03831cf3ef3d4a9edfa,low_MoS2,2.0,1.0,3.0,41.48552929000012,0.4078000000000017,32
6141d03abaaf234b35290232,low_MoS2,2.0,1.0,3.0,17.852498749999988,1.083199999999998,32
6141d03aee0a3fd43fb47a8f,low_MoS2,1.0,2.0,3.0,31.741428540000005,0.1184999999999973,32
6141d03b9cbada84a867687f,low_MoS2,0.0,3.0,3.0,-0.8331942100000447,1.807299999999998,32
6141d03c4e27a1844a5f00ba,low_MoS2,1.0,2.0,3.0,8.510823130000087,1.1452000000000029,32
6141d03cb842c2e72e2f2d68,low_MoS2,0.0,2.0,2.0,3.142312350000044,1.8072000000000017,31
6141d03e31cf3ef3d4a9edfc,low_MoS2,2.0,1.0,3.0,41.48905777,0.4057999999999993,32
6141d040ee0a3fd43fb47a91,low_MoS2,1.0,2.0,3.0,32.088989880000085,0.4027000000000029,32
6141d040baaf234b35290234,low_MoS2,2.0,1.0,3.0,17.85758707000013,1.1126999999999967,32
6141d0409cbada84a8676881,low_MoS2,0.0,3.0,3.0,-0.8227725500000247,1.8060000000000045,32
6141d0414e27a1844a5f00bc,low_MoS2,1.0,2.0,3.0,8.495148790000055,1.1403999999999996,32
6141d046baaf234b35290236,low_MoS2,2.0,1.0,3.0,17.860830930000013,1.1092999999999975,32
6141d0469cbada84a8676883,low_MoS2,0.0,3.0,3.0,-0.8331049099999177,1.8100999999999985,32
6141d0464e27a1844a5f00be,low_MoS2,1.0,2.0,3.0,8.503371089999998,1.1485999999999947,32
6141d0463ac25c70a5c6c889,low_MoS2,3.0,0.0,3.0,48.83674674,0.1422000000000025,32
6141d047ee0a3fd43fb47a93,low_MoS2,1.0,2.0,3.0,32.14745704999994,0.4001999999999981,32
6141d04831cf3ef3d4a9edfe,low_MoS2,2.0,1.0,3.0,41.416685139999984,0.3883999999999972,32
6141d04c9cbada84a8676885,low_MoS2,0.0,3.0,3.0,-0.8320179699998675,1.808399999999999,32
6141d04c4e27a1844a5f00c0,low_MoS2,1.0,2.0,3.0,8.503076660000058,1.144600000000004,32
6141d04cbaaf234b35290238,low_MoS2,2.0,1.0,3.0,17.853125070000026,1.0012000000000043,32
6141d04cee0a3fd43fb47a95,low_MoS2,1.0,2.0,3.0,32.08732048,0.4065999999999974,32
6141d04d31cf3ef3d4a9ee00,low_MoS2,2.0,1.0,3.0,39.5045633700001,0.1493999999999999,32
6141d0524e27a1844a5f00c2,low_MoS2,1.0,2.0,3.0,8.507434710000123,1.1486000000000018,32
6141d052ee0a3fd43fb47a97,low_MoS2,1.0,2.0,3.0,32.12559701999997,0.3473000000000041,32
6141d052baaf234b3529023a,low_MoS2,2.0,1.0,3.0,17.866360380000053,1.1043999999999985,32
6141d0529cbada84a8676887,low_MoS2,0.0,3.0,3.0,-0.832317079999882,1.8096000000000032,32
6141d05331cf3ef3d4a9ee02,low_MoS2,2.0,1.0,3.0,40.97636789999997,0.1574000000000026,32
6141d0553ac25c70a5c6c88b,low_MoS2,3.0,0.0,3.0,50.82517749000014,0.3838000000000008,32
6141d0574e27a1844a5f00c4,low_MoS2,1.0,2.0,3.0,8.512013820000018,1.1436999999999955,32
6141d058ee0a3fd43fb47a99,low_MoS2,1.0,2.0,3.0,32.15092262000006,0.4022000000000005,32
6141d0589cbada84a8676889,low_MoS2,0.0,3.0,3.0,-0.8324251999999319,1.8091000000000008,32
6141d058baaf234b3529023c,low_MoS2,2.0,1.0,3.0,17.86138034000009,1.0915999999999997,32
6141d05931cf3ef3d4a9ee04,low_MoS2,2.0,1.0,3.0,41.47171868000005,0.4153999999999982,32
6141d05d4e27a1844a5f00c6,low_MoS2,1.0,2.0,3.0,8.510567690000041,1.1439999999999984,32
6141d05eee0a3fd43fb47a9b,low_MoS2,1.0,2.0,3.0,32.15345789000001,0.3922999999999987,32
6141d05f31cf3ef3d4a9ee06,low_MoS2,2.0,1.0,3.0,41.38008600999997,0.3038000000000025,32
6141d05fbaaf234b3529023e,low_MoS2,2.0,1.0,3.0,17.852112980000122,1.0949999999999989,32
6141d0639cbada84a867688b,low_MoS2,0.0,3.0,3.0,-0.8317128599998682,1.8085999999999984,32
6141d0634e27a1844a5f00c8,low_MoS2,1.0,2.0,3.0,8.511907249999947,1.1445000000000007,32
6141d063ee0a3fd43fb47a9d,low_MoS2,1.0,2.0,3.0,32.135773850000064,0.3451000000000022,32
6141d0643ac25c70a5c6c88d,low_MoS2,3.0,0.0,3.0,50.79982213000009,0.3844999999999956,32
6141d06431cf3ef3d4a9ee08,low_MoS2,2.0,1.0,3.0,41.44010468000006,0.409000000000006,32
6141d06451c1cbd9654b8892,low_MoS2,2.0,0.0,2.0,21.78138640999996,0.9433000000000008,31
6141d065baaf234b35290240,low_MoS2,2.0,1.0,3.0,17.849509639999944,1.0012000000000043,32
6141d0699cbada84a867688d,low_MoS2,0.0,3.0,3.0,-0.8281778200000076,1.8081000000000031,32
6141d0694e27a1844a5f00ca,low_MoS2,1.0,2.0,3.0,8.506171799999972,1.1422999999999988,32
6141d069ee0a3fd43fb47a9f,low_MoS2,1.0,2.0,3.0,32.06959624,0.3662999999999954,32
6141d06a31cf3ef3d4a9ee0a,low_MoS2,2.0,1.0,3.0,41.45244365000004,0.3616000000000028,32
6141d06cbaaf234b35290242,low_MoS2,2.0,1.0,3.0,17.863784170000137,1.1103000000000025,32
6141d06f4e27a1844a5f00cc,low_MoS2,1.0,2.0,3.0,8.506488960000095,1.1480000000000032,32
6141d06fee0a3fd43fb47aa1,low_MoS2,1.0,2.0,3.0,32.136816189999976,0.3999999999999986,32
6141d06f31cf3ef3d4a9ee0c,low_MoS2,2.0,1.0,3.0,41.46685352000004,0.4166999999999987,32
6141d0719cbada84a867688f,low_MoS2,0.0,3.0,3.0,-0.8312920099999133,1.8093000000000004,32
6141d072baaf234b35290244,low_MoS2,2.0,1.0,3.0,17.8249854600001,0.9414999999999978,32
6141d0733ac25c70a5c6c88f,low_MoS2,3.0,0.0,3.0,50.29760313000012,0.120200000000004,32
6141d0754e27a1844a5f00ce,low_MoS2,1.0,2.0,3.0,8.530010640000025,1.1396000000000015,32
6141d075ee0a3fd43fb47aa3,low_MoS2,1.0,2.0,3.0,32.12444823999998,0.3467999999999946,32
6141d07531cf3ef3d4a9ee0e,low_MoS2,2.0,1.0,3.0,41.28471279000014,0.2606000000000037,32
6141d0769cbada84a8676891,low_MoS2,0.0,3.0,3.0,-0.831432330000041,1.8089000000000013,32
6141d079baaf234b35290246,low_MoS2,2.0,1.0,3.0,17.851396430000015,1.0962999999999994,32
6141d07bee0a3fd43fb47aa5,low_MoS2,1.0,2.0,3.0,32.144591530000056,0.4037000000000006,32
6141d07b31cf3ef3d4a9ee10,low_MoS2,2.0,1.0,3.0,41.490786479999954,0.4099000000000004,32
6141d07c4e27a1844a5f00d0,low_MoS2,1.0,2.0,3.0,8.508867080000098,1.1499999999999986,32
6141d07c9cbada84a8676893,low_MoS2,0.0,3.0,3.0,-0.8292459799999392,1.807900000000004,32
6141d080baaf234b35290248,low_MoS2,2.0,1.0,3.0,17.93053349000001,0.6528999999999954,32
6141d081ee0a3fd43fb47aa7,low_MoS2,1.0,2.0,3.0,32.07908909000001,0.4028000000000062,32
6141d08131cf3ef3d4a9ee12,low_MoS2,2.0,1.0,3.0,41.45516155000014,0.3826999999999998,32
6141d0829cbada84a8676895,low_MoS2,0.0,3.0,3.0,-0.8315518599999336,1.8089999999999973,32
6141d0823ac25c70a5c6c891,low_MoS2,3.0,0.0,3.0,50.3122066,0.1576999999999984,32
6141d0824e27a1844a5f00d2,low_MoS2,1.0,2.0,3.0,8.522065290000025,1.1347999999999985,32
6141d086baaf234b3529024a,low_MoS2,2.0,1.0,3.0,17.86802585999998,1.0989000000000004,32
6141d087ee0a3fd43fb47aa9,low_MoS2,1.0,2.0,3.0,31.956460430000096,0.2637999999999962,32
6141d08731cf3ef3d4a9ee14,low_MoS2,2.0,1.0,3.0,41.46450889000012,0.3783999999999992,32
6141d0884e27a1844a5f00d4,low_MoS2,1.0,2.0,3.0,8.548955689999982,1.1783999999999963,32
6141d0899cbada84a8676897,low_MoS2,0.0,3.0,3.0,-0.8320368500000654,1.809599999999996,32
6141d08dbaaf234b3529024c,low_MoS2,2.0,1.0,3.0,17.864673309999937,1.1090000000000018,32
6141d08dee0a3fd43fb47aab,low_MoS2,1.0,2.0,3.0,32.08622261999993,0.4054999999999964,32
6141d08e31cf3ef3d4a9ee16,low_MoS2,2.0,1.0,3.0,41.28517709000012,0.2612999999999985,32
6141d08e4e27a1844a5f00d6,low_MoS2,1.0,2.0,3.0,8.502673460000121,1.149000000000001,32
6141d0909cbada84a8676899,low_MoS2,0.0,3.0,3.0,-0.8052838799998767,1.8076000000000008,32
6141d0913ac25c70a5c6c893,low_MoS2,3.0,0.0,3.0,50.76307607000005,0.4127999999999971,32
6141d093ee0a3fd43fb47aad,low_MoS2,1.0,2.0,3.0,32.142731260000104,0.4033000000000015,32
6141d094baaf234b3529024e,low_MoS2,2.0,1.0,3.0,17.855821620000135,1.0382999999999996,32
6141d09431cf3ef3d4a9ee18,low_MoS2,2.0,1.0,3.0,41.42158287000002,0.3651999999999944,32
6141d0944e27a1844a5f00d8,low_MoS2,1.0,2.0,3.0,8.505577509999991,1.1426999999999978,32
6141d0969cbada84a867689b,low_MoS2,0.0,3.0,3.0,-0.8306230800000662,1.8085999999999984,32
6141d099ee0a3fd43fb47aaf,low_MoS2,1.0,2.0,3.0,32.12156211,0.3502000000000009,32
6141d09a31cf3ef3d4a9ee1a,low_MoS2,2.0,1.0,3.0,41.46212267999995,0.3905000000000029,32
6141d09b4e27a1844a5f00da,low_MoS2,1.0,2.0,3.0,8.511311640000056,1.146799999999999,32
6141d09cbaaf234b35290250,low_MoS2,2.0,1.0,3.0,17.86893978000011,1.0877000000000052,32
6141d09c9cbada84a867689d,low_MoS2,0.0,3.0,3.0,-0.833058939999944,1.8078999999999965,32
6141d0a131cf3ef3d4a9ee1c,low_MoS2,2.0,1.0,3.0,41.462703030000014,0.373899999999999,32
6141d0a13ac25c70a5c6c895,low_MoS2,3.0,0.0,3.0,50.77758138000005,0.3810000000000002,32
6141d0a14e27a1844a5f00dc,low_MoS2,1.0,2.0,3.0,8.494575620000003,1.1405999999999992,32
6141d0a29cbada84a867689f,low_MoS2,0.0,3.0,3.0,-0.831664920000037,1.8086999999999944,32
6141d0a3baaf234b35290252,low_MoS2,2.0,1.0,3.0,17.854356820000014,1.0949000000000026,32
6141d0a3ee0a3fd43fb47ab1,low_MoS2,1.0,2.0,3.0,32.13797234000002,0.4039000000000001,32
6141d0a731cf3ef3d4a9ee1e,low_MoS2,2.0,1.0,3.0,41.49462609000007,0.4136999999999986,32
6141d0a84e27a1844a5f00de,low_MoS2,1.0,2.0,3.0,8.504530440000078,1.1476000000000042,32
6141d0a99cbada84a86768a1,low_MoS2,0.0,3.0,3.0,-0.8333047899999997,1.8095,32
6141d0aabaaf234b35290254,low_MoS2,2.0,1.0,3.0,17.867904530000025,1.104600000000005,32
6141d0aaee0a3fd43fb47ab3,low_MoS2,1.0,2.0,3.0,32.14822045000004,0.4007999999999967,32
6141d0ad31cf3ef3d4a9ee20,low_MoS2,2.0,1.0,3.0,41.40408691000012,0.3751999999999995,32
6141d0af4e27a1844a5f00e0,low_MoS2,1.0,2.0,3.0,8.514693390000073,1.1451000000000064,32
6141d0af9cbada84a86768a3,low_MoS2,0.0,3.0,3.0,-0.830086149999886,1.8059999999999972,32
6141d0af3ac25c70a5c6c897,low_MoS2,3.0,0.0,3.0,50.09740795000008,0.3090000000000046,32
6141d0b1baaf234b35290256,low_MoS2,2.0,1.0,3.0,17.888202600000106,1.1013999999999982,32
6141d0b431cf3ef3d4a9ee22,low_MoS2,2.0,1.0,3.0,41.48301446000001,0.4155000000000015,32
6141d0b54e27a1844a5f00e2,low_MoS2,1.0,2.0,3.0,8.503180859999954,1.142000000000003,32
6141d0b5ee0a3fd43fb47ab5,low_MoS2,1.0,2.0,3.0,31.920345190000024,0.272199999999998,32
6141d0b89cbada84a86768a5,low_MoS2,0.0,3.0,3.0,-0.8315425899999696,1.808399999999999,32
6141d0b9baaf234b35290258,low_MoS2,2.0,1.0,3.0,17.875053940000036,1.084299999999999,32
6141d0bc4e27a1844a5f00e4,low_MoS2,1.0,2.0,3.0,8.502667250000083,1.1373999999999995,32
6141d0bcee0a3fd43fb47ab7,low_MoS2,1.0,2.0,3.0,32.12469331999999,0.3710000000000022,32
6141d0bd31cf3ef3d4a9ee24,low_MoS2,2.0,1.0,3.0,41.48816245999997,0.4120999999999952,32
6141d0bf3ac25c70a5c6c899,low_MoS2,3.0,0.0,3.0,50.76923395000009,0.3836000000000013,32
6141d0bf9cbada84a86768a7,low_MoS2,0.0,3.0,3.0,-0.8324301699998955,1.8093000000000004,32
6141d0c1baaf234b3529025a,low_MoS2,2.0,1.0,3.0,17.857227220000134,1.039200000000001,32
6141d0c34e27a1844a5f00e6,low_MoS2,1.0,2.0,3.0,8.505944669999987,1.1421999999999954,32
6141d0c331cf3ef3d4a9ee26,low_MoS2,2.0,1.0,3.0,41.47071176000004,0.4114000000000004,32
6141d0c3ee0a3fd43fb47ab9,low_MoS2,1.0,2.0,3.0,32.14523669000003,0.4022999999999967,32
6141d0c59cbada84a86768a9,low_MoS2,0.0,3.0,3.0,-0.8323036900000602,1.810299999999998,32
6141d0c8baaf234b3529025c,low_MoS2,2.0,1.0,3.0,17.86875277000012,1.1082999999999998,32
6141d0c931cf3ef3d4a9ee28,low_MoS2,2.0,1.0,3.0,40.9621637100001,0.1585999999999998,32
6141d0c94e27a1844a5f00e8,low_MoS2,1.0,2.0,3.0,8.54252978000002,1.1500000000000057,32
6141d0cc9cbada84a86768ab,low_MoS2,0.0,3.0,3.0,-0.8311962099998595,1.8090000000000048,32
6141d0ceee0a3fd43fb47abb,low_MoS2,1.0,2.0,3.0,32.121672129999965,0.3498000000000019,32
6141d0cf3ac25c70a5c6c89b,low_MoS2,3.0,0.0,3.0,50.81816723000012,0.3498000000000019,32
6141d0cf31cf3ef3d4a9ee2a,low_MoS2,2.0,1.0,3.0,41.41493114999999,0.4196999999999988,32
6141d0d04e27a1844a5f00ea,low_MoS2,1.0,2.0,3.0,8.517663800000062,1.142400000000002,32
6141d0d29cbada84a86768ad,low_MoS2,0.0,3.0,3.0,-0.8321224399998641,1.8085999999999984,32
6141d0d3baaf234b3529025e,low_MoS2,2.0,1.0,3.0,17.85534970999992,1.092800000000004,32
6141d0d5ee0a3fd43fb47abd,low_MoS2,1.0,2.0,3.0,32.141522480000035,0.3990999999999971,32
6141d0d631cf3ef3d4a9ee2c,low_MoS2,2.0,1.0,3.0,41.43209281000004,0.4095999999999975,32
6141d0d74e27a1844a5f00ec,low_MoS2,1.0,2.0,3.0,8.518116050000142,1.1418999999999997,32
6141d0dabaaf234b35290260,low_MoS2,2.0,1.0,3.0,17.848936130000077,1.0837000000000003,32
6141d0dbee0a3fd43fb47abf,low_MoS2,1.0,2.0,3.0,32.14174859000012,0.4037999999999968,32
6141d0dd31cf3ef3d4a9ee2e,low_MoS2,2.0,1.0,3.0,41.41309534000011,0.3453999999999979,32
6141d0de4e27a1844a5f00ee,low_MoS2,1.0,2.0,3.0,8.547346450000102,1.1787999999999954,32
6141d0e151c1cbd9654b8894,low_MoS2,2.0,0.0,2.0,21.817409020000103,1.0016999999999996,31
6141d0e2baaf234b35290262,low_MoS2,2.0,1.0,3.0,17.929286210000093,0.6532000000000053,32
6141d0e2ee0a3fd43fb47ac1,low_MoS2,1.0,2.0,3.0,32.14154307000011,0.3977000000000004,32
6141d0e331cf3ef3d4a9ee30,low_MoS2,2.0,1.0,3.0,41.39874288999995,0.3008999999999986,32
6141d0e59cbada84a86768af,low_MoS2,0.0,3.0,3.0,-0.8316085999999245,1.8096999999999996,32
6141d0e54e27a1844a5f00f0,low_MoS2,1.0,2.0,3.0,8.511248759999969,1.1452999999999989,32
6141d0e63ac25c70a5c6c89d,low_MoS2,3.0,0.0,3.0,50.82280479000011,0.4186999999999941,32
6141d0e9ee0a3fd43fb47ac3,low_MoS2,1.0,2.0,3.0,32.14304437999998,0.4050999999999973,32
6141d0e9baaf234b35290264,low_MoS2,2.0,1.0,3.0,17.85775351000006,1.1074000000000055,32
6141d0eb9cbada84a86768b1,low_MoS2,0.0,3.0,3.0,-0.8313625099999058,1.808399999999999,32
6141d0ed4e27a1844a5f00f2,low_MoS2,1.0,2.0,3.0,8.511213980000118,1.1477000000000004,32
6141d0ee31cf3ef3d4a9ee32,low_MoS2,2.0,1.0,3.0,41.48506590999996,0.4157999999999973,32
6141d0f0ee0a3fd43fb47ac5,low_MoS2,1.0,2.0,3.0,32.14541591999999,0.4023000000000039,32
6141d0f1baaf234b35290266,low_MoS2,2.0,1.0,3.0,17.86035562999995,1.0923999999999978,32
6141d0f29cbada84a86768b3,low_MoS2,0.0,3.0,3.0,-0.8329643500000543,1.8093000000000004,32
6141d0f44e27a1844a5f00f4,low_MoS2,1.0,2.0,3.0,8.50371341000007,1.146799999999999,32
6141d0f531cf3ef3d4a9ee34,low_MoS2,2.0,1.0,3.0,41.46143264999996,0.360599999999998,32
6141d0f53ac25c70a5c6c89f,low_MoS2,3.0,0.0,3.0,50.818690040000014,0.347299999999997,32
6141d0f6ee0a3fd43fb47ac7,low_MoS2,1.0,2.0,3.0,32.14165274000014,0.4035999999999973,32
6141d0f9baaf234b35290268,low_MoS2,2.0,1.0,3.0,17.898642970000076,1.1184000000000012,32
6141d0f99cbada84a86768b5,low_MoS2,0.0,3.0,3.0,-0.8309416300000407,1.8084999999999951,32
6141d0fb4e27a1844a5f00f6,low_MoS2,1.0,2.0,3.0,8.521946730000106,1.1437999999999988,32
6141d0fc31cf3ef3d4a9ee36,low_MoS2,2.0,1.0,3.0,41.44006230000009,0.3584000000000031,32
6141d1009cbada84a86768b7,low_MoS2,0.0,3.0,3.0,-0.8328817799999229,1.8086999999999944,32
6141d100baaf234b3529026a,low_MoS2,2.0,1.0,3.0,17.884814590000126,1.1030999999999975,32
6141d102ee0a3fd43fb47ac9,low_MoS2,1.0,2.0,3.0,32.12934681,0.3552999999999997,32
6141d1024e27a1844a5f00f8,low_MoS2,1.0,2.0,3.0,8.51316855000007,1.1475000000000009,32
6141d10331cf3ef3d4a9ee38,low_MoS2,2.0,1.0,3.0,41.05603826000011,0.071000000000005,32
6141d1063ac25c70a5c6c8a1,low_MoS2,3.0,0.0,3.0,50.30579389000005,0.1469999999999984,32
6141d1079cbada84a86768b9,low_MoS2,0.0,3.0,3.0,-0.8049727499998767,1.808799999999998,32
6141d108baaf234b3529026c,low_MoS2,2.0,1.0,3.0,17.868384289999987,1.1081000000000003,32
6141d1094e27a1844a5f00fa,low_MoS2,1.0,2.0,3.0,8.503509639999972,1.1479,32
6141d10b31cf3ef3d4a9ee3a,low_MoS2,2.0,1.0,3.0,39.49259537999997,0.1507999999999967,32
6141d10e9cbada84a86768bb,low_MoS2,0.0,3.0,3.0,-0.8295501599999966,1.8087000000000015,32
6141d10eee0a3fd43fb47acb,low_MoS2,1.0,2.0,3.0,32.14574605000006,0.4024999999999963,32
6141d110baaf234b3529026e,low_MoS2,2.0,1.0,3.0,17.85652821000007,1.0949999999999989,32
6141d1104e27a1844a5f00fc,low_MoS2,1.0,2.0,3.0,8.503441549999959,1.1465000000000032,32
6141d1159cbada84a86768bd,low_MoS2,0.0,3.0,3.0,-0.8319908200000441,1.8093000000000004,32
6141d115ee0a3fd43fb47acd,low_MoS2,1.0,2.0,3.0,32.14914264000002,0.3956999999999979,32
6141d1174e27a1844a5f00fe,low_MoS2,1.0,2.0,3.0,8.50723625000003,1.1443000000000012,32
6141d1173ac25c70a5c6c8a3,low_MoS2,3.0,0.0,3.0,50.78752361999992,0.3814999999999955,32
6141d118baaf234b35290270,low_MoS2,2.0,1.0,3.0,17.866781919999987,1.0808000000000035,32
6141d11931cf3ef3d4a9ee3c,low_MoS2,2.0,1.0,3.0,41.46368264999997,0.3607999999999975,32
6141d11c9cbada84a86768bf,low_MoS2,0.0,3.0,3.0,-0.8312982499998611,1.808399999999999,32
6141d11cee0a3fd43fb47acf,low_MoS2,1.0,2.0,3.0,32.14447598000014,0.4014999999999986,32
6141d12031cf3ef3d4a9ee3e,low_MoS2,2.0,1.0,3.0,41.4276146700001,0.382400000000004,32
6141d120baaf234b35290272,low_MoS2,2.0,1.0,3.0,17.862963980000124,1.1098,32
6141d1224e27a1844a5f0100,low_MoS2,1.0,2.0,3.0,8.511560720000059,1.144999999999996,32
6141d1239cbada84a86768c1,low_MoS2,0.0,3.0,3.0,-0.8343119200000615,1.8074000000000008,32
6141d123ee0a3fd43fb47ad1,low_MoS2,1.0,2.0,3.0,32.12801007000006,0.3917999999999964,32
6141d12731cf3ef3d4a9ee40,low_MoS2,2.0,1.0,3.0,41.48038588999994,0.4084000000000003,32
6141d1283ac25c70a5c6c8a5,low_MoS2,3.0,0.0,3.0,50.73836006999992,0.2991000000000028,32
6141d128baaf234b35290274,low_MoS2,2.0,1.0,3.0,17.860275940000058,1.0851000000000042,32
6141d12a9cbada84a86768c3,low_MoS2,0.0,3.0,3.0,-0.8318360800000733,1.8089999999999973,32
6141d12aee0a3fd43fb47ad3,low_MoS2,1.0,2.0,3.0,32.143397029999946,0.4024999999999963,32
6141d12c4e27a1844a5f0102,low_MoS2,1.0,2.0,3.0,8.511210850000023,1.1460000000000008,32
6141d12e31cf3ef3d4a9ee42,low_MoS2,2.0,1.0,3.0,41.48109173999997,0.4070999999999998,32
6141d130cc0e69a0cf28ab6d,low_MoS2,1.0,1.0,2.0,12.56471784999998,1.131999999999998,31
6141d130baaf234b35290276,low_MoS2,2.0,1.0,3.0,17.82666042999994,0.9414999999999978,32
6141d1319cbada84a86768c5,low_MoS2,0.0,3.0,3.0,-0.8316375100000073,1.8085000000000024,32
6141d132ee0a3fd43fb47ad5,low_MoS2,1.0,2.0,3.0,31.949671190000107,0.2500999999999962,32
6141d1334e27a1844a5f0104,low_MoS2,1.0,2.0,3.0,8.537617960000059,1.144999999999996,32
6141d13631cf3ef3d4a9ee44,low_MoS2,2.0,1.0,3.0,41.47034477999996,0.3370999999999995,32
6141d1399cbada84a86768c7,low_MoS2,0.0,3.0,3.0,-0.8329844599999774,1.8093000000000004,32
6141d139baaf234b35290278,low_MoS2,2.0,1.0,3.0,17.86565364000011,1.105799999999995,32
6141d13a3ac25c70a5c6c8a7,low_MoS2,3.0,0.0,3.0,50.783494090000126,0.3438000000000016,32
6141d13b4e27a1844a5f0106,low_MoS2,1.0,2.0,3.0,8.506789439999945,1.1496999999999955,32
6141d13e31cf3ef3d4a9ee46,low_MoS2,2.0,1.0,3.0,41.453847859999954,0.3763000000000005,32
6141d13fee0a3fd43fb47ad7,low_MoS2,1.0,2.0,3.0,32.14497961000005,0.4025999999999996,32
6141d141baaf234b3529027a,low_MoS2,2.0,1.0,3.0,17.8716018,1.1000000000000014,32
6141d1419cbada84a86768c9,low_MoS2,0.0,3.0,3.0,-0.8322219799999289,1.8093999999999968,32
6141d1434e27a1844a5f0108,low_MoS2,1.0,2.0,3.0,8.514235549999992,1.1483999999999952,32
6141d14631cf3ef3d4a9ee48,low_MoS2,2.0,1.0,3.0,41.45523023999995,0.3844000000000065,32
6141d147ee0a3fd43fb47ad9,low_MoS2,1.0,2.0,3.0,32.12775340000006,0.3536999999999963,32
6141d1499cbada84a86768cb,low_MoS2,0.0,3.0,3.0,-0.8337197699999592,1.8066999999999995,32
6141d14b4e27a1844a5f010a,low_MoS2,1.0,2.0,3.0,8.510213649999994,1.1465999999999994,32
6141d14d31cf3ef3d4a9ee4a,low_MoS2,2.0,1.0,3.0,41.46394370999992,0.3873000000000033,32
6141d14e3ac25c70a5c6c8a9,low_MoS2,3.0,0.0,3.0,50.775492659999976,0.383500000000005,32
6141d14eee0a3fd43fb47adb,low_MoS2,1.0,2.0,3.0,32.123104349999934,0.3436999999999983,32
6141d14ebaaf234b3529027c,low_MoS2,2.0,1.0,3.0,17.86681343999998,1.1047999999999971,32
6141d1509cbada84a86768cd,low_MoS2,0.0,3.0,3.0,-0.8337757300000135,1.8085000000000024,32
6141d1534e27a1844a5f010c,low_MoS2,1.0,2.0,3.0,8.507582750000008,1.1478000000000037,32
6141d15531cf3ef3d4a9ee4c,low_MoS2,2.0,1.0,3.0,41.42819211000001,0.3791000000000011,32
6141d155ee0a3fd43fb47add,low_MoS2,1.0,2.0,3.0,32.14296035999995,0.4036999999999935,32
6141d1589cbada84a86768cf,low_MoS2,0.0,3.0,3.0,-0.8073649899999396,1.8070999999999984,32
6141d15b4e27a1844a5f010e,low_MoS2,1.0,2.0,3.0,8.511918810000022,1.1437999999999988,32
6141d15bbaaf234b3529027e,low_MoS2,2.0,1.0,3.0,17.88858998,1.1054999999999993,32
6141d15dee0a3fd43fb47adf,low_MoS2,1.0,2.0,3.0,32.14957458000002,0.4048999999999978,32
6141d15d31cf3ef3d4a9ee4e,low_MoS2,2.0,1.0,3.0,41.42181745000012,0.3815000000000026,32
6141d1613ac25c70a5c6c8ab,low_MoS2,3.0,0.0,3.0,50.732226830000094,0.3064999999999998,32
6141d1634e27a1844a5f0110,low_MoS2,1.0,2.0,3.0,8.532122220000044,1.1382000000000048,32
6141d164baaf234b35290280,low_MoS2,2.0,1.0,3.0,17.867692459999937,1.1077000000000012,32
6141d16431cf3ef3d4a9ee50,low_MoS2,2.0,1.0,3.0,41.47841697000008,0.3359000000000023,32
6141d1659cbada84a86768d1,low_MoS2,0.0,3.0,3.0,-0.83299140999992,1.809199999999997,32
6141d16aee0a3fd43fb47ae1,low_MoS2,1.0,2.0,3.0,32.12786531999994,0.3509999999999991,32
6141d16b4e27a1844a5f0112,low_MoS2,1.0,2.0,3.0,8.505469610000116,1.142400000000002,32
6141d16cbaaf234b35290282,low_MoS2,2.0,1.0,3.0,17.83584180000002,0.9408999999999992,32
6141d16c31cf3ef3d4a9ee52,low_MoS2,2.0,1.0,3.0,40.97074646000006,0.1533000000000015,32
6141d16d9cbada84a86768d3,low_MoS2,0.0,3.0,3.0,-0.8315150799998605,1.8102000000000016,32
6141d172ee0a3fd43fb47ae3,low_MoS2,1.0,2.0,3.0,32.14551922999998,0.4021000000000043,32
6141d1734e27a1844a5f0114,low_MoS2,1.0,2.0,3.0,8.536622979999972,1.1347999999999985,32
6141d1743ac25c70a5c6c8ad,low_MoS2,3.0,0.0,3.0,50.75652555999992,0.301400000000001,32
6141d1759cbada84a86768d5,low_MoS2,0.0,3.0,3.0,-0.8321866599998771,1.8102000000000016,32
6141d17631cf3ef3d4a9ee54,low_MoS2,2.0,1.0,3.0,40.97654466000013,0.1578999999999979,32
6141d179baaf234b35290284,low_MoS2,2.0,1.0,3.0,17.88668681000012,1.1062000000000012,32
6141d179ee0a3fd43fb47ae5,low_MoS2,1.0,2.0,3.0,32.14420048999999,0.4052000000000006,32
6141d17c4e27a1844a5f0116,low_MoS2,1.0,2.0,3.0,8.51196589000008,1.1459000000000046,32
6141d17d9cbada84a86768d7,low_MoS2,0.0,3.0,3.0,-0.8318805399998723,1.8093000000000004,32
6141d17e31cf3ef3d4a9ee56,low_MoS2,2.0,1.0,3.0,41.39646020999994,0.2999000000000009,32
6141d181ee0a3fd43fb47ae7,low_MoS2,1.0,2.0,3.0,32.14595708,0.4040999999999997,32
6141d182baaf234b35290286,low_MoS2,2.0,1.0,3.0,17.897512349999936,1.1176999999999992,32
6141d1844e27a1844a5f0118,low_MoS2,1.0,2.0,3.0,8.512098790000007,1.1463000000000036,32
6141d1859cbada84a86768d9,low_MoS2,0.0,3.0,3.0,-0.8318512999998688,1.8095,32
6141d18631cf3ef3d4a9ee58,low_MoS2,2.0,1.0,3.0,41.49773640000008,0.4072999999999993,32
6141d1883ac25c70a5c6c8af,low_MoS2,3.0,0.0,3.0,50.776488010000016,0.4215000000000017,32
6141d189ee0a3fd43fb47ae9,low_MoS2,1.0,2.0,3.0,32.14307920000009,0.4026999999999958,32
6141d18c4e27a1844a5f011a,low_MoS2,1.0,2.0,3.0,8.543830639999921,1.1784000000000034,32
6141d18d9cbada84a86768db,low_MoS2,0.0,3.0,3.0,-0.8041099399999325,1.8086999999999944,32
6141d18d31cf3ef3d4a9ee5a,low_MoS2,2.0,1.0,3.0,41.47293639999994,0.4151000000000024,32
6141d190ee0a3fd43fb47aeb,low_MoS2,1.0,2.0,3.0,32.12604175,0.376100000000001,32
6141d192baaf234b35290288,low_MoS2,2.0,1.0,3.0,17.847200960000002,1.093899999999998,32
6141d1949cbada84a86768dd,low_MoS2,0.0,3.0,3.0,-0.832146229999978,1.8091000000000008,32
6141d1944e27a1844a5f011c,low_MoS2,1.0,2.0,3.0,8.509894390000024,1.1443999999999974,32
6141d19431cf3ef3d4a9ee5c,low_MoS2,2.0,1.0,3.0,40.97376212000013,0.1564000000000049,32
6141d198ee0a3fd43fb47aed,low_MoS2,1.0,2.0,3.0,31.942468409999936,0.246300000000005,32
6141d19b3ac25c70a5c6c8b1,low_MoS2,3.0,0.0,3.0,50.32102313000011,0.1511999999999957,32
6141d19bbaaf234b3529028a,low_MoS2,2.0,1.0,3.0,17.856696139999933,1.095799999999997,32
6141d19c9cbada84a86768df,low_MoS2,0.0,3.0,3.0,-0.8304712900000482,1.8093000000000004,32
6141d19c4e27a1844a5f011e,low_MoS2,1.0,2.0,3.0,8.507499600000099,1.1497000000000028,32
6141d19d31cf3ef3d4a9ee5e,low_MoS2,2.0,1.0,3.0,41.43209579000013,0.3738000000000028,32
6141d1a0ee0a3fd43fb47aef,low_MoS2,1.0,2.0,3.0,32.079159930000046,0.4072999999999993,32
6141d1a4baaf234b3529028c,low_MoS2,2.0,1.0,3.0,17.886240649999984,1.099899999999998,32
6141d1a49cbada84a86768e1,low_MoS2,0.0,3.0,3.0,-0.8231074499998954,1.8055999999999983,32
6141d1a44e27a1844a5f0120,low_MoS2,1.0,2.0,3.0,8.503365130000045,1.147300000000001,32
6141d1a531cf3ef3d4a9ee60,low_MoS2,2.0,1.0,3.0,41.46108092999994,0.3699000000000012,32
6141d1a8ee0a3fd43fb47af1,low_MoS2,1.0,2.0,3.0,32.148812110000094,0.4007999999999967,32
6141d1ac9cbada84a86768e3,low_MoS2,0.0,3.0,3.0,-0.8232500199998753,1.806199999999997,32
6141d1ac4e27a1844a5f0122,low_MoS2,1.0,2.0,3.0,8.512816920000002,1.1450999999999991,32
6141d1ad31cf3ef3d4a9ee62,low_MoS2,2.0,1.0,3.0,41.45045258,0.3855000000000004,32
6141d1adbaaf234b3529028e,low_MoS2,2.0,1.0,3.0,17.884752579999933,1.1012999999999948,32
6141d1ae3ac25c70a5c6c8b3,low_MoS2,3.0,0.0,3.0,50.81625969000008,0.3412000000000006,32
6141d1b1ee0a3fd43fb47af3,low_MoS2,1.0,2.0,3.0,32.12262789999998,0.3509999999999991,32
6141d1b54e27a1844a5f0124,low_MoS2,1.0,2.0,3.0,8.532306280000082,1.1376999999999953,32
6141d1b59cbada84a86768e5,low_MoS2,0.0,3.0,3.0,-0.8305891399999723,1.808300000000003,32
6141d1b531cf3ef3d4a9ee64,low_MoS2,2.0,1.0,3.0,41.48544226999998,0.4115999999999999,32
6141d1b6baaf234b35290290,low_MoS2,2.0,1.0,3.0,17.931474660000042,0.652000000000001,32
6141d1bd4e27a1844a5f0126,low_MoS2,1.0,2.0,3.0,8.535608460000073,1.1473999999999975,32
6141d1bd9cbada84a86768e7,low_MoS2,0.0,3.0,3.0,-0.8323555399999236,1.809799999999996,32
6141d1bd31cf3ef3d4a9ee66,low_MoS2,2.0,1.0,3.0,41.433976790000045,0.4102999999999994,32
6141d1c23ac25c70a5c6c8b5,low_MoS2,3.0,0.0,3.0,48.51100441000009,0.2983000000000047,32
6141d1c54e27a1844a5f0128,low_MoS2,1.0,2.0,3.0,8.528187930000083,1.1400000000000006,32
6141d1c531cf3ef3d4a9ee68,low_MoS2,2.0,1.0,3.0,41.41661487000006,0.411999999999999,32
6141d1c7baaf234b35290292,low_MoS2,2.0,1.0,3.0,17.89972674,1.1278000000000006,32
6141d1c89cbada84a86768e9,low_MoS2,0.0,3.0,3.0,-0.8315847900000222,1.8085000000000024,32
6141d1c8ee0a3fd43fb47af5,low_MoS2,1.0,2.0,3.0,32.14562120999993,0.4011999999999958,32
6141d1cd31cf3ef3d4a9ee6a,low_MoS2,2.0,1.0,3.0,40.97152739000008,0.1559999999999988,32
6141d1cd4e27a1844a5f012a,low_MoS2,1.0,2.0,3.0,8.507250879999926,1.144900000000007,32
6141d1cf9cbada84a86768eb,low_MoS2,0.0,3.0,3.0,-0.8291322299998569,1.8078999999999965,32
6141d1d0ee0a3fd43fb47af7,low_MoS2,1.0,2.0,3.0,32.145565219999966,0.3999999999999986,32
6141d1d1baaf234b35290294,low_MoS2,2.0,1.0,3.0,17.88449375000004,1.101700000000001,32
6141d1d531cf3ef3d4a9ee6c,low_MoS2,2.0,1.0,3.0,41.47549152000006,0.3323999999999998,32
6141d1d64e27a1844a5f012c,low_MoS2,1.0,2.0,3.0,8.509967630000144,1.1469000000000025,32
6141d1dabaaf234b35290296,low_MoS2,2.0,1.0,3.0,17.88312199999995,1.1033000000000044,32
6141d1daee0a3fd43fb47af9,low_MoS2,1.0,2.0,3.0,32.14438607999999,0.4021000000000043,32
6141d1de31cf3ef3d4a9ee6e,low_MoS2,2.0,1.0,3.0,41.413395140000105,0.3644999999999996,32
6141d1de4e27a1844a5f012e,low_MoS2,1.0,2.0,3.0,8.512426649999977,1.1462999999999963,32
6141d1e2ee0a3fd43fb47afb,low_MoS2,1.0,2.0,3.0,32.1469747200001,0.402000000000001,32
6141d1e3baaf234b35290298,low_MoS2,2.0,1.0,3.0,17.81472471999995,0.9433000000000008,32
6141d1e59cbada84a86768ed,low_MoS2,0.0,3.0,3.0,-0.8337011099999359,1.8072000000000017,32
6141d1e74e27a1844a5f0130,low_MoS2,1.0,2.0,3.0,8.506314909999926,1.1445000000000007,32
6141d1e731cf3ef3d4a9ee70,low_MoS2,2.0,1.0,3.0,41.42082552000007,0.4145000000000038,32
6141d1e73ac25c70a5c6c8b7,low_MoS2,3.0,0.0,3.0,50.81365450000013,0.3379999999999938,32
6141d1ebee0a3fd43fb47afd,low_MoS2,1.0,2.0,3.0,32.12142508999999,0.3485999999999976,32
6141d1ecbaaf234b3529029a,low_MoS2,2.0,1.0,3.0,17.882779929999963,1.1040000000000063,32
6141d1ee9cbada84a86768ef,low_MoS2,0.0,3.0,3.0,-0.8309049700000628,1.809200000000004,32
6141d1ef4e27a1844a5f0132,low_MoS2,1.0,2.0,3.0,8.503234470000077,1.1469999999999985,32
6141d1ef31cf3ef3d4a9ee72,low_MoS2,2.0,1.0,3.0,41.456954670000144,0.359499999999997,32
6141d1f3ee0a3fd43fb47aff,low_MoS2,1.0,2.0,3.0,32.090258299999945,0.4031999999999982,32
6141d1f6baaf234b3529029c,low_MoS2,2.0,1.0,3.0,17.868807860000054,1.0870999999999995,32
6141d1f69cbada84a86768f1,low_MoS2,0.0,3.0,3.0,-0.8312249499999211,1.8095,32
6141d1f831cf3ef3d4a9ee74,low_MoS2,2.0,1.0,3.0,41.45984678000009,0.3652999999999977,32
6141d1f84e27a1844a5f0134,low_MoS2,1.0,2.0,3.0,8.50032927000009,1.150500000000001,32
6141d1fb3ac25c70a5c6c8b9,low_MoS2,3.0,0.0,3.0,50.801570759999926,0.3930000000000007,32
6141d1fcee0a3fd43fb47b01,low_MoS2,1.0,2.0,3.0,31.954537430000062,0.2623999999999995,32
6141d20031cf3ef3d4a9ee76,low_MoS2,2.0,1.0,3.0,41.45529974000006,0.3935999999999993,32
6141d2014e27a1844a5f0136,low_MoS2,1.0,2.0,3.0,8.512926280000126,1.1475000000000009,32
6141d204baaf234b3529029e,low_MoS2,2.0,1.0,3.0,17.851377180000092,1.0947000000000031,32
6141d2049cbada84a86768f3,low_MoS2,0.0,3.0,3.0,-0.8312426899998968,1.8100000000000025,32
6141d205ee0a3fd43fb47b03,low_MoS2,1.0,2.0,3.0,31.957239770000104,0.2619000000000042,32
6141d20931cf3ef3d4a9ee78,low_MoS2,2.0,1.0,3.0,41.40202666,0.298099999999998,32
6141d2094e27a1844a5f0138,low_MoS2,1.0,2.0,3.0,8.510510379999939,1.1437999999999988,32
6141d20d9cbada84a86768f5,low_MoS2,0.0,3.0,3.0,-0.8267287900000042,1.806400000000004,32
6141d20dee0a3fd43fb47b05,low_MoS2,1.0,2.0,3.0,31.951093119999985,0.2619000000000042,32
6141d2113ac25c70a5c6c8bb,low_MoS2,3.0,0.0,3.0,48.83114388000005,0.1735000000000042,32
6141d21131cf3ef3d4a9ee7a,low_MoS2,2.0,1.0,3.0,40.96716189000013,0.1569999999999964,32
6141d2124e27a1844a5f013a,low_MoS2,1.0,2.0,3.0,8.513347320000118,1.1437999999999988,32
6141d213baaf234b352902a0,low_MoS2,2.0,1.0,3.0,17.889667390000106,1.0959000000000003,32
6141d216ee0a3fd43fb47b07,low_MoS2,1.0,2.0,3.0,31.95100027000011,0.2504999999999953,32
6141d21b4e27a1844a5f013c,low_MoS2,1.0,2.0,3.0,8.511692679999921,1.1465999999999994,32
6141d21c9cbada84a86768f7,low_MoS2,0.0,3.0,3.0,-0.8330882800000268,1.807699999999997,32
6141d21dbaaf234b352902a2,low_MoS2,2.0,1.0,3.0,17.87521291999996,1.089100000000002,32
6141d21fee0a3fd43fb47b09,low_MoS2,1.0,2.0,3.0,32.14649159000008,0.4027999999999991,32
6141d22231cf3ef3d4a9ee7c,low_MoS2,2.0,1.0,3.0,41.46648397999998,0.3371999999999957,32
6141d2244e27a1844a5f013e,low_MoS2,1.0,2.0,3.0,8.493274819999922,1.138300000000001,32
6141d2259cbada84a86768f9,low_MoS2,0.0,3.0,3.0,-0.8315434400000754,1.8089999999999973,32
6141d2263ac25c70a5c6c8bd,low_MoS2,3.0,0.0,3.0,50.90619656999994,0.1681999999999988,32
6141d227baaf234b352902a4,low_MoS2,2.0,1.0,3.0,17.866351300000126,1.1096999999999966,32
6141d228ee0a3fd43fb47b0b,low_MoS2,1.0,2.0,3.0,32.07435779000001,0.4035000000000011,32
6141d22b31cf3ef3d4a9ee7e,low_MoS2,2.0,1.0,3.0,40.97672424000002,0.1555000000000035,32
6141d22d9cbada84a86768fb,low_MoS2,0.0,3.0,3.0,-0.8309638999998583,1.8091000000000008,32
6141d230baaf234b352902a6,low_MoS2,2.0,1.0,3.0,17.929004269999943,0.6499999999999986,32
6141d231ee0a3fd43fb47b0d,low_MoS2,1.0,2.0,3.0,32.14978616999996,0.4048999999999978,32
6141d2344e27a1844a5f0140,low_MoS2,1.0,2.0,3.0,8.51278357999993,1.146499999999996,32
6141d23431cf3ef3d4a9ee80,low_MoS2,2.0,1.0,3.0,41.47905110000006,0.3355999999999994,32
6141d2369cbada84a86768fd,low_MoS2,0.0,3.0,3.0,-0.8199261199999341,1.8057000000000016,32
6141d23aee0a3fd43fb47b0f,low_MoS2,1.0,2.0,3.0,32.087949070000136,0.4042999999999992,32
6141d23abaaf234b352902a8,low_MoS2,2.0,1.0,3.0,17.869568990000054,1.103500000000004,32
6141d23d31cf3ef3d4a9ee82,low_MoS2,2.0,1.0,3.0,40.98900868999995,0.1524999999999963,32
6141d23d3ac25c70a5c6c8bf,low_MoS2,3.0,0.0,3.0,50.81373077000004,0.4292000000000016,32
6141d23f9cbada84a86768ff,low_MoS2,0.0,3.0,3.0,-0.8290801899999565,1.8074000000000008,32
6141d2424e27a1844a5f0142,low_MoS2,1.0,2.0,3.0,8.518214830000058,1.1433999999999995,32
6141d242ee0a3fd43fb47b11,low_MoS2,1.0,2.0,3.0,32.144678509999935,0.4007999999999967,32
6141d244baaf234b352902aa,low_MoS2,2.0,1.0,3.0,17.857360060000012,1.0897000000000006,32
6141d24631cf3ef3d4a9ee84,low_MoS2,2.0,1.0,3.0,41.488993140000005,0.409399999999998,32
6141d2489cbada84a8676901,low_MoS2,0.0,3.0,3.0,-0.8321492199999625,1.8089999999999973,32
6141d24bee0a3fd43fb47b13,low_MoS2,1.0,2.0,3.0,32.123996680000104,0.3731000000000009,32
6141d24b4e27a1844a5f0144,low_MoS2,1.0,2.0,3.0,8.503641439999935,1.1519000000000048,32
6141d24dbaaf234b352902ac,low_MoS2,2.0,1.0,3.0,17.891941050000007,1.079100000000004,32
6141d24e31cf3ef3d4a9ee86,low_MoS2,2.0,1.0,3.0,39.497103750000136,0.153500000000001,32
6141d2519cbada84a8676903,low_MoS2,0.0,3.0,3.0,-0.8295552700000712,1.8068000000000024,32
6141d2543ac25c70a5c6c8c1,low_MoS2,3.0,0.0,3.0,50.78424303000012,0.3883999999999972,32
6141d254ee0a3fd43fb47b15,low_MoS2,1.0,2.0,3.0,32.13773164000007,0.3977000000000004,32
6141d2554e27a1844a5f0146,low_MoS2,1.0,2.0,3.0,8.531990069999917,1.1377999999999986,32
6141d25731cf3ef3d4a9ee88,low_MoS2,2.0,1.0,3.0,41.45910440000007,0.3622000000000014,32
6141d257baaf234b352902ae,low_MoS2,2.0,1.0,3.0,17.86536304000014,1.1103999999999985,32
6141d25a9cbada84a8676905,low_MoS2,0.0,3.0,3.0,-0.8324887299999659,1.8081999999999996,32
6141d25e4e27a1844a5f0148,low_MoS2,1.0,2.0,3.0,8.517810620000116,1.1424999999999983,32
6141d25eee0a3fd43fb47b17,low_MoS2,1.0,2.0,3.0,32.16455584999993,0.3948999999999998,32
6141d26031cf3ef3d4a9ee8a,low_MoS2,2.0,1.0,3.0,41.47711445,0.4014000000000024,32
6141d261baaf234b352902b0,low_MoS2,2.0,1.0,3.0,17.883597680000086,1.1074999999999946,32
6141d2649cbada84a8676907,low_MoS2,0.0,3.0,3.0,-0.8315156699999875,1.8089000000000013,32
6141d2674e27a1844a5f014a,low_MoS2,1.0,2.0,3.0,8.512524539999983,1.146099999999997,32
6141d267ee0a3fd43fb47b19,low_MoS2,1.0,2.0,3.0,32.122983180000105,0.3737999999999957,32
6141d26931cf3ef3d4a9ee8c,low_MoS2,2.0,1.0,3.0,41.46040672,0.3380999999999972,32
6141d26cbaaf234b352902b2,low_MoS2,2.0,1.0,3.0,17.88664977000007,1.1077999999999977,32
6141d26c3ac25c70a5c6c8c3,low_MoS2,3.0,0.0,3.0,48.80544322000007,0.1668999999999982,32
6141d26c9cbada84a8676909,low_MoS2,0.0,3.0,3.0,-0.8287158299999078,1.809799999999996,32
6141d270ee0a3fd43fb47b1b,low_MoS2,1.0,2.0,3.0,32.1468451600001,0.3995999999999995,32
6141d27231cf3ef3d4a9ee8e,low_MoS2,2.0,1.0,3.0,40.97612023000006,0.1345000000000027,32
6141d2759cbada84a867690b,low_MoS2,0.0,3.0,3.0,-0.8313434399998982,1.8087000000000015,32
6141d276baaf234b352902b4,low_MoS2,2.0,1.0,3.0,17.816277469999925,0.9427999999999984,32
6141d2774e27a1844a5f014c,low_MoS2,1.0,2.0,3.0,8.510156459999987,1.1464,32
6141d279ee0a3fd43fb47b1d,low_MoS2,1.0,2.0,3.0,32.14538983999999,0.4002999999999943,32
6141d27b31cf3ef3d4a9ee90,low_MoS2,2.0,1.0,3.0,40.97625166999997,0.1593000000000017,32
6141d27f9cbada84a867690d,low_MoS2,0.0,3.0,3.0,-0.8313589100000058,1.8084999999999951,32
6141d280baaf234b352902b6,low_MoS2,2.0,1.0,3.0,17.866202639999976,1.1049000000000009,32
6141d2824e27a1844a5f014e,low_MoS2,1.0,2.0,3.0,8.503293880000026,1.1467000000000027,32
6141d2823ac25c70a5c6c8c5,low_MoS2,3.0,0.0,3.0,50.78989669000013,0.3881999999999976,32
6141d283ee0a3fd43fb47b1f,low_MoS2,1.0,2.0,3.0,32.14918766999993,0.398699999999998,32
6141d28431cf3ef3d4a9ee92,low_MoS2,2.0,1.0,3.0,39.48678016999993,0.1565000000000012,32
6141d2889cbada84a867690f,low_MoS2,0.0,3.0,3.0,-0.832401280000056,1.8098000000000027,32
6141d28abaaf234b352902b8,low_MoS2,2.0,1.0,3.0,17.848732610000063,1.0835000000000008,32
6141d28b4e27a1844a5f0150,low_MoS2,1.0,2.0,3.0,8.512569190000047,1.1454999999999984,32
6141d28cee0a3fd43fb47b21,low_MoS2,1.0,2.0,3.0,32.11588643000003,0.3502999999999971,32
6141d28e31cf3ef3d4a9ee94,low_MoS2,2.0,1.0,3.0,41.48315979000013,0.4061000000000021,32
6141d2919cbada84a8676911,low_MoS2,0.0,3.0,3.0,-0.8294519200000536,1.8081000000000031,32
6141d294baaf234b352902ba,low_MoS2,2.0,1.0,3.0,17.885547770000123,1.0996000000000024,32
6141d2954e27a1844a5f0152,low_MoS2,1.0,2.0,3.0,8.514260700000047,1.1458000000000013,32
6141d295ee0a3fd43fb47b23,low_MoS2,1.0,2.0,3.0,32.14752921000012,0.4033999999999977,32
6141d29631cf3ef3d4a9ee96,low_MoS2,2.0,1.0,3.0,41.46460332000011,0.3951000000000064,32
6141d29a3ac25c70a5c6c8c7,low_MoS2,3.0,0.0,3.0,50.82244116000008,0.4264999999999972,32
6141d29a9cbada84a8676913,low_MoS2,0.0,3.0,3.0,-0.8331622200000197,1.8074999999999972,32
6141d29e4e27a1844a5f0154,low_MoS2,1.0,2.0,3.0,8.516138019999996,1.1405999999999992,32
6141d29fee0a3fd43fb47b25,low_MoS2,1.0,2.0,3.0,32.12532989999998,0.3466000000000022,32
6141d29fbaaf234b352902bc,low_MoS2,2.0,1.0,3.0,17.850398860000034,1.040199999999999,32
6141d29f31cf3ef3d4a9ee98,low_MoS2,2.0,1.0,3.0,41.48681671000004,0.4134000000000029,32
6141d2a84e27a1844a5f0156,low_MoS2,1.0,2.0,3.0,8.541780219999989,1.1458999999999977,32
6141d2a931cf3ef3d4a9ee9a,low_MoS2,2.0,1.0,3.0,41.4535263100001,0.3883999999999972,32
6141d2a9baaf234b352902be,low_MoS2,2.0,1.0,3.0,17.88471475000005,0.9583999999999976,32
6141d2ac9cbada84a8676915,low_MoS2,0.0,3.0,3.0,-0.829133870000021,1.8081000000000031,32
6141d2b13ac25c70a5c6c8c9,low_MoS2,3.0,0.0,3.0,50.73613173999994,0.3924000000000021,32
6141d2b24e27a1844a5f0158,low_MoS2,1.0,2.0,3.0,8.524190860000115,1.1403999999999996,32
6141d2b331cf3ef3d4a9ee9c,low_MoS2,2.0,1.0,3.0,41.46245528000004,0.3268999999999948,32
6141d2b4baaf234b352902c0,low_MoS2,2.0,1.0,3.0,17.874146860000103,1.0810999999999993,32
6141d2b69cbada84a8676917,low_MoS2,0.0,3.0,3.0,-0.8318814500000258,1.8086999999999944,32
6141d2b9ee0a3fd43fb47b27,low_MoS2,1.0,2.0,3.0,32.14552812999999,0.3998999999999952,32
6141d2bc4e27a1844a5f015a,low_MoS2,1.0,2.0,3.0,8.505371100000072,1.1465999999999994,32
6141d2bd31cf3ef3d4a9ee9e,low_MoS2,2.0,1.0,3.0,41.46545303000012,0.378700000000002,32
6141d2bebaaf234b352902c2,low_MoS2,2.0,1.0,3.0,17.929991630000124,0.6494,32
6141d2c5ee0a3fd43fb47b29,low_MoS2,1.0,2.0,3.0,32.0907858800001,0.4040000000000034,32
6141d2c54e27a1844a5f015c,low_MoS2,1.0,2.0,3.0,8.510517449999977,1.1445000000000007,32
6141d2c69cbada84a8676919,low_MoS2,0.0,3.0,3.0,-0.8309503600000312,1.8091000000000008,32
6141d2c83ac25c70a5c6c8cb,low_MoS2,3.0,0.0,3.0,50.757122610000046,0.3033000000000001,32
6141d2c831cf3ef3d4a9eea0,low_MoS2,2.0,1.0,3.0,40.96941323000006,0.152000000000001,32
6141d2ceee0a3fd43fb47b2b,low_MoS2,1.0,2.0,3.0,32.151199899999924,0.4022999999999967,32
6141d2d04e27a1844a5f015e,low_MoS2,1.0,2.0,3.0,8.532110119999995,1.1396000000000015,32
6141d2d3baaf234b352902c4,low_MoS2,2.0,1.0,3.0,17.870548170000113,1.0793000000000037,32
6141d2d431cf3ef3d4a9eea2,low_MoS2,2.0,1.0,3.0,41.43166371999992,0.4144000000000005,32
6141d2d99cbada84a867691b,low_MoS2,0.0,3.0,3.0,-0.8317390899998713,1.809599999999996,32
6141d2debaaf234b352902c6,low_MoS2,2.0,1.0,3.0,17.898045610000047,1.1189999999999998,32
6141d2de31cf3ef3d4a9eea4,low_MoS2,2.0,1.0,3.0,41.45580857,0.3887,32
6141d2e1ee0a3fd43fb47b2d,low_MoS2,1.0,2.0,3.0,32.12270254000008,0.3860000000000028,32
6141d2e14e27a1844a5f0160,low_MoS2,1.0,2.0,3.0,8.49825065000007,1.1477000000000004,32
6141d2e23ac25c70a5c6c8cd,low_MoS2,3.0,0.0,3.0,50.76118992999992,0.3760000000000048,32
6141d2e39cbada84a867691d,low_MoS2,0.0,3.0,3.0,-0.8312840599998594,1.807700000000004,32
6141d2e831cf3ef3d4a9eea6,low_MoS2,2.0,1.0,3.0,41.29665192000012,0.2708000000000012,32
6141d2e8baaf234b352902c8,low_MoS2,2.0,1.0,3.0,17.867479389999964,1.1041000000000023,32
6141d2ebee0a3fd43fb47b2f,low_MoS2,1.0,2.0,3.0,32.14131481999992,0.4050000000000011,32
6141d2ec9cbada84a867691f,low_MoS2,0.0,3.0,3.0,-0.8212743199998727,1.8068000000000024,32
6141d2ef4e27a1844a5f0162,low_MoS2,1.0,2.0,3.0,8.490770099999988,1.1403999999999996,32
6141d2f231cf3ef3d4a9eea8,low_MoS2,2.0,1.0,3.0,41.4900175100001,0.4114000000000004,32
6141d2f3baaf234b352902ca,low_MoS2,2.0,1.0,3.0,17.863744539999963,1.1114999999999997,32
6141d2f5ee0a3fd43fb47b31,low_MoS2,1.0,2.0,3.0,32.14595665,0.4035000000000011,32
6141d2f94e27a1844a5f0164,low_MoS2,1.0,2.0,3.0,8.505733030000126,1.1478000000000037,32
6141d2fb3ac25c70a5c6c8cf,low_MoS2,3.0,0.0,3.0,50.75824369000012,0.3978000000000037,32
6141d2fc31cf3ef3d4a9eeaa,low_MoS2,2.0,1.0,3.0,39.49171150000002,0.1527000000000029,32
6141d2fd9cbada84a8676921,low_MoS2,0.0,3.0,3.0,-0.8321762499999181,1.8093000000000004,32
6141d2febaaf234b352902cc,low_MoS2,2.0,1.0,3.0,17.85682743000006,1.037700000000001,32
6141d3034e27a1844a5f0166,low_MoS2,1.0,2.0,3.0,8.505876740000101,1.1375000000000028,32
6141d3059cbada84a8676923,low_MoS2,0.0,3.0,3.0,-0.8324549900000306,1.809200000000004,32
6141d306ee0a3fd43fb47b33,low_MoS2,1.0,2.0,3.0,32.12219507999997,0.3500999999999976,32
6141d30731cf3ef3d4a9eeac,low_MoS2,2.0,1.0,3.0,41.464704810000015,0.3894000000000019,32
6141d30abaaf234b352902ce,low_MoS2,2.0,1.0,3.0,17.851850190000043,1.0013000000000003,32
6141d30c4e27a1844a5f0168,low_MoS2,1.0,2.0,3.0,8.509288640000047,1.1454999999999984,32
6141d30e9cbada84a8676925,low_MoS2,0.0,3.0,3.0,-0.8323887599999011,1.8096999999999996,32
6141d310ee0a3fd43fb47b35,low_MoS2,1.0,2.0,3.0,32.11593046999995,0.3359999999999985,32
6141d31131cf3ef3d4a9eeae,low_MoS2,2.0,1.0,3.0,41.46623698999993,0.4039000000000001,32
6141d3143ac25c70a5c6c8d1,low_MoS2,3.0,0.0,3.0,48.84888740000012,0.1469999999999984,32
6141d315baaf234b352902d0,low_MoS2,2.0,1.0,3.0,17.87522751000005,1.0891999999999982,32
6141d3164e27a1844a5f016a,low_MoS2,1.0,2.0,3.0,8.509271120000019,1.1492000000000004,32
6141d31aee0a3fd43fb47b37,low_MoS2,1.0,2.0,3.0,32.14499535000003,0.4014999999999986,32
6141d31b31cf3ef3d4a9eeb0,low_MoS2,2.0,1.0,3.0,41.46206027000012,0.3792999999999935,32
6141d31e9cbada84a8676927,low_MoS2,0.0,3.0,3.0,-0.8326527099999907,1.8065,32
6141d320baaf234b352902d2,low_MoS2,2.0,1.0,3.0,17.868356120000037,1.0874999999999986,32
6141d3214e27a1844a5f016c,low_MoS2,1.0,2.0,3.0,8.505831190000006,1.1482000000000028,32
6141d324ee0a3fd43fb47b39,low_MoS2,1.0,2.0,3.0,32.145219040000015,0.4024000000000001,32
6141d32631cf3ef3d4a9eeb2,low_MoS2,2.0,1.0,3.0,40.97053143000012,0.1532000000000053,32
6141d3279cbada84a8676929,low_MoS2,0.0,3.0,3.0,-0.8290681600000767,1.8068999999999988,32
6141d32bbaaf234b352902d4,low_MoS2,2.0,1.0,3.0,17.868599119999992,1.1081000000000003,32
6141d32e3ac25c70a5c6c8d3,low_MoS2,3.0,0.0,3.0,50.80225160000001,0.3682000000000016,32
6141d32e4e27a1844a5f016e,low_MoS2,1.0,2.0,3.0,8.51327283000003,1.1417000000000002,32
6141d32eee0a3fd43fb47b3b,low_MoS2,1.0,2.0,3.0,32.144111399999915,0.4056999999999959,32
6141d33031cf3ef3d4a9eeb4,low_MoS2,2.0,1.0,3.0,39.49607865999992,0.1536000000000044,32
6141d3319cbada84a867692b,low_MoS2,0.0,3.0,3.0,-0.8317372700000192,1.8090000000000048,32
6141d336baaf234b352902d6,low_MoS2,2.0,1.0,3.0,17.857862020000077,1.105799999999995,32
6141d3384e27a1844a5f0170,low_MoS2,1.0,2.0,3.0,8.508879519999962,1.1355000000000004,32
6141d338ee0a3fd43fb47b3d,low_MoS2,1.0,2.0,3.0,32.13990080000006,0.4050000000000011,32
6141d33b9cbada84a867692d,low_MoS2,0.0,3.0,3.0,-0.8311146400000666,1.808399999999999,32
6141d342baaf234b352902d8,low_MoS2,2.0,1.0,3.0,17.86592777000009,1.1041999999999987,32
6141d34231cf3ef3d4a9eeb6,low_MoS2,2.0,1.0,3.0,41.471342389999975,0.4151000000000024,32
6141d342ee0a3fd43fb47b3f,low_MoS2,1.0,2.0,3.0,32.14482337999992,0.4042999999999992,32
6141d3434e27a1844a5f0172,low_MoS2,1.0,2.0,3.0,8.525631620000038,1.1400000000000006,32
6141d3459cbada84a867692f,low_MoS2,0.0,3.0,3.0,-0.8321342999999501,1.8093000000000004,32
6141d3473ac25c70a5c6c8d5,low_MoS2,3.0,0.0,3.0,50.777968510000086,0.3383000000000038,32
6141d34d31cf3ef3d4a9eeb8,low_MoS2,2.0,1.0,3.0,41.47204393000011,0.3334000000000046,32
6141d34e9cbada84a8676931,low_MoS2,0.0,3.0,3.0,-0.8323920699999121,1.8084999999999951,32
6141d34e4e27a1844a5f0174,low_MoS2,1.0,2.0,3.0,8.511450300000003,1.1454000000000022,32
6141d351ee0a3fd43fb47b41,low_MoS2,1.0,2.0,3.0,32.14384485000004,0.4052000000000006,32
6141d3594e27a1844a5f0176,low_MoS2,1.0,2.0,3.0,8.513198290000016,1.1457999999999942,32
6141d35abaaf234b352902da,low_MoS2,2.0,1.0,3.0,17.860493950000084,1.087699999999998,32
6141d36031cf3ef3d4a9eeba,low_MoS2,2.0,1.0,3.0,41.47026836999994,0.4014000000000024,32
6141d3613ac25c70a5c6c8d7,low_MoS2,3.0,0.0,3.0,50.32797958000007,0.1580000000000012,32
6141d3644e27a1844a5f0178,low_MoS2,1.0,2.0,3.0,8.510481430000052,1.147099999999995,32
6141d364ee0a3fd43fb47b43,low_MoS2,1.0,2.0,3.0,32.148747769999986,0.4024000000000001,32
6141d3659cbada84a8676933,low_MoS2,0.0,3.0,3.0,-0.8331574499999874,1.8065,32
6141d365baaf234b352902dc,low_MoS2,2.0,1.0,3.0,17.86064796999994,1.1022999999999996,32
6141d36b31cf3ef3d4a9eebc,low_MoS2,2.0,1.0,3.0,41.48620658,0.4138000000000019,32
6141d36e4e27a1844a5f017a,low_MoS2,1.0,2.0,3.0,8.505836360000128,1.1485999999999947,32
6141d36e9cbada84a8676935,low_MoS2,0.0,3.0,3.0,-0.833482649999894,1.807299999999998,32
6141d36fee0a3fd43fb47b45,low_MoS2,1.0,2.0,3.0,32.12481386000012,0.3992000000000004,32
6141d370baaf234b352902de,low_MoS2,2.0,1.0,3.0,17.865974139999928,1.104300000000002,32
6141d37531cf3ef3d4a9eebe,low_MoS2,2.0,1.0,3.0,39.48731997,0.1499000000000023,32
6141d3789cbada84a8676937,low_MoS2,0.0,3.0,3.0,-0.8323386100000221,1.808399999999999,32
6141d37b4e27a1844a5f017c,low_MoS2,1.0,2.0,3.0,8.491078949999999,1.1367999999999938,32
6141d37b3ac25c70a5c6c8d9,low_MoS2,3.0,0.0,3.0,50.86772676000002,0.1687999999999974,32
6141d37cbaaf234b352902e0,low_MoS2,2.0,1.0,3.0,17.87719093000009,1.0339000000000027,32
6141d38031cf3ef3d4a9eec0,low_MoS2,2.0,1.0,3.0,41.47790755000001,0.4149999999999991,32
6141d3819cbada84a8676939,low_MoS2,0.0,3.0,3.0,-0.834359529999972,1.8070999999999984,32
6141d383ee0a3fd43fb47b47,low_MoS2,1.0,2.0,3.0,32.14162011000006,0.4022999999999967,32
6141d3894e27a1844a5f017e,low_MoS2,1.0,2.0,3.0,8.498788870000023,1.151299999999999,32
6141d38b31cf3ef3d4a9eec2,low_MoS2,2.0,1.0,3.0,40.97215025999999,0.1539000000000001,32
6141d38b9cbada84a867693b,low_MoS2,0.0,3.0,3.0,-0.832499999999925,1.8093999999999968,32
6141d38dee0a3fd43fb47b49,low_MoS2,1.0,2.0,3.0,32.12481958000011,0.3475000000000037,32
6141d3934e27a1844a5f0180,low_MoS2,1.0,2.0,3.0,8.510641240000066,1.147599999999997,32
6141d3949cbada84a867693d,low_MoS2,0.0,3.0,3.0,-0.832032629999901,1.8089000000000013,32
6141d395baaf234b352902e2,low_MoS2,2.0,1.0,3.0,17.865342439999942,1.1042000000000058,32
6141d39631cf3ef3d4a9eec4,low_MoS2,2.0,1.0,3.0,41.48858136000008,0.4091999999999984,32
6141d3973ac25c70a5c6c8db,low_MoS2,3.0,0.0,3.0,50.33518380000002,0.2019999999999981,32
6141d398ee0a3fd43fb47b4b,low_MoS2,1.0,2.0,3.0,32.13989830000013,0.3927000000000049,32
6141d39e9cbada84a867693f,low_MoS2,0.0,3.0,3.0,-0.8346520499998746,1.807300000000005,32
6141d39e4e27a1844a5f0182,low_MoS2,1.0,2.0,3.0,8.510989990000123,1.1479,32
6141d39f31cf3ef3d4a9eec6,low_MoS2,2.0,1.0,3.0,41.47528232999999,0.3358000000000061,32
6141d3a0baaf234b352902e4,low_MoS2,2.0,1.0,3.0,17.856240340000106,1.1116000000000028,32
6141d3a3ee0a3fd43fb47b4d,low_MoS2,1.0,2.0,3.0,32.14800257,0.4026999999999958,32
6141d3a84e27a1844a5f0184,low_MoS2,1.0,2.0,3.0,8.518992150000056,1.1474000000000046,32
6141d3a931cf3ef3d4a9eec8,low_MoS2,2.0,1.0,3.0,41.47155717999995,0.3365000000000009,32
6141d3acbaaf234b352902e6,low_MoS2,2.0,1.0,3.0,17.849085609999968,1.0974000000000004,32
6141d3b23ac25c70a5c6c8dd,low_MoS2,3.0,0.0,3.0,50.76695099000009,0.3869000000000042,32
6141d3b2ee0a3fd43fb47b4f,low_MoS2,1.0,2.0,3.0,32.07982807000006,0.4082000000000008,32
6141d3b34e27a1844a5f0186,low_MoS2,1.0,2.0,3.0,8.51105665999992,1.1450999999999991,32
6141d3b431cf3ef3d4a9eeca,low_MoS2,2.0,1.0,3.0,40.97582174999998,0.1567000000000007,32
6141d3b8baaf234b352902e8,low_MoS2,2.0,1.0,3.0,17.815739670000077,0.9429999999999978,32
6141d3bdee0a3fd43fb47b51,low_MoS2,1.0,2.0,3.0,32.124350990000025,0.3459000000000003,32
6141d3be4e27a1844a5f0188,low_MoS2,1.0,2.0,3.0,8.512410340000113,1.1466999999999956,32
6141d3be31cf3ef3d4a9eecc,low_MoS2,2.0,1.0,3.0,41.42719120000011,0.3793999999999968,32
6141d3c4baaf234b352902ea,low_MoS2,2.0,1.0,3.0,17.86596753999992,1.1045999999999978,32
6141d3c49cbada84a8676941,low_MoS2,0.0,3.0,3.0,-0.8299844000000007,1.808300000000003,32
6141d3c8ee0a3fd43fb47b53,low_MoS2,1.0,2.0,3.0,32.148953460000016,0.4011999999999958,32
6141d3c84e27a1844a5f018a,low_MoS2,1.0,2.0,3.0,8.514475799999925,1.1448999999999998,32
6141d3c931cf3ef3d4a9eece,low_MoS2,2.0,1.0,3.0,41.45305679000008,0.3838000000000008,32
6141d3ce3ac25c70a5c6c8df,low_MoS2,3.0,0.0,3.0,50.80565300000004,0.389800000000001,32
6141d3ce9cbada84a8676943,low_MoS2,0.0,3.0,3.0,-0.8048848000000248,1.808300000000003,32
6141d3cfbaaf234b352902ec,low_MoS2,2.0,1.0,3.0,17.82447539000008,0.9416999999999972,32
6141d3d2ee0a3fd43fb47b55,low_MoS2,1.0,2.0,3.0,32.14761410000004,0.4016999999999981,32
6141d3d34e27a1844a5f018c,low_MoS2,1.0,2.0,3.0,8.549959160000096,1.1776000000000053,32
6141d3d531cf3ef3d4a9eed0,low_MoS2,2.0,1.0,3.0,41.4678335600001,0.335099999999997,32
6141d3d99cbada84a8676945,low_MoS2,0.0,3.0,3.0,-0.8338151499999071,1.8093999999999968,32
6141d3dbbaaf234b352902ee,low_MoS2,2.0,1.0,3.0,17.865526830000128,1.1041999999999987,32
6141d3de4e27a1844a5f018e,low_MoS2,1.0,2.0,3.0,8.506085669999973,1.1426999999999978,32
6141d3e031cf3ef3d4a9eed2,low_MoS2,2.0,1.0,3.0,41.38920487000014,0.2976999999999989,32
6141d3e0ee0a3fd43fb47b57,low_MoS2,1.0,2.0,3.0,31.95107606000009,0.2517000000000067,32
6141d3e39cbada84a8676947,low_MoS2,0.0,3.0,3.0,-0.8223032499999476,1.8068999999999988,32
6141d3e7baaf234b352902f0,low_MoS2,2.0,1.0,3.0,17.85747701000013,1.0960000000000036,32
6141d3e93ac25c70a5c6c8e1,low_MoS2,3.0,0.0,3.0,50.799163560000046,0.3799999999999954,32
6141d3e94e27a1844a5f0190,low_MoS2,1.0,2.0,3.0,8.502273260000063,1.1479,32
6141d3eb31cf3ef3d4a9eed4,low_MoS2,2.0,1.0,3.0,40.97145406,0.1537000000000006,32
6141d3ebee0a3fd43fb47b59,low_MoS2,1.0,2.0,3.0,32.146104879999925,0.4012999999999991,32
6141d3f4baaf234b352902f2,low_MoS2,2.0,1.0,3.0,17.930858429999937,0.6529000000000025,32
6141d3f54e27a1844a5f0192,low_MoS2,1.0,2.0,3.0,8.515607419999949,1.1433999999999995,32
6141d3f631cf3ef3d4a9eed6,low_MoS2,2.0,1.0,3.0,41.46715022999997,0.4124000000000052,32
6141d3f9ee0a3fd43fb47b5b,low_MoS2,1.0,2.0,3.0,32.12684347999992,0.3954000000000022,32
6141d3fd9cbada84a8676949,low_MoS2,0.0,3.0,3.0,-0.8274070499998629,1.8068999999999988,32
6141d40031cf3ef3d4a9eed8,low_MoS2,2.0,1.0,3.0,41.45711214000012,0.3862999999999985,32
6141d400baaf234b352902f4,low_MoS2,2.0,1.0,3.0,17.893682280000114,0.9540000000000006,32
6141d4014e27a1844a5f0194,low_MoS2,1.0,2.0,3.0,8.502783670000124,1.1468999999999951,32
6141d4033ac25c70a5c6c8e3,low_MoS2,3.0,0.0,3.0,50.74219076000001,0.3042000000000016,32
6141d404ee0a3fd43fb47b5d,low_MoS2,1.0,2.0,3.0,32.14963222999994,0.3995999999999995,32
6141d4089cbada84a867694b,low_MoS2,0.0,3.0,3.0,-0.8329665299999647,1.808799999999998,32
6141d40c4e27a1844a5f0196,low_MoS2,1.0,2.0,3.0,8.537058410000125,1.1368999999999971,32
6141d40c31cf3ef3d4a9eeda,low_MoS2,2.0,1.0,3.0,41.44185895000005,0.3913999999999973,32
6141d410ee0a3fd43fb47b5f,low_MoS2,1.0,2.0,3.0,32.14871822000008,0.4014000000000024,32
6141d4129cbada84a867694d,low_MoS2,0.0,3.0,3.0,-0.8321054299998991,1.809200000000004,32
6141d415baaf234b352902f6,low_MoS2,2.0,1.0,3.0,17.930560530000086,0.6527999999999992,32
6141d4174e27a1844a5f0198,low_MoS2,1.0,2.0,3.0,8.510101300000112,1.1452000000000029,32
6141d41c9cbada84a867694f,low_MoS2,0.0,3.0,3.0,-0.8284676899999681,1.8093000000000004,32
6141d41d31cf3ef3d4a9eedc,low_MoS2,2.0,1.0,3.0,41.456929050000056,0.3894000000000019,32
6141d41e3ac25c70a5c6c8e5,low_MoS2,3.0,0.0,3.0,50.77963082000012,0.3948999999999998,32
6141d41eee0a3fd43fb47b61,low_MoS2,1.0,2.0,3.0,32.12631136000003,0.3963000000000036,32
6141d422baaf234b352902f8,low_MoS2,2.0,1.0,3.0,17.866836310000046,1.101300000000002,32
6141d4234e27a1844a5f019a,low_MoS2,1.0,2.0,3.0,8.5164782300001,1.1454000000000022,32
6141d4269cbada84a8676951,low_MoS2,0.0,3.0,3.0,-0.8331575300000509,1.8089999999999973,32
6141d42831cf3ef3d4a9eede,low_MoS2,2.0,1.0,3.0,41.467350139999965,0.4123000000000019,32
6141d42e4e27a1844a5f019c,low_MoS2,1.0,2.0,3.0,8.515151040000116,1.1439999999999984,32
6141d42ebaaf234b352902fa,low_MoS2,2.0,1.0,3.0,17.8619738100001,1.091699999999996,32
6141d42fee0a3fd43fb47b63,low_MoS2,1.0,2.0,3.0,32.15048683000008,0.4016000000000019,32
6141d43431cf3ef3d4a9eee0,low_MoS2,2.0,1.0,3.0,41.43549735999996,0.3804999999999978,32
6141d4394e27a1844a5f019e,low_MoS2,1.0,2.0,3.0,8.511774159999984,1.1473999999999975,32
6141d43a3ac25c70a5c6c8e7,low_MoS2,3.0,0.0,3.0,48.82951663999999,0.1537000000000006,32
6141d43abaaf234b352902fc,low_MoS2,2.0,1.0,3.0,17.85980541000003,1.1030000000000015,32
6141d43b9cbada84a8676953,low_MoS2,0.0,3.0,3.0,-0.8016867700000034,1.8068999999999988,32
6141d43f31cf3ef3d4a9eee2,low_MoS2,2.0,1.0,3.0,39.49652028999999,0.1484999999999985,32
6141d441ee0a3fd43fb47b65,low_MoS2,1.0,2.0,3.0,32.12182847999996,0.3777000000000043,32
6141d4454e27a1844a5f01a0,low_MoS2,1.0,2.0,3.0,8.511001150000109,1.1471000000000018,32
6141d4469cbada84a8676955,low_MoS2,0.0,3.0,3.0,-0.8317298900000765,1.8085999999999984,32
6141d447baaf234b352902fe,low_MoS2,2.0,1.0,3.0,17.851799020000037,1.0893000000000015,32
6141d44a31cf3ef3d4a9eee4,low_MoS2,2.0,1.0,3.0,41.42956461000013,0.3788999999999944,32
6141d44cee0a3fd43fb47b67,low_MoS2,1.0,2.0,3.0,32.12229891000014,0.3481999999999985,32
6141d4514e27a1844a5f01a2,low_MoS2,1.0,2.0,3.0,8.50984057999997,1.1443999999999974,32
6141d4519cbada84a8676957,low_MoS2,0.0,3.0,3.0,-0.8295572799999604,1.807900000000004,32
6141d4533ac25c70a5c6c8e9,low_MoS2,3.0,0.0,3.0,50.83227137999999,0.1473000000000013,32
6141d45431cf3ef3d4a9eee6,low_MoS2,2.0,1.0,3.0,41.46653265000005,0.4075000000000059,32
6141d457ee0a3fd43fb47b69,low_MoS2,1.0,2.0,3.0,32.12226544999997,0.3504999999999967,32
6141d45c9cbada84a8676959,low_MoS2,0.0,3.0,3.0,-0.8324020199999609,1.8088999999999944,32
6141d45d4e27a1844a5f01a4,low_MoS2,1.0,2.0,3.0,8.499864169999935,1.1465000000000032,32
6141d45dbaaf234b35290300,low_MoS2,2.0,1.0,3.0,17.90817239000011,1.0993999999999955,32
6141d46031cf3ef3d4a9eee8,low_MoS2,2.0,1.0,3.0,41.38606302000012,0.2993999999999985,32
6141d463ee0a3fd43fb47b6b,low_MoS2,1.0,2.0,3.0,31.946008979999977,0.2622,32
6141d4689cbada84a867695b,low_MoS2,0.0,3.0,3.0,-0.8336894700000244,1.808799999999998,32
6141d4684e27a1844a5f01a6,low_MoS2,1.0,2.0,3.0,8.493976219999947,1.1377000000000024,32
6141d46abaaf234b35290302,low_MoS2,2.0,1.0,3.0,17.885374890000087,0.9605999999999996,32
6141d46b31cf3ef3d4a9eeea,low_MoS2,2.0,1.0,3.0,41.491779290000025,0.4091000000000022,32
6141d46eee0a3fd43fb47b6d,low_MoS2,1.0,2.0,3.0,32.12406508999992,0.3484000000000051,32
6141d4733ac25c70a5c6c8eb,low_MoS2,3.0,0.0,3.0,50.67996413000007,0.308099999999996,32
6141d4739cbada84a867695d,low_MoS2,0.0,3.0,3.0,-0.8346808900000156,1.8081999999999996,32
6141d477baaf234b35290304,low_MoS2,2.0,1.0,3.0,17.86078029999998,1.1131000000000029,32
6141d47731cf3ef3d4a9eeec,low_MoS2,2.0,1.0,3.0,41.47488132000008,0.3314999999999983,32
6141d4784e27a1844a5f01a8,low_MoS2,1.0,2.0,3.0,8.534450110000105,1.1373999999999995,32
6141d479ee0a3fd43fb47b6f,low_MoS2,1.0,2.0,3.0,32.14381640000009,0.4035000000000011,32
6141d48331cf3ef3d4a9eeee,low_MoS2,2.0,1.0,3.0,41.457288320000046,0.4182000000000059,32
6141d4874e27a1844a5f01aa,low_MoS2,1.0,2.0,3.0,8.509491360000109,1.143800000000006,32
6141d4899cbada84a867695f,low_MoS2,0.0,3.0,3.0,-0.8332716699998741,1.8061000000000007,32
6141d48eee0a3fd43fb47b71,low_MoS2,1.0,2.0,3.0,32.14983082000002,0.4037999999999968,32
6141d48ebaaf234b35290306,low_MoS2,2.0,1.0,3.0,17.87349982,1.1093000000000046,32
6141d48f31cf3ef3d4a9eef0,low_MoS2,2.0,1.0,3.0,41.463082970000144,0.3612999999999999,32
6141d4934e27a1844a5f01ac,low_MoS2,1.0,2.0,3.0,8.502649990000034,1.1469000000000025,32
6141d4959cbada84a8676961,low_MoS2,0.0,3.0,3.0,-0.8317038299998671,1.8093000000000004,32
6141d499ee0a3fd43fb47b73,low_MoS2,1.0,2.0,3.0,32.13163307000012,0.4016000000000019,32
6141d49a31cf3ef3d4a9eef2,low_MoS2,2.0,1.0,3.0,41.48527643999997,0.4049000000000049,32
6141d49bbaaf234b35290308,low_MoS2,2.0,1.0,3.0,17.86786868000012,1.102800000000002,32
6141d49e4e27a1844a5f01ae,low_MoS2,1.0,2.0,3.0,8.529387309999972,1.1396999999999975,32
6141d4a03ac25c70a5c6c8ed,low_MoS2,3.0,0.0,3.0,48.82750845000002,0.1448999999999998,32
6141d4a39cbada84a8676963,low_MoS2,0.0,3.0,3.0,-0.8326485499998739,1.8104000000000011,32
6141d4a631cf3ef3d4a9eef4,low_MoS2,2.0,1.0,3.0,41.46937934000012,0.3352000000000004,32
6141d4aa4e27a1844a5f01b0,low_MoS2,1.0,2.0,3.0,8.531698850000137,1.1373999999999995,32
6141d4b0baaf234b3529030a,low_MoS2,2.0,1.0,3.0,17.861220490000044,1.0017999999999958,32
6141d4b1ee0a3fd43fb47b75,low_MoS2,1.0,2.0,3.0,32.139557310000086,0.4035000000000011,32
6141d4b331cf3ef3d4a9eef6,low_MoS2,2.0,1.0,3.0,41.4602454800001,0.3770000000000024,32
6141d4b64e27a1844a5f01b2,low_MoS2,1.0,2.0,3.0,8.506400660000079,1.137599999999999,32
6141d4b69cbada84a8676965,low_MoS2,0.0,3.0,3.0,-0.8316327100000649,1.808300000000003,32
6141d4bb3ac25c70a5c6c8ef,low_MoS2,3.0,0.0,3.0,48.83351757000006,0.1713000000000022,32
6141d4bdee0a3fd43fb47b77,low_MoS2,1.0,2.0,3.0,32.14155541000012,0.4048999999999978,32
6141d4bdbaaf234b3529030c,low_MoS2,2.0,1.0,3.0,17.920038749999996,1.0011999999999972,32
6141d4c031cf3ef3d4a9eef8,low_MoS2,2.0,1.0,3.0,41.458150390000085,0.3817000000000021,32
6141d4c29cbada84a8676967,low_MoS2,0.0,3.0,3.0,-0.8309570299999791,1.8084999999999951,32
6141d4c24e27a1844a5f01b4,low_MoS2,1.0,2.0,3.0,8.512043960000053,1.1450999999999991,32
6141d4ccee0a3fd43fb47b79,low_MoS2,1.0,2.0,3.0,32.14966006000007,0.4005000000000009,32
6141d4cc31cf3ef3d4a9eefa,low_MoS2,2.0,1.0,3.0,41.46553654999998,0.3791000000000011,32
6141d4ccbaaf234b3529030e,low_MoS2,2.0,1.0,3.0,17.884070390000026,0.9602000000000004,32
6141d4cd9cbada84a8676969,low_MoS2,0.0,3.0,3.0,-0.8231955399998583,1.8059999999999972,32
6141d4d43ac25c70a5c6c8f1,low_MoS2,3.0,0.0,3.0,50.74744851999996,0.3049000000000035,32
6141d4d74e27a1844a5f01b6,low_MoS2,1.0,2.0,3.0,8.517149240000006,1.1428000000000011,32
6141d4d831cf3ef3d4a9eefc,low_MoS2,2.0,1.0,3.0,41.55547997999993,0.3415000000000034,32
6141d4d9baaf234b35290310,low_MoS2,2.0,1.0,3.0,17.898499500000064,1.1185999999999936,32
6141d4dfee0a3fd43fb47b7b,low_MoS2,1.0,2.0,3.0,31.953410399999928,0.2541999999999973,32
6141d4e19cbada84a867696b,low_MoS2,0.0,3.0,3.0,-0.8219679299999711,1.806999999999995,32
6141d4e34e27a1844a5f01b8,low_MoS2,1.0,2.0,3.0,8.494936130000067,1.1373999999999995,32
6141d4e431cf3ef3d4a9eefe,low_MoS2,2.0,1.0,3.0,41.46272992999998,0.3940000000000054,32
6141d4eabaaf234b35290312,low_MoS2,2.0,1.0,3.0,17.87675816,1.0364000000000004,32
6141d4ebee0a3fd43fb47b7d,low_MoS2,1.0,2.0,3.0,32.143183670000084,0.4043000000000063,32
6141d4ed9cbada84a867696d,low_MoS2,0.0,3.0,3.0,-0.8315360399998895,1.8081000000000031,32
6141d4ee3ac25c70a5c6c8f3,low_MoS2,3.0,0.0,3.0,48.82538671000013,0.1644000000000005,32
6141d4ef4e27a1844a5f01ba,low_MoS2,1.0,2.0,3.0,8.504482990000067,1.1458000000000013,32
6141d4f031cf3ef3d4a9ef00,low_MoS2,2.0,1.0,3.0,41.4531841,0.3589000000000055,32
6141d4f89cbada84a867696f,low_MoS2,0.0,3.0,3.0,-0.8298188900000127,1.8072000000000017,32
6141d4f9ee0a3fd43fb47b7f,low_MoS2,1.0,2.0,3.0,32.15937953000001,0.4001999999999981,32
6141d4fb4e27a1844a5f01bc,low_MoS2,1.0,2.0,3.0,8.509112010000106,1.144199999999998,32
6141d4fc31cf3ef3d4a9ef02,low_MoS2,2.0,1.0,3.0,41.44552472000005,0.358399999999996,32
6141d503baaf234b35290314,low_MoS2,2.0,1.0,3.0,17.823203769999957,0.9425999999999988,32
6141d5049cbada84a8676971,low_MoS2,0.0,3.0,3.0,-0.8049478400000112,1.808300000000003,32
6141d505ee0a3fd43fb47b81,low_MoS2,1.0,2.0,3.0,32.14681620000009,0.4024000000000001,32
6141d50831cf3ef3d4a9ef04,low_MoS2,2.0,1.0,3.0,41.46333595000006,0.409399999999998,32
6141d50b4e27a1844a5f01be,low_MoS2,1.0,2.0,3.0,8.51300468000002,1.1447000000000005,32
6141d50f9cbada84a8676973,low_MoS2,0.0,3.0,3.0,-0.8338189299999499,1.8070000000000024,32
6141d510baaf234b35290316,low_MoS2,2.0,1.0,3.0,17.881836380000088,1.1019000000000003,32
6141d511ee0a3fd43fb47b83,low_MoS2,1.0,2.0,3.0,32.124595429999985,0.349499999999999,32
6141d51531cf3ef3d4a9ef06,low_MoS2,2.0,1.0,3.0,41.42874791000004,0.4173000000000044,32
6141d5184e27a1844a5f01c0,low_MoS2,1.0,2.0,3.0,8.506855840000096,1.147199999999998,32
6141d51a9cbada84a8676975,low_MoS2,0.0,3.0,3.0,-0.805782269999952,1.809199999999997,32
6141d51dee0a3fd43fb47b85,low_MoS2,1.0,2.0,3.0,32.144053839999955,0.4040000000000034,32
6141d5203ac25c70a5c6c8f5,low_MoS2,3.0,0.0,3.0,50.7292771900001,0.3104000000000013,32
6141d52331cf3ef3d4a9ef08,low_MoS2,2.0,1.0,3.0,41.45124082000002,0.3892000000000024,32
6141d5254e27a1844a5f01c2,low_MoS2,1.0,2.0,3.0,8.532212190000134,1.1388000000000034,32
6141d528baaf234b35290318,low_MoS2,2.0,1.0,3.0,17.861513329999973,1.112000000000002,32
6141d529ee0a3fd43fb47b87,low_MoS2,1.0,2.0,3.0,32.14319202,0.4039999999999963,32
6141d52a9cbada84a8676977,low_MoS2,0.0,3.0,3.0,-0.8338317899999197,1.807300000000005,32
6141d53131cf3ef3d4a9ef0a,low_MoS2,2.0,1.0,3.0,41.42005540999999,0.4076999999999984,32
6141d536ee0a3fd43fb47b89,low_MoS2,1.0,2.0,3.0,32.14817326000001,0.4010999999999995,32
6141d536baaf234b3529031a,low_MoS2,2.0,1.0,3.0,17.872216259999952,1.1022000000000034,32
6141d5379cbada84a8676979,low_MoS2,0.0,3.0,3.0,-0.8317454099998827,1.809200000000004,32
6141d53a4e27a1844a5f01c4,low_MoS2,1.0,2.0,3.0,8.501922800000127,1.1443999999999974,32
6141d53c3ac25c70a5c6c8f7,low_MoS2,3.0,0.0,3.0,48.84142389000014,0.1500000000000056,32
6141d53e31cf3ef3d4a9ef0c,low_MoS2,2.0,1.0,3.0,41.43239265999996,0.3820999999999941,32
6141d541ee0a3fd43fb47b8b,low_MoS2,1.0,2.0,3.0,32.15741339000009,0.4039000000000001,32
6141d543baaf234b3529031c,low_MoS2,2.0,1.0,3.0,17.94718379999994,1.0142999999999986,32
6141d54b31cf3ef3d4a9ef0e,low_MoS2,2.0,1.0,3.0,41.45636615000008,0.3549000000000006,32
6141d54b4e27a1844a5f01c6,low_MoS2,1.0,2.0,3.0,8.506357440000127,1.1477999999999966,32
6141d54dee0a3fd43fb47b8d,low_MoS2,1.0,2.0,3.0,32.1431563200001,0.4040999999999997,32
6141d5509cbada84a867697b,low_MoS2,0.0,3.0,3.0,-0.8329639000000384,1.808799999999998,32
6141d551baaf234b3529031e,low_MoS2,2.0,1.0,3.0,17.815952200000076,0.9433000000000008,32
6141d5584e27a1844a5f01c8,low_MoS2,1.0,2.0,3.0,8.512221940000043,1.1450999999999991,32
6141d559ee0a3fd43fb47b8f,low_MoS2,1.0,2.0,3.0,32.12402940000014,0.3470000000000013,32
6141d5593ac25c70a5c6c8f9,low_MoS2,3.0,0.0,3.0,50.80304396000012,0.3890000000000029,32
6141d55b9cbada84a867697d,low_MoS2,0.0,3.0,3.0,-0.8324669400000744,1.8085999999999984,32
6141d55ebaaf234b35290320,low_MoS2,2.0,1.0,3.0,17.88636235000012,1.1081000000000003,32
6141d56031cf3ef3d4a9ef10,low_MoS2,2.0,1.0,3.0,41.46807918999998,0.3385000000000033,32
6141d5654e27a1844a5f01ca,low_MoS2,1.0,2.0,3.0,8.528125340000113,1.1396000000000015,32
6141d565ee0a3fd43fb47b91,low_MoS2,1.0,2.0,3.0,32.126526160000125,0.3489999999999966,32
6141d5679cbada84a867697f,low_MoS2,0.0,3.0,3.0,-0.8326138899998909,1.8089000000000013,32
6141d56cbaaf234b35290322,low_MoS2,2.0,1.0,3.0,17.813968359999983,0.9442999999999984,32
6141d5719cbada84a8676981,low_MoS2,0.0,3.0,3.0,-0.8289385299999026,1.8081000000000031,32
6141d572ee0a3fd43fb47b93,low_MoS2,1.0,2.0,3.0,32.14435356000011,0.4020999999999972,32
6141d57431cf3ef3d4a9ef12,low_MoS2,2.0,1.0,3.0,41.46044903000002,0.3780000000000001,32
6141d5773ac25c70a5c6c8fb,low_MoS2,3.0,0.0,3.0,50.80051851,0.3759000000000014,32
6141d57abaaf234b35290324,low_MoS2,2.0,1.0,3.0,17.898680389999974,1.1063000000000045,32
6141d57c4e27a1844a5f01cc,low_MoS2,1.0,2.0,3.0,8.509747910000012,1.1448999999999998,32
6141d57eee0a3fd43fb47b95,low_MoS2,1.0,2.0,3.0,32.12658265000003,0.3470000000000013,32
6141d57e9cbada84a8676983,low_MoS2,0.0,3.0,3.0,-0.8301561499999366,1.8091000000000008,32
6141d58131cf3ef3d4a9ef14,low_MoS2,2.0,1.0,3.0,41.47490001000001,0.3337999999999965,32
6141d588baaf234b35290326,low_MoS2,2.0,1.0,3.0,17.926955050000053,0.9787999999999996,32
6141d5884e27a1844a5f01ce,low_MoS2,1.0,2.0,3.0,8.505851330000066,1.142400000000002,32
6141d58aee0a3fd43fb47b97,low_MoS2,1.0,2.0,3.0,32.14688556999998,0.4040999999999997,32
6141d58a9cbada84a8676985,low_MoS2,0.0,3.0,3.0,-0.8292270799999528,1.807300000000005,32
6141d59431cf3ef3d4a9ef16,low_MoS2,2.0,1.0,3.0,41.46081818000012,0.3851000000000013,32
6141d5954e27a1844a5f01d0,low_MoS2,1.0,2.0,3.0,8.507624910000029,1.1479,32
6141d596ee0a3fd43fb47b99,low_MoS2,1.0,2.0,3.0,32.139945469999915,0.3992000000000004,32
6141d5963ac25c70a5c6c8fd,low_MoS2,3.0,0.0,3.0,50.80601743000003,0.3819999999999979,32
6141d59f9cbada84a8676987,low_MoS2,0.0,3.0,3.0,-0.8334063899998796,1.808,32
6141d5a1baaf234b35290328,low_MoS2,2.0,1.0,3.0,17.870028609999956,1.1096999999999966,32
6141d5a24e27a1844a5f01d2,low_MoS2,1.0,2.0,3.0,8.510841240000016,1.1478000000000037,32
6141d5ab31cf3ef3d4a9ef18,low_MoS2,2.0,1.0,3.0,41.42640096999999,0.4159000000000006,32
6141d5ae4e27a1844a5f01d4,low_MoS2,1.0,2.0,3.0,8.505590190000046,1.1422999999999988,32
6141d5afbaaf234b3529032a,low_MoS2,2.0,1.0,3.0,17.872804880000096,1.1013999999999982,32
6141d5b19cbada84a8676989,low_MoS2,0.0,3.0,3.0,-0.833472239999935,1.809200000000004,32
6141d5b53ac25c70a5c6c8ff,low_MoS2,3.0,0.0,3.0,50.78693319000005,0.3843999999999994,32
6141d5b931cf3ef3d4a9ef1a,low_MoS2,2.0,1.0,3.0,41.45192110000012,0.3768999999999991,32
6141d5b9ee0a3fd43fb47b9b,low_MoS2,1.0,2.0,3.0,32.12837742000009,0.3499999999999943,32
6141d5bc4e27a1844a5f01d6,low_MoS2,1.0,2.0,3.0,8.505664900000081,1.1492000000000004,32
6141d5bdbaaf234b3529032c,low_MoS2,2.0,1.0,3.0,17.867646030000053,1.1025999999999954,32
6141d5be9cbada84a867698b,low_MoS2,0.0,3.0,3.0,-0.8295903699999485,1.8068000000000024,32
6141d5c731cf3ef3d4a9ef1c,low_MoS2,2.0,1.0,3.0,41.48051409,0.4129999999999967,32
6141d5ca4e27a1844a5f01d8,low_MoS2,1.0,2.0,3.0,8.520181890000028,1.1402,32
6141d5ccbaaf234b3529032e,low_MoS2,2.0,1.0,3.0,17.859186220000076,1.0020999999999989,32
6141d5cfee0a3fd43fb47b9d,low_MoS2,1.0,2.0,3.0,32.13335039000002,0.3998000000000061,32
6141d5d431cf3ef3d4a9ef1e,low_MoS2,2.0,1.0,3.0,41.471087110000056,0.4155999999999977,32
6141d5d69cbada84a867698d,low_MoS2,0.0,3.0,3.0,-0.8296307099998899,1.8068999999999988,32
6141d5d74e27a1844a5f01da,low_MoS2,1.0,2.0,3.0,8.514798660000022,1.1462000000000003,32
6141d5da3ac25c70a5c6c901,low_MoS2,3.0,0.0,3.0,50.79179418999994,0.3729000000000013,32
6141d5dabaaf234b35290330,low_MoS2,2.0,1.0,3.0,17.864435420000056,1.1107000000000014,32
6141d5dcee0a3fd43fb47b9f,low_MoS2,1.0,2.0,3.0,32.15104341000004,0.399799999999999,32
6141d5e131cf3ef3d4a9ef20,low_MoS2,2.0,1.0,3.0,41.41937449999996,0.3635000000000019,32
6141d5e39cbada84a867698f,low_MoS2,0.0,3.0,3.0,-0.8336148799998568,1.8085999999999984,32
6141d5e54e27a1844a5f01dc,low_MoS2,1.0,2.0,3.0,8.512601619999966,1.145699999999998,32
6141d5e8ee0a3fd43fb47ba1,low_MoS2,1.0,2.0,3.0,32.06879926000009,0.3593000000000046,32
6141d5e8baaf234b35290332,low_MoS2,2.0,1.0,3.0,17.853472960000083,1.0966000000000022,32
6141d5ef31cf3ef3d4a9ef22,low_MoS2,2.0,1.0,3.0,41.45916684000004,0.3939999999999983,32
6141d5f09cbada84a8676991,low_MoS2,0.0,3.0,3.0,-0.8319816600000536,1.8098000000000027,32
6141d5f34e27a1844a5f01de,low_MoS2,1.0,2.0,3.0,8.488408610000103,1.1454000000000022,32
6141d5f6baaf234b35290334,low_MoS2,2.0,1.0,3.0,17.864913580000113,1.1015000000000017,32
6141d5fc9cbada84a8676993,low_MoS2,0.0,3.0,3.0,-0.8311288599999784,1.808300000000003,32
6141d5fd3ac25c70a5c6c903,low_MoS2,3.0,0.0,3.0,50.72015960000014,0.3114999999999952,32
6141d5fdee0a3fd43fb47ba3,low_MoS2,1.0,2.0,3.0,32.144157859999936,0.4051999999999935,32
6141d5fe31cf3ef3d4a9ef24,low_MoS2,2.0,1.0,3.0,41.46362771000004,0.3830999999999989,32
6141d6004e27a1844a5f01e0,low_MoS2,1.0,2.0,3.0,8.506294900000082,1.1450999999999991,32
6141d604baaf234b35290336,low_MoS2,2.0,1.0,3.0,17.868301490000015,1.1090000000000018,32
6141d6089cbada84a8676995,low_MoS2,0.0,3.0,3.0,-0.8289738699999702,1.8081000000000031,32
6141d60aee0a3fd43fb47ba5,low_MoS2,1.0,2.0,3.0,32.08959464999997,0.404200000000003,32
6141d60b31cf3ef3d4a9ef26,low_MoS2,2.0,1.0,3.0,41.47760102000002,0.4055999999999997,32
6141d6139cbada84a8676997,low_MoS2,0.0,3.0,3.0,-0.832176170000082,1.8081000000000031,32
6141d617ee0a3fd43fb47ba7,low_MoS2,1.0,2.0,3.0,32.125690470000094,0.347299999999997,32
6141d61831cf3ef3d4a9ef28,low_MoS2,2.0,1.0,3.0,41.47222101999997,0.3329000000000022,32
6141d6183ac25c70a5c6c905,low_MoS2,3.0,0.0,3.0,50.81853403999995,0.352800000000002,32
6141d61b4e27a1844a5f01e2,low_MoS2,1.0,2.0,3.0,8.505974120000044,1.141999999999996,32
6141d6209cbada84a8676999,low_MoS2,0.0,3.0,3.0,-0.8339830499998584,1.8072000000000017,32
6141d622baaf234b35290338,low_MoS2,2.0,1.0,3.0,17.858412830000127,1.0393999999999934,32
6141d62531cf3ef3d4a9ef2a,low_MoS2,2.0,1.0,3.0,41.448267599999966,0.3584999999999994,32
6141d62bee0a3fd43fb47ba9,low_MoS2,1.0,2.0,3.0,32.143648810000045,0.4017999999999944,32
6141d62c4e27a1844a5f01e4,low_MoS2,1.0,2.0,3.0,8.512541699999954,1.1476000000000042,32
6141d62d9cbada84a867699b,low_MoS2,0.0,3.0,3.0,-0.8329586399999585,1.8078000000000003,32
6141d63331cf3ef3d4a9ef2c,low_MoS2,2.0,1.0,3.0,41.41421032000012,0.296999999999997,32
6141d638ee0a3fd43fb47bab,low_MoS2,1.0,2.0,3.0,31.958243589999928,0.2601000000000013,32
6141d6383ac25c70a5c6c907,low_MoS2,3.0,0.0,3.0,50.82240326000002,0.3774000000000015,32
6141d6394e27a1844a5f01e6,low_MoS2,1.0,2.0,3.0,8.510492079999974,1.1447000000000005,32
6141d63a9cbada84a867699d,low_MoS2,0.0,3.0,3.0,-0.8293364299999553,1.8084999999999951,32
6141d63fbaaf234b3529033a,low_MoS2,2.0,1.0,3.0,17.903734089999936,1.1122999999999976,32
6141d64031cf3ef3d4a9ef2e,low_MoS2,2.0,1.0,3.0,41.44581987000011,0.359099999999998,32
6141d645ee0a3fd43fb47bad,low_MoS2,1.0,2.0,3.0,32.144851629999934,0.4010000000000033,32
6141d6474e27a1844a5f01e8,low_MoS2,1.0,2.0,3.0,8.510817540000087,1.1454999999999984,32
6141d6499cbada84a867699f,low_MoS2,0.0,3.0,3.0,-0.8313346199999501,1.8085999999999984,32
6141d64c31cf3ef3d4a9ef30,low_MoS2,2.0,1.0,3.0,41.43177409999994,0.375,32
6141d64ebaaf234b3529033c,low_MoS2,2.0,1.0,3.0,17.850552079999936,1.0830000000000055,32
6141d6544e27a1844a5f01ea,low_MoS2,1.0,2.0,3.0,8.534318530000089,1.1381000000000014,32
6141d656ee0a3fd43fb47baf,low_MoS2,1.0,2.0,3.0,32.15037985000002,0.4002999999999943,32
6141d6569cbada84a86769a1,low_MoS2,0.0,3.0,3.0,-0.8317415099999721,1.809199999999997,32
6141d6573ac25c70a5c6c909,low_MoS2,3.0,0.0,3.0,50.313463760000026,0.1488999999999976,32
6141d65931cf3ef3d4a9ef32,low_MoS2,2.0,1.0,3.0,41.455145390000055,0.3707999999999956,32
6141d65cbaaf234b3529033e,low_MoS2,2.0,1.0,3.0,17.81928431000005,0.9433999999999968,32
6141d6624e27a1844a5f01ec,low_MoS2,1.0,2.0,3.0,8.509192980000105,1.146100000000004,32
6141d663ee0a3fd43fb47bb1,low_MoS2,1.0,2.0,3.0,32.125599709999946,0.3490999999999999,32
6141d66bbaaf234b35290340,low_MoS2,2.0,1.0,3.0,17.86310862000004,1.1052999999999995,32
6141d66b9cbada84a86769a3,low_MoS2,0.0,3.0,3.0,-0.8313814800000614,1.809199999999997,32
6141d66d31cf3ef3d4a9ef34,low_MoS2,2.0,1.0,3.0,39.45654555000006,0.1377000000000023,32
6141d66f4e27a1844a5f01ee,low_MoS2,1.0,2.0,3.0,8.518508059999956,1.1429000000000045,32
6141d671ee0a3fd43fb47bb3,low_MoS2,1.0,2.0,3.0,32.14050420000011,0.4059999999999988,32
6141d6773ac25c70a5c6c90b,low_MoS2,3.0,0.0,3.0,50.813176629999965,0.3770999999999986,32
6141d6789cbada84a86769a5,low_MoS2,0.0,3.0,3.0,-0.8310633699999812,1.8096999999999996,32
6141d67a31cf3ef3d4a9ef36,low_MoS2,2.0,1.0,3.0,41.46305502000014,0.3834999999999979,32
6141d67cbaaf234b35290342,low_MoS2,2.0,1.0,3.0,17.886557020000048,1.1045999999999978,32
6141d67e4e27a1844a5f01f0,low_MoS2,1.0,2.0,3.0,8.513856179999973,1.1468999999999951,32
6141d6869cbada84a86769a7,low_MoS2,0.0,3.0,3.0,-0.8298222400000554,1.806600000000003,32
6141d68731cf3ef3d4a9ef38,low_MoS2,2.0,1.0,3.0,41.48948177000007,0.3466000000000022,32
6141d689ee0a3fd43fb47bb5,low_MoS2,1.0,2.0,3.0,32.14662072999998,0.4009,32
6141d68c4e27a1844a5f01f2,low_MoS2,1.0,2.0,3.0,8.512748950000084,1.1448999999999998,32
6141d6929cbada84a86769a9,low_MoS2,0.0,3.0,3.0,-0.8321693699999173,1.809200000000004,32
6141d692baaf234b35290344,low_MoS2,2.0,1.0,3.0,17.89036450999992,1.1152999999999975,32
6141d69431cf3ef3d4a9ef3a,low_MoS2,2.0,1.0,3.0,40.954802709999925,0.1504000000000047,32
6141d697ee0a3fd43fb47bb7,low_MoS2,1.0,2.0,3.0,31.952414280000077,0.2496999999999971,32
6141d6993ac25c70a5c6c90d,low_MoS2,3.0,0.0,3.0,50.81221887999997,0.3826999999999998,32
6141d69a4e27a1844a5f01f4,low_MoS2,1.0,2.0,3.0,8.511569390000002,1.1479,32
6141d6a1baaf234b35290346,low_MoS2,2.0,1.0,3.0,17.901964780000064,1.1141999999999967,32
6141d6a131cf3ef3d4a9ef3c,low_MoS2,2.0,1.0,3.0,41.48534673000013,0.4063000000000016,32
6141d6a4ee0a3fd43fb47bb9,low_MoS2,1.0,2.0,3.0,32.14545182000005,0.399799999999999,32
6141d6a84e27a1844a5f01f6,low_MoS2,1.0,2.0,3.0,8.510928160000073,1.1480999999999997,32
6141d6a99cbada84a86769ab,low_MoS2,0.0,3.0,3.0,-0.8286421499998937,1.8076000000000008,32
6141d6af31cf3ef3d4a9ef3e,low_MoS2,2.0,1.0,3.0,41.405146960000096,0.3673000000000002,32
6141d6b0baaf234b35290348,low_MoS2,2.0,1.0,3.0,17.872170450000105,1.1000999999999976,32
6141d6b63ac25c70a5c6c90f,low_MoS2,3.0,0.0,3.0,50.33050368000014,0.1570000000000035,32
6141d6b64e27a1844a5f01f8,low_MoS2,1.0,2.0,3.0,8.651095089999924,1.1638999999999982,32
6141d6bb9cbada84a86769ad,low_MoS2,0.0,3.0,3.0,-0.8311793499998998,1.808800000000005,32
6141d6bd31cf3ef3d4a9ef40,low_MoS2,2.0,1.0,3.0,41.41367071000009,0.4170000000000016,32
6141d6bfbaaf234b3529034a,low_MoS2,2.0,1.0,3.0,17.89208200999996,1.0762,32
6141d6bfee0a3fd43fb47bbb,low_MoS2,1.0,2.0,3.0,32.12712157999998,0.3515000000000015,32
6141d6c34e27a1844a5f01fa,low_MoS2,1.0,2.0,3.0,8.517857820000042,1.1424999999999983,32
6141d6c89cbada84a86769af,low_MoS2,0.0,3.0,3.0,-0.829682499999933,1.807699999999997,32
6141d6cb31cf3ef3d4a9ef42,low_MoS2,2.0,1.0,3.0,41.46190081999994,0.3822000000000045,32
6141d6ccee0a3fd43fb47bbd,low_MoS2,1.0,2.0,3.0,32.146525549999964,0.4018999999999977,32
6141d6cdbaaf234b3529034c,low_MoS2,2.0,1.0,3.0,17.976955739999987,0.7034999999999982,32
6141d6d04e27a1844a5f01fc,low_MoS2,1.0,2.0,3.0,8.515169309999944,1.1480999999999997,32
6141d6d43ac25c70a5c6c911,low_MoS2,3.0,0.0,3.0,50.75929173000001,0.3892000000000024,32
6141d6d69cbada84a86769b1,low_MoS2,0.0,3.0,3.0,-0.8325135399999795,1.8095,32
6141d6dcbaaf234b3529034e,low_MoS2,2.0,1.0,3.0,17.859366169999923,1.1060000000000016,32
6141d6dd4e27a1844a5f01fe,low_MoS2,1.0,2.0,3.0,8.529677150000023,1.136800000000001,32
6141d6e431cf3ef3d4a9ef44,low_MoS2,2.0,1.0,3.0,39.496219790000126,0.1462999999999965,32
6141d6e6ee0a3fd43fb47bbf,low_MoS2,1.0,2.0,3.0,32.150415069999994,0.4035000000000011,32
6141d6ec4e27a1844a5f0200,low_MoS2,1.0,2.0,3.0,8.504773169999932,1.1484999999999983,32
6141d6edbaaf234b35290350,low_MoS2,2.0,1.0,3.0,17.85827822999999,1.037700000000001,32
6141d6ef9cbada84a86769b3,low_MoS2,0.0,3.0,3.0,-0.8294044500000268,1.808,32
6141d6f13ac25c70a5c6c913,low_MoS2,3.0,0.0,3.0,50.798126970000034,0.3860000000000028,32
6141d6f231cf3ef3d4a9ef46,low_MoS2,2.0,1.0,3.0,41.45438665000002,0.3704999999999998,32
6141d6f3ee0a3fd43fb47bc1,low_MoS2,1.0,2.0,3.0,31.954640039999948,0.2642999999999986,32
6141d6fb4e27a1844a5f0202,low_MoS2,1.0,2.0,3.0,8.513566200000039,1.1458000000000013,32
6141d6fcbaaf234b35290352,low_MoS2,2.0,1.0,3.0,17.88615258999993,1.105800000000002,32
6141d701ee0a3fd43fb47bc3,low_MoS2,1.0,2.0,3.0,32.11276874000008,0.353200000000001,32
6141d70a31cf3ef3d4a9ef48,low_MoS2,2.0,1.0,3.0,39.496964339999934,0.1447000000000002,32
6141d70cbaaf234b35290354,low_MoS2,2.0,1.0,3.0,17.866648559999923,1.1090000000000018,32
6141d70c9cbada84a86769b5,low_MoS2,0.0,3.0,3.0,-0.832412409999904,1.809400000000004,32
6141d70f3ac25c70a5c6c915,low_MoS2,3.0,0.0,3.0,50.83500538000013,0.3930999999999969,32
6141d713ee0a3fd43fb47bc5,low_MoS2,1.0,2.0,3.0,32.08619352999993,0.4065999999999974,32
6141d7174e27a1844a5f0204,low_MoS2,1.0,2.0,3.0,8.509044189999965,1.1437999999999988,32
6141d71831cf3ef3d4a9ef4a,low_MoS2,2.0,1.0,3.0,41.4737903100001,0.4146000000000001,32
6141d71a9cbada84a86769b7,low_MoS2,0.0,3.0,3.0,-0.8318876000000159,1.8089000000000013,32
6141d71cbaaf234b35290356,low_MoS2,2.0,1.0,3.0,17.815799070000132,0.9435000000000002,32
6141d72731cf3ef3d4a9ef4c,low_MoS2,2.0,1.0,3.0,41.4416197,0.3682000000000016,32
6141d7274e27a1844a5f0206,low_MoS2,1.0,2.0,3.0,8.511951780000143,1.1469000000000025,32
6141d7289cbada84a86769b9,low_MoS2,0.0,3.0,3.0,-0.8302837999999042,1.8093999999999968,32
6141d72e3ac25c70a5c6c917,low_MoS2,3.0,0.0,3.0,48.84295901000011,0.1540999999999996,32
6141d734ee0a3fd43fb47bc7,low_MoS2,1.0,2.0,3.0,32.15139837000014,0.3992999999999966,32
6141d7349cbada84a86769bb,low_MoS2,0.0,3.0,3.0,-0.8315655700000093,1.8091000000000008,32
6141d7354e27a1844a5f0208,low_MoS2,1.0,2.0,3.0,8.510551849999981,1.1341000000000037,32
6141d73731cf3ef3d4a9ef4e,low_MoS2,2.0,1.0,3.0,41.480403799999934,0.4135999999999953,32
6141d73ebaaf234b35290358,low_MoS2,2.0,1.0,3.0,17.858571360000035,1.1126000000000005,32
6141d741ee0a3fd43fb47bc9,low_MoS2,1.0,2.0,3.0,32.14708104000009,0.4005999999999972,32
6141d7429cbada84a86769bd,low_MoS2,0.0,3.0,3.0,-0.8320062099998609,1.808399999999999,32
6141d7454e27a1844a5f020a,low_MoS2,1.0,2.0,3.0,8.503786580000021,1.1477999999999966,32
6141d74531cf3ef3d4a9ef50,low_MoS2,2.0,1.0,3.0,41.464118790000114,0.398299999999999,32
6141d74ebaaf234b3529035a,low_MoS2,2.0,1.0,3.0,17.854317750000057,1.0934000000000026,32
6141d7503ac25c70a5c6c919,low_MoS2,3.0,0.0,3.0,50.31831599000012,0.1533999999999977,32
6141d7519cbada84a86769bf,low_MoS2,0.0,3.0,3.0,-0.8322854200000052,1.8095,32
6141d75431cf3ef3d4a9ef52,low_MoS2,2.0,1.0,3.0,41.46661388999992,0.3355999999999994,32
6141d7544e27a1844a5f020c,low_MoS2,1.0,2.0,3.0,8.544889280000032,1.178599999999996,32
6141d75dee0a3fd43fb47bcb,low_MoS2,1.0,2.0,3.0,32.14422349999994,0.4016000000000019,32
6141d75f9cbada84a86769c1,low_MoS2,0.0,3.0,3.0,-0.8338504600000647,1.8071000000000053,32
6141d7604e27a1844a5f020e,low_MoS2,1.0,2.0,3.0,8.507498819999935,1.147200000000005,32
6141d76231cf3ef3d4a9ef54,low_MoS2,2.0,1.0,3.0,41.370613360000064,0.2998000000000047,32
6141d76bee0a3fd43fb47bcd,low_MoS2,1.0,2.0,3.0,32.127992530000014,0.3725999999999985,32
6141d76dbaaf234b3529035c,low_MoS2,2.0,1.0,3.0,17.861014730000072,1.1105000000000018,32
6141d76f31cf3ef3d4a9ef56,low_MoS2,2.0,1.0,3.0,41.45569622000012,0.3693999999999988,32
6141d76f3ac25c70a5c6c91b,low_MoS2,3.0,0.0,3.0,48.83516350999995,0.1617999999999995,32
6141d7789cbada84a86769c3,low_MoS2,0.0,3.0,3.0,-0.8316125900000202,1.809199999999997,32
6141d77cbaaf234b3529035e,low_MoS2,2.0,1.0,3.0,17.86399169000014,1.1026000000000025,32
6141d77d31cf3ef3d4a9ef58,low_MoS2,2.0,1.0,3.0,41.48043473000003,0.4120999999999952,32
6141d77d4e27a1844a5f0210,low_MoS2,1.0,2.0,3.0,8.502570359999961,1.1469999999999985,32
6141d782ee0a3fd43fb47bcf,low_MoS2,1.0,2.0,3.0,32.08557526999992,0.406099999999995,32
6141d7879cbada84a86769c5,low_MoS2,0.0,3.0,3.0,-0.8302088800000433,1.809199999999997,32
6141d78b31cf3ef3d4a9ef5a,low_MoS2,2.0,1.0,3.0,40.97392177000002,0.1550999999999973,32
6141d78cbaaf234b35290360,low_MoS2,2.0,1.0,3.0,17.853078549999957,1.0823999999999998,32
6141d790ee0a3fd43fb47bd1,low_MoS2,1.0,2.0,3.0,31.95856786000012,0.2640999999999991,32
6141d7903ac25c70a5c6c91d,low_MoS2,3.0,0.0,3.0,50.77513766000008,0.3853999999999971,32
6141d7944e27a1844a5f0212,low_MoS2,1.0,2.0,3.0,8.503811370000019,1.1509999999999962,32
6141d7959cbada84a86769c7,low_MoS2,0.0,3.0,3.0,-0.8306789699999513,1.8078000000000003,32
6141d79a31cf3ef3d4a9ef5c,low_MoS2,2.0,1.0,3.0,40.975268639999925,0.1573999999999955,32
6141d79dbaaf234b35290362,low_MoS2,2.0,1.0,3.0,17.9292546900001,0.6533000000000015,32
6141d79dee0a3fd43fb47bd3,low_MoS2,1.0,2.0,3.0,32.12178184999992,0.3760000000000048,32
6141d7a24e27a1844a5f0214,low_MoS2,1.0,2.0,3.0,8.514702940000031,1.1447000000000005,32
6141d7a99cbada84a86769c9,low_MoS2,0.0,3.0,3.0,-0.8328616499999839,1.8063999999999965,32
6141d7abee0a3fd43fb47bd5,low_MoS2,1.0,2.0,3.0,32.14601493000008,0.4027000000000029,32
6141d7adbaaf234b35290364,low_MoS2,2.0,1.0,3.0,17.85806630000001,1.038800000000002,32
6141d7af4e27a1844a5f0216,low_MoS2,1.0,2.0,3.0,8.547308570000066,1.1306000000000012,32
6141d7af3ac25c70a5c6c91f,low_MoS2,3.0,0.0,3.0,50.76991353000009,0.3840000000000003,32
6141d7b79cbada84a86769cb,low_MoS2,0.0,3.0,3.0,-0.8312470999998709,1.8088999999999944,32
6141d7b731cf3ef3d4a9ef5e,low_MoS2,2.0,1.0,3.0,41.42235498999999,0.3826000000000036,32
6141d7bdbaaf234b35290366,low_MoS2,2.0,1.0,3.0,17.863664480000118,1.106099999999998,32
6141d7c0ee0a3fd43fb47bd7,low_MoS2,1.0,2.0,3.0,32.147248230000045,0.403100000000002,32
6141d7c59cbada84a86769cd,low_MoS2,0.0,3.0,3.0,-0.8332510699999034,1.808,32
6141d7c54e27a1844a5f0218,low_MoS2,1.0,2.0,3.0,8.513189889999946,1.1474000000000046,32
6141d7c631cf3ef3d4a9ef60,low_MoS2,2.0,1.0,3.0,40.97265918000012,0.1559999999999988,32
6141d7cdbaaf234b35290368,low_MoS2,2.0,1.0,3.0,17.88553984999998,1.1006,32
6141d7ceee0a3fd43fb47bd9,low_MoS2,1.0,2.0,3.0,32.14244525999992,0.4014000000000024,32
6141d7d24e27a1844a5f021a,low_MoS2,1.0,2.0,3.0,8.535343980000132,1.1372,32
6141d7d49cbada84a86769cf,low_MoS2,0.0,3.0,3.0,-0.833709160000069,1.808099999999996,32
6141d7d531cf3ef3d4a9ef62,low_MoS2,2.0,1.0,3.0,41.45190176000001,0.3734999999999999,32
6141d7dcee0a3fd43fb47bdb,low_MoS2,1.0,2.0,3.0,32.125900290000104,0.3504000000000005,32
6141d7ddbaaf234b3529036a,low_MoS2,2.0,1.0,3.0,17.853248659999956,1.094799999999999,32
6141d7de3ac25c70a5c6c921,low_MoS2,3.0,0.0,3.0,50.83289505000008,0.4237999999999999,32
6141d7e04e27a1844a5f021c,low_MoS2,1.0,2.0,3.0,8.512953510000013,1.1444999999999936,32
6141d7e431cf3ef3d4a9ef64,low_MoS2,2.0,1.0,3.0,39.494857390000064,0.1524000000000001,32
6141d7eaee0a3fd43fb47bdd,low_MoS2,1.0,2.0,3.0,32.14534238000009,0.4039000000000001,32
6141d7ed4e27a1844a5f021e,low_MoS2,1.0,2.0,3.0,8.531646610000077,1.147199999999998,32
6141d7edbaaf234b3529036c,low_MoS2,2.0,1.0,3.0,17.88484532000006,0.9592999999999988,32
6141d7f29cbada84a86769d1,low_MoS2,0.0,3.0,3.0,-0.8327374899999427,1.8095,32
6141d7fa4e27a1844a5f0220,low_MoS2,1.0,2.0,3.0,8.509446419999929,1.1465999999999994,32
6141d7fa31cf3ef3d4a9ef66,low_MoS2,2.0,1.0,3.0,39.49858917000002,0.1515999999999948,32
6141d8009cbada84a86769d3,low_MoS2,0.0,3.0,3.0,-0.832380179999916,1.8093000000000004,32
6141d8084e27a1844a5f0222,low_MoS2,1.0,2.0,3.0,8.50284800000011,1.1469999999999985,32
6141d80831cf3ef3d4a9ef68,low_MoS2,2.0,1.0,3.0,41.48455082999995,0.4119000000000028,32
6141d809baaf234b3529036e,low_MoS2,2.0,1.0,3.0,17.861544130000077,1.1062000000000012,32
6141d809ee0a3fd43fb47bdf,low_MoS2,1.0,2.0,3.0,31.95027627000012,0.2629000000000019,32
6141d80a3ac25c70a5c6c923,low_MoS2,3.0,0.0,3.0,50.82170635000004,0.4162999999999996,32
6141d818ee0a3fd43fb47be1,low_MoS2,1.0,2.0,3.0,32.12523064000014,0.3752999999999957,32
6141d819baaf234b35290370,low_MoS2,2.0,1.0,3.0,17.870862310000113,1.100200000000001,32
6141d81931cf3ef3d4a9ef6a,low_MoS2,2.0,1.0,3.0,40.97818279999997,0.1534999999999939,32
6141d81a9cbada84a86769d5,low_MoS2,0.0,3.0,3.0,-0.8296870300000023,1.8091000000000008,32
6141d8224e27a1844a5f0224,low_MoS2,1.0,2.0,3.0,8.503433509999947,1.145699999999998,32
6141d829baaf234b35290372,low_MoS2,2.0,1.0,3.0,17.86458951000008,1.1056999999999988,32
6141d8299cbada84a86769d7,low_MoS2,0.0,3.0,3.0,-0.8298081600000273,1.808399999999999,32
6141d82eee0a3fd43fb47be3,low_MoS2,1.0,2.0,3.0,32.11698417000001,0.3840000000000003,32
6141d82f4e27a1844a5f0226,low_MoS2,1.0,2.0,3.0,8.513056369999983,1.1477000000000004,32
6141d8303ac25c70a5c6c925,low_MoS2,3.0,0.0,3.0,48.795421599999976,0.1807999999999978,32
6141d83331cf3ef3d4a9ef6c,low_MoS2,2.0,1.0,3.0,41.42713918,0.3791000000000011,32
6141d8369cbada84a86769d9,low_MoS2,0.0,3.0,3.0,-0.8287506399998961,1.8085999999999984,32
6141d83cee0a3fd43fb47be5,low_MoS2,1.0,2.0,3.0,32.12613798000005,0.3500000000000014,32
6141d83c4e27a1844a5f0228,low_MoS2,1.0,2.0,3.0,8.532114290000006,1.1381999999999977,32
6141d84231cf3ef3d4a9ef6e,low_MoS2,2.0,1.0,3.0,41.488721319999925,0.4100000000000037,32
6141d8439cbada84a86769db,low_MoS2,0.0,3.0,3.0,-0.8323160599999824,1.8100999999999985,32
6141d84a4e27a1844a5f022a,low_MoS2,1.0,2.0,3.0,8.501402430000123,1.1492999999999969,32
6141d85131cf3ef3d4a9ef70,low_MoS2,2.0,1.0,3.0,41.467934350000135,0.3365000000000009,32
6141d853ee0a3fd43fb47be7,low_MoS2,1.0,2.0,3.0,32.08731942000007,0.4040999999999997,32
6141d854baaf234b35290374,low_MoS2,2.0,1.0,3.0,17.90458095999997,1.1163000000000023,32
6141d8563ac25c70a5c6c927,low_MoS2,3.0,0.0,3.0,50.3001512,0.1478999999999999,32
6141d8584e27a1844a5f022c,low_MoS2,1.0,2.0,3.0,8.524670049999965,1.1417000000000002,32
6141d85b9cbada84a86769dd,low_MoS2,0.0,3.0,3.0,-0.8054383599998687,1.8070000000000024,32
6141d86131cf3ef3d4a9ef72,low_MoS2,2.0,1.0,3.0,41.45931517999993,0.3704999999999998,32
6141d864baaf234b35290376,low_MoS2,2.0,1.0,3.0,17.896204590000018,1.1270999999999989,32
6141d8654e27a1844a5f022e,low_MoS2,1.0,2.0,3.0,8.507169640000054,1.143500000000003,32
6141d86eee0a3fd43fb47be9,low_MoS2,1.0,2.0,3.0,32.09046398000008,0.4044999999999987,32
6141d87031cf3ef3d4a9ef74,low_MoS2,2.0,1.0,3.0,41.48591518000008,0.4050000000000011,32
6141d8724e27a1844a5f0230,low_MoS2,1.0,2.0,3.0,8.494129230000024,1.1377999999999986,32
6141d879baaf234b35290378,low_MoS2,2.0,1.0,3.0,17.85881276999998,1.1073000000000022,32
6141d87c9cbada84a86769df,low_MoS2,0.0,3.0,3.0,-0.8294482099999527,1.8081000000000031,32
6141d87d3ac25c70a5c6c929,low_MoS2,3.0,0.0,3.0,50.837597650000056,0.3410999999999973,32
6141d88031cf3ef3d4a9ef76,low_MoS2,2.0,1.0,3.0,40.92520424000004,0.135399999999997,32
6141d8804e27a1844a5f0232,low_MoS2,1.0,2.0,3.0,8.504635459999943,1.1475000000000009,32
6141d889baaf234b3529037a,low_MoS2,2.0,1.0,3.0,17.887400690000042,0.9596000000000018,32
6141d88b9cbada84a86769e1,low_MoS2,0.0,3.0,3.0,-0.8323251599999253,1.809199999999997,32
6141d88bee0a3fd43fb47beb,low_MoS2,1.0,2.0,3.0,32.12881753000009,0.4049000000000049,32
6141d88d4e27a1844a5f0234,low_MoS2,1.0,2.0,3.0,8.510118129999935,1.1439999999999984,32
6141d88f31cf3ef3d4a9ef78,low_MoS2,2.0,1.0,3.0,41.45645787999997,0.3772999999999982,32
6141d89aee0a3fd43fb47bed,low_MoS2,1.0,2.0,3.0,32.145346300000014,0.4048000000000016,32
6141d89d31cf3ef3d4a9ef7a,low_MoS2,2.0,1.0,3.0,41.43148347999996,0.386499999999998,32
6141d8a44e27a1844a5f0236,low_MoS2,1.0,2.0,3.0,8.513467179999932,1.1477999999999966,32
6141d8a59cbada84a86769e3,low_MoS2,0.0,3.0,3.0,-0.83242829999989,1.809899999999999,32
6141d8ab31cf3ef3d4a9ef7c,low_MoS2,2.0,1.0,3.0,41.47651923000008,0.4012999999999991,32
6141d8b24e27a1844a5f0238,low_MoS2,1.0,2.0,3.0,8.51092650000012,1.145699999999998,32
6141d8b5baaf234b3529037c,low_MoS2,2.0,1.0,3.0,17.871264690000082,1.107999999999997,32
6141d8ba31cf3ef3d4a9ef7e,low_MoS2,2.0,1.0,3.0,41.46599142999999,0.4162000000000034,32
6141d8beee0a3fd43fb47bef,low_MoS2,1.0,2.0,3.0,32.148213919999975,0.3999999999999986,32
6141d8c34e27a1844a5f023a,low_MoS2,1.0,2.0,3.0,8.512486760000026,1.146499999999996,32
6141d8c39cbada84a86769e5,low_MoS2,0.0,3.0,3.0,-0.8324182499999893,1.809199999999997,32
6141d8c43ac25c70a5c6c92b,low_MoS2,3.0,0.0,3.0,50.31922124999998,0.1572000000000031,32
6141d8c5baaf234b3529037e,low_MoS2,2.0,1.0,3.0,17.865560149999958,1.104300000000002,32
6141d8ca31cf3ef3d4a9ef80,low_MoS2,2.0,1.0,3.0,41.461996370000136,0.3700000000000045,32
6141d8cdee0a3fd43fb47bf1,low_MoS2,1.0,2.0,3.0,31.956392250000125,0.2622,32
6141d8d14e27a1844a5f023c,low_MoS2,1.0,2.0,3.0,8.505339569999958,1.1426999999999978,32
6141d8d39cbada84a86769e7,low_MoS2,0.0,3.0,3.0,-0.8325845500000355,1.8091000000000008,32
6141d8d6baaf234b35290380,low_MoS2,2.0,1.0,3.0,17.895047620000007,1.1156000000000006,32
6141d8da31cf3ef3d4a9ef82,low_MoS2,2.0,1.0,3.0,41.48754651999998,0.4114000000000004,32
6141d8dcee0a3fd43fb47bf3,low_MoS2,1.0,2.0,3.0,32.15154583000002,0.402000000000001,32
6141d8e04e27a1844a5f023e,low_MoS2,1.0,2.0,3.0,8.510010050000144,1.1437000000000026,32
6141d8e29cbada84a86769e9,low_MoS2,0.0,3.0,3.0,-0.8228937799999017,1.8057000000000016,32
6141d8e63ac25c70a5c6c92d,low_MoS2,3.0,0.0,3.0,50.80789023999993,0.3421999999999983,32
6141d8ea31cf3ef3d4a9ef84,low_MoS2,2.0,1.0,3.0,41.46146025999992,0.3553999999999959,32
6141d8ed4e27a1844a5f0240,low_MoS2,1.0,2.0,3.0,8.533670560000044,1.1369000000000042,32
6141d8f59cbada84a86769eb,low_MoS2,0.0,3.0,3.0,-0.8323153799998977,1.8093000000000004,32
6141d8f9ee0a3fd43fb47bf5,low_MoS2,1.0,2.0,3.0,32.09071876000006,0.4039000000000001,32
6141d8fa31cf3ef3d4a9ef86,low_MoS2,2.0,1.0,3.0,41.47327553999999,0.3930000000000007,32
6141d8fbbaaf234b35290382,low_MoS2,2.0,1.0,3.0,17.863647240000084,1.1122000000000014,32
6141d9059cbada84a86769ed,low_MoS2,0.0,3.0,3.0,-0.8289051099999938,1.8075000000000043,32
6141d9073ac25c70a5c6c92f,low_MoS2,3.0,0.0,3.0,50.85889334000005,0.1794999999999973,32
6141d908ee0a3fd43fb47bf7,low_MoS2,1.0,2.0,3.0,32.12268923000009,0.3486000000000047,32
6141d90cbaaf234b35290384,low_MoS2,2.0,1.0,3.0,17.885348929999957,1.0996000000000024,32
6141d9124e27a1844a5f0242,low_MoS2,1.0,2.0,3.0,8.534336380000038,1.1366999999999976,32
6141d9169cbada84a86769ef,low_MoS2,0.0,3.0,3.0,-0.8314813700000627,1.8089000000000013,32
6141d917ee0a3fd43fb47bf9,low_MoS2,1.0,2.0,3.0,32.149657420000025,0.3995999999999995,32
6141d91ebaaf234b35290386,low_MoS2,2.0,1.0,3.0,17.858978669999935,1.092400000000005,32
6141d9204e27a1844a5f0244,low_MoS2,1.0,2.0,3.0,8.512848350000038,1.1463000000000036,32
6141d92131cf3ef3d4a9ef88,low_MoS2,2.0,1.0,3.0,41.483830399999945,0.4106999999999985,32
6141d9259cbada84a86769f1,low_MoS2,0.0,3.0,3.0,-0.8223515300000486,1.8063999999999965,32
6141d92a3ac25c70a5c6c931,low_MoS2,3.0,0.0,3.0,50.814266109999984,0.3382999999999967,32
6141d92fbaaf234b35290388,low_MoS2,2.0,1.0,3.0,17.873029480000007,1.101300000000002,32
6141d92fee0a3fd43fb47bfb,low_MoS2,1.0,2.0,3.0,32.13662721000013,0.4013999999999953,32
6141d93131cf3ef3d4a9ef8a,low_MoS2,2.0,1.0,3.0,41.4568626100001,0.3830000000000026,32
6141d9369cbada84a86769f3,low_MoS2,0.0,3.0,3.0,-0.83266486999986,1.810299999999998,32
6141d93eee0a3fd43fb47bfd,low_MoS2,1.0,2.0,3.0,32.139222199999935,0.4037999999999968,32
6141d93f31cf3ef3d4a9ef8c,low_MoS2,2.0,1.0,3.0,41.45756845000001,0.3864000000000018,32
6141d940baaf234b3529038a,low_MoS2,2.0,1.0,3.0,17.856759369999956,1.0015999999999965,32
6141d9474e27a1844a5f0246,low_MoS2,1.0,2.0,3.0,8.504497769999968,1.1489000000000047,32
6141d94c3ac25c70a5c6c933,low_MoS2,3.0,0.0,3.0,50.78781091000011,0.4200000000000017,32
6141d94dee0a3fd43fb47bff,low_MoS2,1.0,2.0,3.0,31.966937760000054,0.2668999999999997,32
6141d951baaf234b3529038c,low_MoS2,2.0,1.0,3.0,17.86470408000013,1.1058999999999983,32
6141d9569cbada84a86769f5,low_MoS2,0.0,3.0,3.0,-0.8330934499999216,1.809899999999999,32
6141d9564e27a1844a5f0248,low_MoS2,1.0,2.0,3.0,8.509423360000053,1.1454000000000022,32
6141d95d31cf3ef3d4a9ef8e,low_MoS2,2.0,1.0,3.0,41.460649179999976,0.3560000000000016,32
6141d962baaf234b3529038e,low_MoS2,2.0,1.0,3.0,17.84992729000009,1.0837000000000003,32
6141d9649cbada84a86769f7,low_MoS2,0.0,3.0,3.0,-0.8040794299999448,1.808,32
6141d9654e27a1844a5f024a,low_MoS2,1.0,2.0,3.0,8.514541280000028,1.146100000000004,32
6141d966ee0a3fd43fb47c01,low_MoS2,1.0,2.0,3.0,32.08462862000009,0.4054999999999964,32
6141d96d31cf3ef3d4a9ef90,low_MoS2,2.0,1.0,3.0,41.46118296999994,0.3840000000000003,32
6141d96e3ac25c70a5c6c935,low_MoS2,3.0,0.0,3.0,50.79363424,0.3604000000000056,32
6141d9744e27a1844a5f024c,low_MoS2,1.0,2.0,3.0,8.503247820000094,1.1471000000000018,32
6141d9749cbada84a86769f9,low_MoS2,0.0,3.0,3.0,-0.8342261899999244,1.807300000000005,32
6141d97dbaaf234b35290390,low_MoS2,2.0,1.0,3.0,17.859294800000036,1.1062000000000012,32
6141d97d31cf3ef3d4a9ef92,low_MoS2,2.0,1.0,3.0,41.28236219000014,0.2710000000000008,32
6141d9839cbada84a86769fb,low_MoS2,0.0,3.0,3.0,-0.8058278999998834,1.8068999999999988,32
6141d9874e27a1844a5f024e,low_MoS2,1.0,2.0,3.0,8.504147549999995,1.1480000000000032,32
6141d98c31cf3ef3d4a9ef94,low_MoS2,2.0,1.0,3.0,41.44581299000011,0.3566999999999964,32
6141d98ebaaf234b35290392,low_MoS2,2.0,1.0,3.0,17.851128310000142,1.0948999999999955,32
6141d9939cbada84a86769fd,low_MoS2,0.0,3.0,3.0,-0.8300808099999699,1.8074000000000008,32
6141d994ee0a3fd43fb47c03,low_MoS2,1.0,2.0,3.0,32.150895160000104,0.398699999999998,32
6141d9954e27a1844a5f0250,low_MoS2,1.0,2.0,3.0,8.504511570000002,1.146100000000004,32
6141d99d31cf3ef3d4a9ef96,low_MoS2,2.0,1.0,3.0,41.46105793000011,0.3237999999999985,32
6141d99fbaaf234b35290394,low_MoS2,2.0,1.0,3.0,17.845938890000063,1.0835000000000008,32
6141d9a39cbada84a86769ff,low_MoS2,0.0,3.0,3.0,-0.8342303999999672,1.8074000000000008,32
6141d9a3ee0a3fd43fb47c05,low_MoS2,1.0,2.0,3.0,32.090313560000126,0.4042999999999992,32
6141d9a34e27a1844a5f0252,low_MoS2,1.0,2.0,3.0,8.507075440000133,1.147599999999997,32
6141d9ab3ac25c70a5c6c937,low_MoS2,3.0,0.0,3.0,50.77338223999997,0.3980999999999994,32
6141d9ad31cf3ef3d4a9ef98,low_MoS2,2.0,1.0,3.0,41.41851863000007,0.4166000000000025,32
6141d9b1baaf234b35290396,low_MoS2,2.0,1.0,3.0,17.86573264999992,1.1113,32
6141d9b14e27a1844a5f0254,low_MoS2,1.0,2.0,3.0,8.53133453000012,1.1388999999999996,32
6141d9b3ee0a3fd43fb47c07,low_MoS2,1.0,2.0,3.0,32.15766751,0.4040000000000034,32
6141d9c04e27a1844a5f0256,low_MoS2,1.0,2.0,3.0,8.511319819999951,1.1460000000000008,32
6141d9c2ee0a3fd43fb47c09,low_MoS2,1.0,2.0,3.0,32.14580281000006,0.4027000000000029,32
6141d9c9baaf234b35290398,low_MoS2,2.0,1.0,3.0,17.87402091000012,0.960799999999999,32
6141d9ca9cbada84a8676a01,low_MoS2,0.0,3.0,3.0,-0.8327015799999913,1.8100999999999985,32
6141d9ce4e27a1844a5f0258,low_MoS2,1.0,2.0,3.0,8.528887369999918,1.1387,32
6141d9d1ee0a3fd43fb47c0b,low_MoS2,1.0,2.0,3.0,32.12209258000006,0.368700000000004,32
6141d9d33ac25c70a5c6c939,low_MoS2,3.0,0.0,3.0,50.90282214999994,0.1692999999999997,32
6141d9da31cf3ef3d4a9ef9a,low_MoS2,2.0,1.0,3.0,41.29648205999997,0.2646000000000015,32
6141d9dabaaf234b3529039a,low_MoS2,2.0,1.0,3.0,17.84954134000008,1.001100000000001,32
6141d9da9cbada84a8676a03,low_MoS2,0.0,3.0,3.0,-0.8313185300000328,1.8084999999999951,32
6141d9dc4e27a1844a5f025a,low_MoS2,1.0,2.0,3.0,8.518735939999967,1.1448000000000036,32
6141d9e1ee0a3fd43fb47c0d,low_MoS2,1.0,2.0,3.0,32.15145652,0.4056999999999959,32
6141d9eb31cf3ef3d4a9ef9c,low_MoS2,2.0,1.0,3.0,41.46844483000014,0.3237999999999985,32
6141d9ebbaaf234b3529039c,low_MoS2,2.0,1.0,3.0,17.867092760000098,1.1113999999999962,32
6141d9f1ee0a3fd43fb47c0f,low_MoS2,1.0,2.0,3.0,32.14288692000012,0.4029000000000025,32
6141d9f64e27a1844a5f025c,low_MoS2,1.0,2.0,3.0,8.510147120000081,1.1456000000000015,32
6141d9fa9cbada84a8676a05,low_MoS2,0.0,3.0,3.0,-0.8325791899998762,1.8100000000000025,32
6141d9fc3ac25c70a5c6c93b,low_MoS2,3.0,0.0,3.0,48.81568794000001,0.2069000000000045,32
6141d9fd31cf3ef3d4a9ef9e,low_MoS2,2.0,1.0,3.0,41.44474381999994,0.3826999999999998,32
6141d9fdbaaf234b3529039e,low_MoS2,2.0,1.0,3.0,17.900070550000002,1.1200000000000043,32
6141da00ee0a3fd43fb47c11,low_MoS2,1.0,2.0,3.0,32.125900920000035,0.3494000000000028,32
6141da044e27a1844a5f025e,low_MoS2,1.0,2.0,3.0,8.516593240000045,1.1433999999999995,32
6141da0e31cf3ef3d4a9efa0,low_MoS2,2.0,1.0,3.0,41.45754720000009,0.3817000000000021,32
6141da0fbaaf234b352903a0,low_MoS2,2.0,1.0,3.0,17.89816758999995,1.118300000000005,32
6141da119cbada84a8676a07,low_MoS2,0.0,3.0,3.0,-0.8314953599999058,1.808799999999998,32
6141da134e27a1844a5f0260,low_MoS2,1.0,2.0,3.0,8.533028360000142,1.1400000000000006,32
6141da1aee0a3fd43fb47c13,low_MoS2,1.0,2.0,3.0,32.147418080000065,0.4011999999999958,32
6141da1f31cf3ef3d4a9efa2,low_MoS2,2.0,1.0,3.0,41.45331056999994,0.3966999999999956,32
6141da209cbada84a8676a09,low_MoS2,0.0,3.0,3.0,-0.8320049599998924,1.8091000000000008,32
6141da20baaf234b352903a2,low_MoS2,2.0,1.0,3.0,17.86793510000006,0.997399999999999,32
6141da203ac25c70a5c6c93d,low_MoS2,3.0,0.0,3.0,50.82327137000008,0.3846999999999951,32
6141da224e27a1844a5f0262,low_MoS2,1.0,2.0,3.0,8.506291740000076,1.1480999999999997,32
6141da2f31cf3ef3d4a9efa4,low_MoS2,2.0,1.0,3.0,41.47896834000012,0.4149999999999991,32
6141da2f9cbada84a8676a0b,low_MoS2,0.0,3.0,3.0,-0.8046466600000599,1.808,32
6141da30ee0a3fd43fb47c15,low_MoS2,1.0,2.0,3.0,32.154291199999975,0.403100000000002,32
6141da304e27a1844a5f0264,low_MoS2,1.0,2.0,3.0,8.510668809999995,1.1469999999999985,32
6141da32baaf234b352903a4,low_MoS2,2.0,1.0,3.0,17.869002910000056,1.109499999999997,32
6141da3f4e27a1844a5f0266,low_MoS2,1.0,2.0,3.0,8.547918290000123,1.1773000000000025,32
6141da3fee0a3fd43fb47c17,low_MoS2,1.0,2.0,3.0,32.09143575999995,0.4045000000000058,32
6141da4031cf3ef3d4a9efa6,low_MoS2,2.0,1.0,3.0,41.46306610999996,0.3641999999999967,32
6141da4e4e27a1844a5f0268,low_MoS2,1.0,2.0,3.0,8.505414020000014,1.1458999999999977,32
6141da4e31cf3ef3d4a9efa8,low_MoS2,2.0,1.0,3.0,41.46173930000005,0.3643,32
6141da4f3ac25c70a5c6c93f,low_MoS2,3.0,0.0,3.0,50.70598353000006,0.4272999999999953,32
6141da51ee0a3fd43fb47c19,low_MoS2,1.0,2.0,3.0,32.121591260000045,0.3536000000000001,32
6141da52baaf234b352903a6,low_MoS2,2.0,1.0,3.0,17.860355850000126,1.0829000000000022,32
6141da559cbada84a8676a0d,low_MoS2,0.0,3.0,3.0,-0.8337450799999147,1.8074000000000008,32
6141da5d4e27a1844a5f026a,low_MoS2,1.0,2.0,3.0,8.50609975,1.1460000000000008,32
6141da5f31cf3ef3d4a9efaa,low_MoS2,2.0,1.0,3.0,41.45677661999999,0.4026999999999958,32
6141da61ee0a3fd43fb47c1b,low_MoS2,1.0,2.0,3.0,32.123174520000006,0.3521000000000001,32
6141da63baaf234b352903a8,low_MoS2,2.0,1.0,3.0,17.85158840999997,1.0837999999999963,32
6141da659cbada84a8676a0f,low_MoS2,0.0,3.0,3.0,-0.8294871800000578,1.808399999999999,32
6141da6c4e27a1844a5f026c,low_MoS2,1.0,2.0,3.0,8.51471990000007,1.145300000000006,32
6141da7031cf3ef3d4a9efac,low_MoS2,2.0,1.0,3.0,41.447181060000005,0.3579000000000008,32
6141da71ee0a3fd43fb47c1d,low_MoS2,1.0,2.0,3.0,32.115896649999954,0.3344999999999984,32
6141da759cbada84a8676a11,low_MoS2,0.0,3.0,3.0,-0.8312519000000407,1.809799999999996,32
6141da75baaf234b352903aa,low_MoS2,2.0,1.0,3.0,17.870662629999963,1.1086000000000027,32
6141da753ac25c70a5c6c941,low_MoS2,3.0,0.0,3.0,50.803557659999946,0.3485999999999976,32
6141da82ee0a3fd43fb47c1f,low_MoS2,1.0,2.0,3.0,32.12320636999992,0.3507999999999995,32
6141da894e27a1844a5f026e,low_MoS2,1.0,2.0,3.0,8.506056780000133,1.142400000000002,32
6141da8a31cf3ef3d4a9efae,low_MoS2,2.0,1.0,3.0,41.48444815000012,0.4057999999999993,32
6141da93ee0a3fd43fb47c21,low_MoS2,1.0,2.0,3.0,32.07669792,0.3576999999999941,32
6141da95baaf234b352903ac,low_MoS2,2.0,1.0,3.0,17.855720310000144,1.0943999999999932,32
6141da984e27a1844a5f0270,low_MoS2,1.0,2.0,3.0,8.513761019999972,1.1458000000000013,32
6141da9931cf3ef3d4a9efb0,low_MoS2,2.0,1.0,3.0,41.42533805000012,0.3813000000000031,32
6141da9e9cbada84a8676a13,low_MoS2,0.0,3.0,3.0,-0.8327401700000223,1.8076000000000008,32
6141daa64e27a1844a5f0272,low_MoS2,1.0,2.0,3.0,8.514574710000058,1.1445000000000007,32
6141daa7baaf234b352903ae,low_MoS2,2.0,1.0,3.0,17.90043448000005,1.1147999999999954,32
6141daa9ee0a3fd43fb47c23,low_MoS2,1.0,2.0,3.0,32.04264938999994,0.4040999999999997,32
6141daaa31cf3ef3d4a9efb2,low_MoS2,2.0,1.0,3.0,41.46113473999999,0.3836000000000013,32
6141daae9cbada84a8676a15,low_MoS2,0.0,3.0,3.0,-0.8342025900000749,1.8076000000000008,32
6141dab54e27a1844a5f0274,low_MoS2,1.0,2.0,3.0,8.505256570000054,1.143000000000001,32
6141dab9ee0a3fd43fb47c25,low_MoS2,1.0,2.0,3.0,31.87044734999994,0.2501999999999995,32
6141dab9baaf234b352903b0,low_MoS2,2.0,1.0,3.0,17.865983659999976,1.1043999999999985,32
6141dabb3ac25c70a5c6c943,low_MoS2,3.0,0.0,3.0,50.81023180000003,0.3419999999999987,32
6141dabb31cf3ef3d4a9efb4,low_MoS2,2.0,1.0,3.0,41.46203692000013,0.3933999999999997,32
6141dabe9cbada84a8676a17,low_MoS2,0.0,3.0,3.0,-0.8308017799999448,1.8070999999999984,32
6141dac54e27a1844a5f0276,low_MoS2,1.0,2.0,3.0,8.506254229999993,1.1454999999999984,32
6141dac9ee0a3fd43fb47c27,low_MoS2,1.0,2.0,3.0,32.151326280000134,0.4055999999999997,32
6141dacbbaaf234b352903b2,low_MoS2,2.0,1.0,3.0,17.875767680000074,1.0915999999999997,32
6141dacc31cf3ef3d4a9efb6,low_MoS2,2.0,1.0,3.0,40.90575393000013,0.1582000000000007,32
6141dad44e27a1844a5f0278,low_MoS2,1.0,2.0,3.0,8.536671229999936,1.1407999999999987,32
6141dad59cbada84a8676a19,low_MoS2,0.0,3.0,3.0,-0.8317561999999157,1.806600000000003,32
6141dad9ee0a3fd43fb47c29,low_MoS2,1.0,2.0,3.0,32.1314100500001,0.3980000000000032,32
6141dadc31cf3ef3d4a9efb8,low_MoS2,2.0,1.0,3.0,41.46290921000009,0.4172999999999973,32
6141dae13ac25c70a5c6c945,low_MoS2,3.0,0.0,3.0,50.40464424000008,0.2539000000000015,32
6141dae59cbada84a8676a1b,low_MoS2,0.0,3.0,3.0,-0.8325860100000568,1.809400000000004,32
6141dae9ee0a3fd43fb47c2b,low_MoS2,1.0,2.0,3.0,32.14261320000013,0.4054000000000002,32
6141daed31cf3ef3d4a9efba,low_MoS2,2.0,1.0,3.0,41.39698738000011,0.3883999999999972,32
6141daf59cbada84a8676a1d,low_MoS2,0.0,3.0,3.0,-0.833298769999999,1.8066999999999995,32
6141dafaee0a3fd43fb47c2d,low_MoS2,1.0,2.0,3.0,32.130305410000105,0.4005999999999972,32
6141dafb4e27a1844a5f027a,low_MoS2,1.0,2.0,3.0,8.513899419999941,1.1465999999999994,32
6141dafe31cf3ef3d4a9efbc,low_MoS2,2.0,1.0,3.0,41.45284325000007,0.4124000000000052,32
6141db069cbada84a8676a1f,low_MoS2,0.0,3.0,3.0,-0.8316976599998611,1.8091000000000008,32
6141db0aee0a3fd43fb47c2f,low_MoS2,1.0,2.0,3.0,32.146275560000035,0.4012999999999991,32
6141db0a4e27a1844a5f027c,low_MoS2,1.0,2.0,3.0,8.509870750000143,1.146099999999997,32
6141db1031cf3ef3d4a9efbe,low_MoS2,2.0,1.0,3.0,41.42804773999997,0.375,32
6141db179cbada84a8676a21,low_MoS2,0.0,3.0,3.0,-0.8311757499999999,1.809899999999999,32
6141db17baaf234b352903b4,low_MoS2,2.0,1.0,3.0,17.85877614000014,1.0955000000000013,32
6141db1a4e27a1844a5f027e,low_MoS2,1.0,2.0,3.0,8.50198333999995,1.150199999999998,32
6141db2131cf3ef3d4a9efc0,low_MoS2,2.0,1.0,3.0,40.9734976700001,0.1540000000000034,32
6141db279cbada84a8676a23,low_MoS2,0.0,3.0,3.0,-0.8326781600000572,1.8070999999999984,32
6141db294e27a1844a5f0280,low_MoS2,1.0,2.0,3.0,8.553218309999945,1.1738,32
6141db2c3ac25c70a5c6c947,low_MoS2,3.0,0.0,3.0,50.70331281999999,0.3192999999999983,32
6141db2cbaaf234b352903b6,low_MoS2,2.0,1.0,3.0,17.859595450000135,1.1114000000000033,32
6141db3231cf3ef3d4a9efc2,low_MoS2,2.0,1.0,3.0,39.49771875000006,0.1505999999999971,32
6141db33ee0a3fd43fb47c31,low_MoS2,1.0,2.0,3.0,32.14573515000005,0.4007999999999967,32
6141db384e27a1844a5f0282,low_MoS2,1.0,2.0,3.0,8.494327189999947,1.1377000000000024,32
6141db3fbaaf234b352903b8,low_MoS2,2.0,1.0,3.0,17.8902324600001,0.9589,32
6141db474e27a1844a5f0284,low_MoS2,1.0,2.0,3.0,8.494171210000129,1.137599999999999,32
6141db4831cf3ef3d4a9efc4,low_MoS2,2.0,1.0,3.0,41.456766799999926,0.3913999999999973,32
6141db489cbada84a8676a25,low_MoS2,0.0,3.0,3.0,-0.8340917200000035,1.807300000000005,32
6141db54ee0a3fd43fb47c33,low_MoS2,1.0,2.0,3.0,32.14267844000004,0.4037000000000006,32
6141db574e27a1844a5f0286,low_MoS2,1.0,2.0,3.0,8.532893370000036,1.1385000000000003,32
6141db573ac25c70a5c6c949,low_MoS2,3.0,0.0,3.0,50.83699158999995,0.3466000000000022,32
6141db5ebaaf234b352903ba,low_MoS2,2.0,1.0,3.0,17.867988109999935,1.1089999999999949,32
6141db669cbada84a8676a27,low_MoS2,0.0,3.0,3.0,-0.8343423399998642,1.8065,32
6141db674e27a1844a5f0288,low_MoS2,1.0,2.0,3.0,8.510642420000092,1.1450000000000031,32
6141db6731cf3ef3d4a9efc6,low_MoS2,2.0,1.0,3.0,41.43737950999999,0.4106999999999985,32
6141db6fee0a3fd43fb47c35,low_MoS2,1.0,2.0,3.0,32.142423369999946,0.4018000000000015,32
6141db70baaf234b352903bc,low_MoS2,2.0,1.0,3.0,17.89982437999992,1.1177000000000064,32
6141db7831cf3ef3d4a9efc8,low_MoS2,2.0,1.0,3.0,41.47515826000013,0.3337000000000003,32
6141db7d9cbada84a8676a29,low_MoS2,0.0,3.0,3.0,-0.822831800000074,1.806199999999997,32
6141db7fee0a3fd43fb47c37,low_MoS2,1.0,2.0,3.0,32.145814749999985,0.4019999999999939,32
6141db823ac25c70a5c6c94b,low_MoS2,3.0,0.0,3.0,50.69507091999996,0.307699999999997,32
6141db82baaf234b352903be,low_MoS2,2.0,1.0,3.0,17.873814570000143,1.0019999999999951,32
6141db854e27a1844a5f028a,low_MoS2,1.0,2.0,3.0,8.509918640000048,1.1450000000000031,32
6141db8831cf3ef3d4a9efca,low_MoS2,2.0,1.0,3.0,40.97569478999999,0.1561000000000021,32
6141db8e9cbada84a8676a2b,low_MoS2,0.0,3.0,3.0,-0.8321648299999538,1.8099999999999952,32
6141db90ee0a3fd43fb47c39,low_MoS2,1.0,2.0,3.0,32.14471388000014,0.4037000000000006,32
6141db964e27a1844a5f028c,low_MoS2,1.0,2.0,3.0,8.497625440000117,1.1479,32
6141db9a31cf3ef3d4a9efcc,low_MoS2,2.0,1.0,3.0,41.450410040000136,0.3825000000000003,32
6141db9f9cbada84a8676a2d,low_MoS2,0.0,3.0,3.0,-0.8317747000000395,1.8084999999999951,32
6141dba0baaf234b352903c0,low_MoS2,2.0,1.0,3.0,17.857355770000133,1.1113999999999962,32
6141dba0ee0a3fd43fb47c3b,low_MoS2,1.0,2.0,3.0,32.08968539999999,0.4041999999999959,32
6141dba64e27a1844a5f028e,low_MoS2,1.0,2.0,3.0,8.510161220000125,1.144600000000004,32
6141dbab31cf3ef3d4a9efce,low_MoS2,2.0,1.0,3.0,41.47099980999992,0.3366000000000042,32
6141dbb1ee0a3fd43fb47c3d,low_MoS2,1.0,2.0,3.0,32.150994220000015,0.4051999999999935,32
6141dbbd31cf3ef3d4a9efd0,low_MoS2,2.0,1.0,3.0,41.43816867000005,0.4089000000000027,32
6141dbc14e27a1844a5f0290,low_MoS2,1.0,2.0,3.0,8.500581759999957,1.1462000000000003,32
6141dbc2ee0a3fd43fb47c3f,low_MoS2,1.0,2.0,3.0,32.12575046999994,0.3500000000000014,32
6141dbc7baaf234b352903c2,low_MoS2,2.0,1.0,3.0,17.86466485999994,1.083599999999997,32
6141dbcf31cf3ef3d4a9efd2,low_MoS2,2.0,1.0,3.0,41.423923960000096,0.3810999999999964,32
6141dbd14e27a1844a5f0292,low_MoS2,1.0,2.0,3.0,8.51818559999995,1.1426000000000016,32
6141dbd23ac25c70a5c6c94d,low_MoS2,3.0,0.0,3.0,50.81658426000005,0.3971000000000018,32
6141dbd3ee0a3fd43fb47c41,low_MoS2,1.0,2.0,3.0,32.14518971999995,0.4025999999999996,32
6141dbdc9cbada84a8676a2f,low_MoS2,0.0,3.0,3.0,-0.8292839099999014,1.808799999999998,32
6141dbe031cf3ef3d4a9efd4,low_MoS2,2.0,1.0,3.0,41.43618188000001,0.4125999999999976,32
6141dbe4ee0a3fd43fb47c43,low_MoS2,1.0,2.0,3.0,31.95547572999998,0.2608999999999994,32
6141dbe6baaf234b352903c4,low_MoS2,2.0,1.0,3.0,17.867041800000145,1.109099999999998,32
6141dbed9cbada84a8676a31,low_MoS2,0.0,3.0,3.0,-0.8041310899999985,1.808399999999999,32
6141dbf14e27a1844a5f0294,low_MoS2,1.0,2.0,3.0,8.531894180000133,1.1383999999999972,32
6141dbf231cf3ef3d4a9efd6,low_MoS2,2.0,1.0,3.0,41.42738615999993,0.3829999999999955,32
6141dbf5ee0a3fd43fb47c45,low_MoS2,1.0,2.0,3.0,32.14574652000009,0.4020999999999972,32
6141dbfe9cbada84a8676a33,low_MoS2,0.0,3.0,3.0,-0.8218672299998957,1.8059999999999972,32
6141dc004e27a1844a5f0296,low_MoS2,1.0,2.0,3.0,8.514867670000083,1.1417999999999964,32
6141dc0431cf3ef3d4a9efd8,low_MoS2,2.0,1.0,3.0,41.442625800000044,0.3928999999999973,32
6141dc08ee0a3fd43fb47c47,low_MoS2,1.0,2.0,3.0,32.15370370999993,0.3973000000000013,32
6141dc109cbada84a8676a35,low_MoS2,0.0,3.0,3.0,-0.8332176900000263,1.8063999999999965,32
6141dc104e27a1844a5f0298,low_MoS2,1.0,2.0,3.0,8.509075859999964,1.1454999999999984,32
6141dc1631cf3ef3d4a9efda,low_MoS2,2.0,1.0,3.0,41.47771869000003,0.4136000000000024,32
6141dc204e27a1844a5f029a,low_MoS2,1.0,2.0,3.0,8.510370579999996,1.1462000000000003,32
6141dc229cbada84a8676a37,low_MoS2,0.0,3.0,3.0,-0.8339606900000831,1.806599999999996,32
6141dc22ee0a3fd43fb47c49,low_MoS2,1.0,2.0,3.0,32.11682438000001,0.331399999999995,32
6141dc2831cf3ef3d4a9efdc,low_MoS2,2.0,1.0,3.0,41.482959469999926,0.4125999999999976,32
6141dc2a3ac25c70a5c6c94f,low_MoS2,3.0,0.0,3.0,50.804448459999925,0.3774999999999977,32
6141dc2f4e27a1844a5f029c,low_MoS2,1.0,2.0,3.0,8.515990189999936,1.1443999999999974,32
6141dc339cbada84a8676a39,low_MoS2,0.0,3.0,3.0,-0.8318739499999879,1.8084999999999951,32
6141dc33ee0a3fd43fb47c4b,low_MoS2,1.0,2.0,3.0,32.139633779999926,0.4034000000000048,32
6141dc3bbaaf234b352903c6,low_MoS2,2.0,1.0,3.0,17.86534380000011,1.109899999999996,32
6141dc3f4e27a1844a5f029e,low_MoS2,1.0,2.0,3.0,8.506933059999962,1.137900000000002,32
6141dc4331cf3ef3d4a9efde,low_MoS2,2.0,1.0,3.0,41.48979503999995,0.4135999999999953,32
6141dc45ee0a3fd43fb47c4d,low_MoS2,1.0,2.0,3.0,32.12303322000001,0.3492999999999995,32
6141dc459cbada84a8676a3b,low_MoS2,0.0,3.0,3.0,-0.832229600000062,1.808799999999998,32
6141dc4f4e27a1844a5f02a0,low_MoS2,1.0,2.0,3.0,8.518482780000138,1.147199999999998,32
6141dc513ac25c70a5c6c951,low_MoS2,3.0,0.0,3.0,50.71625060000012,0.3126999999999995,32
6141dc5331cf3ef3d4a9efe0,low_MoS2,2.0,1.0,3.0,41.25948805000003,0.2820000000000036,32
6141dc5cee0a3fd43fb47c4f,low_MoS2,1.0,2.0,3.0,31.94341604000009,0.2591000000000036,32
6141dc5f4e27a1844a5f02a2,low_MoS2,1.0,2.0,3.0,8.513902820000137,1.1458000000000013,32
6141dc629cbada84a8676a3d,low_MoS2,0.0,3.0,3.0,-0.8052972600000317,1.807299999999998,32
6141dc6531cf3ef3d4a9efe2,low_MoS2,2.0,1.0,3.0,41.41886820000009,0.3808999999999969,32
6141dc6abaaf234b352903c8,low_MoS2,2.0,1.0,3.0,17.87373567000008,1.1000000000000014,32
6141dc6dee0a3fd43fb47c51,low_MoS2,1.0,2.0,3.0,32.09122541999999,0.4037000000000006,32
6141dc6f4e27a1844a5f02a4,low_MoS2,1.0,2.0,3.0,8.510209360000115,1.1448999999999998,32
6141dc749cbada84a8676a3f,low_MoS2,0.0,3.0,3.0,-0.8294745499999294,1.8074999999999972,32
6141dc773ac25c70a5c6c953,low_MoS2,3.0,0.0,3.0,50.75835633000012,0.388300000000001,32
6141dc7731cf3ef3d4a9efe4,low_MoS2,2.0,1.0,3.0,41.402614569999926,0.3952000000000026,32
6141dc7dbaaf234b352903ca,low_MoS2,2.0,1.0,3.0,17.86467177000008,1.1098,32
6141dc7fee0a3fd43fb47c53,low_MoS2,1.0,2.0,3.0,31.94718794000004,0.2644000000000019,32
6141dc804e27a1844a5f02a6,low_MoS2,1.0,2.0,3.0,8.511934249999992,1.1447000000000005,32
6141dc879cbada84a8676a41,low_MoS2,0.0,3.0,3.0,-0.8316206100000159,1.808399999999999,32
6141dc8931cf3ef3d4a9efe6,low_MoS2,2.0,1.0,3.0,41.46129414000002,0.381299999999996,32
6141dc91baaf234b352903cc,low_MoS2,2.0,1.0,3.0,17.871545270000063,1.1011999999999986,32
6141dc91ee0a3fd43fb47c55,low_MoS2,1.0,2.0,3.0,32.124922230000024,0.3928000000000011,32
6141dc914e27a1844a5f02a8,low_MoS2,1.0,2.0,3.0,8.515188699999978,1.1475000000000009,32
6141dc9a9cbada84a8676a43,low_MoS2,0.0,3.0,3.0,-0.8321311199999286,1.809899999999999,32
6141dc9f3ac25c70a5c6c955,low_MoS2,3.0,0.0,3.0,50.80203838999993,0.3826999999999998,32
6141dca24e27a1844a5f02aa,low_MoS2,1.0,2.0,3.0,8.517970959999982,1.142400000000002,32
6141dca3ee0a3fd43fb47c57,low_MoS2,1.0,2.0,3.0,32.14101514999992,0.4022000000000005,32
6141dca431cf3ef3d4a9efe8,low_MoS2,2.0,1.0,3.0,41.46373630000012,0.3344000000000022,32
6141dca6baaf234b352903ce,low_MoS2,2.0,1.0,3.0,17.851395440000026,1.0947000000000031,32
6141dcb24e27a1844a5f02ac,low_MoS2,1.0,2.0,3.0,8.511178629999929,1.1476000000000042,32
6141dcb4ee0a3fd43fb47c59,low_MoS2,1.0,2.0,3.0,32.087857480000125,0.4055999999999997,32
6141dcb59cbada84a8676a45,low_MoS2,0.0,3.0,3.0,-0.8325903599999833,1.8100999999999985,32
6141dcc24e27a1844a5f02ae,low_MoS2,1.0,2.0,3.0,8.514088039999958,1.1443999999999974,32
6141dcc5ee0a3fd43fb47c5b,low_MoS2,1.0,2.0,3.0,32.082742609999954,0.3588999999999984,32
6141dcc63ac25c70a5c6c957,low_MoS2,3.0,0.0,3.0,50.32223016000004,0.1544000000000025,32
6141dcd24e27a1844a5f02b0,low_MoS2,1.0,2.0,3.0,8.490522910000006,1.1376999999999953,32
6141dcd931cf3ef3d4a9efea,low_MoS2,2.0,1.0,3.0,41.463341730000096,0.3617000000000061,32
6141dcdbbaaf234b352903d0,low_MoS2,2.0,1.0,3.0,17.85769365999999,1.1118999999999986,32
6141dcdc9cbada84a8676a47,low_MoS2,0.0,3.0,3.0,-0.8314191199999073,1.808399999999999,32
6141dcddee0a3fd43fb47c5d,low_MoS2,1.0,2.0,3.0,32.14059732000008,0.406099999999995,32
6141dce94e27a1844a5f02b2,low_MoS2,1.0,2.0,3.0,8.600744030000012,1.1302999999999983,32
6141dcec31cf3ef3d4a9efec,low_MoS2,2.0,1.0,3.0,41.47996787999996,0.4067000000000007,32
6141dcee3ac25c70a5c6c959,low_MoS2,3.0,0.0,3.0,50.8185947000001,0.3421999999999983,32
6141dceebaaf234b352903d2,low_MoS2,2.0,1.0,3.0,17.86848308999992,1.1026000000000025,32
6141dcf8ee0a3fd43fb47c5f,low_MoS2,1.0,2.0,3.0,32.14853486000014,0.3992000000000004,32
6141dcf94e27a1844a5f02b4,low_MoS2,1.0,2.0,3.0,8.508617960000063,1.1485000000000056,32
6141dcfb9cbada84a8676a49,low_MoS2,0.0,3.0,3.0,-0.832557839999879,1.8089999999999973,32
6141dcfe31cf3ef3d4a9efee,low_MoS2,2.0,1.0,3.0,41.37103107000003,0.3046000000000006,32
6141dd09ee0a3fd43fb47c61,low_MoS2,1.0,2.0,3.0,31.9599497900001,0.263300000000001,32
6141dd0a4e27a1844a5f02b6,low_MoS2,1.0,2.0,3.0,8.529846400000022,1.141300000000001,32
6141dd0d9cbada84a8676a4b,low_MoS2,0.0,3.0,3.0,-0.8320154600000365,1.808,32
6141dd1131cf3ef3d4a9eff0,low_MoS2,2.0,1.0,3.0,40.9608793500001,0.1590999999999951,32
6141dd1a3ac25c70a5c6c95b,low_MoS2,3.0,0.0,3.0,50.81795681999999,0.3408999999999977,32
6141dd1bee0a3fd43fb47c63,low_MoS2,1.0,2.0,3.0,32.14997579999998,0.4003999999999976,32
6141dd209cbada84a8676a4d,low_MoS2,0.0,3.0,3.0,-0.8320825299999228,1.8098000000000027,32
6141dd254e27a1844a5f02b8,low_MoS2,1.0,2.0,3.0,8.53632375000009,1.140499999999996,32
6141dd32ee0a3fd43fb47c65,low_MoS2,1.0,2.0,3.0,32.14746852000006,0.4012999999999991,32
6141dd32baaf234b352903d4,low_MoS2,2.0,1.0,3.0,17.862414250000022,1.1039999999999992,32
6141dd329cbada84a8676a4f,low_MoS2,0.0,3.0,3.0,-0.8335026599999651,1.8078999999999965,32
6141dd3531cf3ef3d4a9eff2,low_MoS2,2.0,1.0,3.0,41.4710484700001,0.4127000000000009,32
6141dd364e27a1844a5f02ba,low_MoS2,1.0,2.0,3.0,8.522439970000075,1.1402999999999963,32
6141dd43ee0a3fd43fb47c67,low_MoS2,1.0,2.0,3.0,31.954348409999955,0.2631000000000014,32
6141dd449cbada84a8676a51,low_MoS2,0.0,3.0,3.0,-0.82939626000001,1.808099999999996,32
6141dd4531cf3ef3d4a9eff4,low_MoS2,2.0,1.0,3.0,41.455824780000015,0.3697999999999979,32
6141dd46baaf234b352903d6,low_MoS2,2.0,1.0,3.0,17.864820290000118,1.106099999999998,32
6141dd474e27a1844a5f02bc,low_MoS2,1.0,2.0,3.0,8.522462460000067,1.1450999999999991,32
6141dd55ee0a3fd43fb47c69,low_MoS2,1.0,2.0,3.0,32.14166219000002,0.4038000000000039,32
6141dd584e27a1844a5f02be,low_MoS2,1.0,2.0,3.0,8.547686350000074,1.1321000000000012,32
6141dd59baaf234b352903d8,low_MoS2,2.0,1.0,3.0,17.857206910000052,1.1088000000000022,32
6141dd6731cf3ef3d4a9eff6,low_MoS2,2.0,1.0,3.0,40.89917977,0.181200000000004,32
6141dd673ac25c70a5c6c95d,low_MoS2,3.0,0.0,3.0,50.84062228999998,0.1811000000000007,32
6141dd684e27a1844a5f02c0,low_MoS2,1.0,2.0,3.0,8.498518000000129,1.1439999999999984,32
6141dd6d9cbada84a8676a53,low_MoS2,0.0,3.0,3.0,-0.8037717500000667,1.8076000000000008,32
6141dd6dbaaf234b352903da,low_MoS2,2.0,1.0,3.0,17.857133790000027,1.0379999999999967,32
6141dd7931cf3ef3d4a9eff8,low_MoS2,2.0,1.0,3.0,41.48235568000014,0.4130000000000038,32
6141dd794e27a1844a5f02c2,low_MoS2,1.0,2.0,3.0,8.507676109999945,1.1443000000000012,32
6141dd7eee0a3fd43fb47c6b,low_MoS2,1.0,2.0,3.0,32.152215660000124,0.4013999999999953,32
6141dd849cbada84a8676a55,low_MoS2,0.0,3.0,3.0,-0.8323197399999458,1.808799999999998,32
6141dd8b4e27a1844a5f02c4,low_MoS2,1.0,2.0,3.0,8.507961820000016,1.1479,32
6141dd8c31cf3ef3d4a9effa,low_MoS2,2.0,1.0,3.0,41.44480251,0.3831999999999951,32
6141dd90ee0a3fd43fb47c6d,low_MoS2,1.0,2.0,3.0,32.12643974000001,0.3490999999999999,32
6141dd913ac25c70a5c6c95f,low_MoS2,3.0,0.0,3.0,50.73755939000004,0.3084999999999951,32
6141dd969cbada84a8676a57,low_MoS2,0.0,3.0,3.0,-0.8320934299999294,1.809799999999996,32
6141dd98baaf234b352903dc,low_MoS2,2.0,1.0,3.0,17.84845315000006,1.0959999999999963,32
6141dd9c4e27a1844a5f02c6,low_MoS2,1.0,2.0,3.0,8.516654110000015,1.1447999999999965,32
6141dd9f31cf3ef3d4a9effc,low_MoS2,2.0,1.0,3.0,41.47145145000009,0.3340000000000032,32
6141dda3ee0a3fd43fb47c6f,low_MoS2,1.0,2.0,3.0,32.14752085999997,0.4003000000000014,32
6141ddab9cbada84a8676a59,low_MoS2,0.0,3.0,3.0,-0.8230613000000062,1.8059999999999972,32
6141ddad4e27a1844a5f02c8,low_MoS2,1.0,2.0,3.0,8.50949424000012,1.1473999999999975,32
6141ddb231cf3ef3d4a9effe,low_MoS2,2.0,1.0,3.0,41.38911515000014,0.3847999999999985,32
6141ddb5ee0a3fd43fb47c71,low_MoS2,1.0,2.0,3.0,32.14956307999999,0.4007999999999967,32
6141ddba3ac25c70a5c6c961,low_MoS2,3.0,0.0,3.0,50.34971463999992,0.2058999999999997,32
6141ddbd9cbada84a8676a5b,low_MoS2,0.0,3.0,3.0,-0.8320985199999882,1.808799999999998,32
6141ddbe4e27a1844a5f02ca,low_MoS2,1.0,2.0,3.0,8.519175910000083,1.1480999999999997,32
6141ddbfbaaf234b352903de,low_MoS2,2.0,1.0,3.0,17.85974260000011,1.112900000000003,32
6141ddc531cf3ef3d4a9f000,low_MoS2,2.0,1.0,3.0,41.47688392000005,0.4136000000000024,32
6141ddd3baaf234b352903e0,low_MoS2,2.0,1.0,3.0,17.81011936999993,0.943400000000004,32
6141ddd39cbada84a8676a5d,low_MoS2,0.0,3.0,3.0,-0.8323928199999386,1.808399999999999,32
6141ddd84e27a1844a5f02cc,low_MoS2,1.0,2.0,3.0,8.517961219999986,1.1475000000000009,32
6141dddaee0a3fd43fb47c73,low_MoS2,1.0,2.0,3.0,32.1375276000001,0.4047999999999945,32
6141dde23ac25c70a5c6c963,low_MoS2,3.0,0.0,3.0,50.81472152999997,0.3425000000000011,32
6141dde7baaf234b352903e2,low_MoS2,2.0,1.0,3.0,17.865016220000136,1.0882000000000005,32
6141dde931cf3ef3d4a9f002,low_MoS2,2.0,1.0,3.0,41.47782879999996,0.4136000000000024,32
6141dde94e27a1844a5f02ce,low_MoS2,1.0,2.0,3.0,8.506420060000007,1.1488000000000014,32
6141ddf59cbada84a8676a5f,low_MoS2,0.0,3.0,3.0,-0.8316058699999189,1.8085999999999984,32
6141ddf7ee0a3fd43fb47c75,low_MoS2,1.0,2.0,3.0,32.14404618000002,0.4040000000000034,32
6141ddfb4e27a1844a5f02d0,low_MoS2,1.0,2.0,3.0,8.511876060000102,1.1447000000000005,32
6141ddfbbaaf234b352903e4,low_MoS2,2.0,1.0,3.0,17.89987435000011,0.9535000000000052,32
6141de0631cf3ef3d4a9f004,low_MoS2,2.0,1.0,3.0,41.28598751,0.2720000000000055,32
6141de079cbada84a8676a61,low_MoS2,0.0,3.0,3.0,-0.8318297699999562,1.8095,32
6141de09ee0a3fd43fb47c77,low_MoS2,1.0,2.0,3.0,32.14413504000002,0.4022999999999967,32
6141de0b3ac25c70a5c6c965,low_MoS2,3.0,0.0,3.0,50.15269105999997,0.1647999999999996,32
6141de0c4e27a1844a5f02d2,low_MoS2,1.0,2.0,3.0,8.51394282999993,1.1459000000000046,32
6141de1931cf3ef3d4a9f006,low_MoS2,2.0,1.0,3.0,41.45722266999992,0.3872,32
6141de1a9cbada84a8676a63,low_MoS2,0.0,3.0,3.0,-0.8335893799998644,1.806400000000004,32
6141de1cee0a3fd43fb47c79,low_MoS2,1.0,2.0,3.0,32.12341706000005,0.3423000000000016,32
6141de1d4e27a1844a5f02d4,low_MoS2,1.0,2.0,3.0,8.533762900000081,1.1503000000000014,32
6141de1ebaaf234b352903e6,low_MoS2,2.0,1.0,3.0,17.883253910000114,1.0904999999999987,32
6141de2b31cf3ef3d4a9f008,low_MoS2,2.0,1.0,3.0,40.98441876000011,0.1584000000000003,32
6141de2eee0a3fd43fb47c7b,low_MoS2,1.0,2.0,3.0,32.149999400000056,0.4025000000000034,32
6141de344e27a1844a5f02d6,low_MoS2,1.0,2.0,3.0,8.504000659999999,1.148699999999998,32
6141de393ac25c70a5c6c967,low_MoS2,3.0,0.0,3.0,50.78807908000014,0.3806000000000011,32
6141de3c9cbada84a8676a65,low_MoS2,0.0,3.0,3.0,-0.8325771199999394,1.8096999999999996,32
6141de3f31cf3ef3d4a9f00a,low_MoS2,2.0,1.0,3.0,41.45152821999996,0.3779000000000039,32
6141de41baaf234b352903e8,low_MoS2,2.0,1.0,3.0,17.882041820000033,1.1056999999999988,32
6141de4e9cbada84a8676a67,low_MoS2,0.0,3.0,3.0,-0.8318613399998753,1.8085999999999984,32
6141de5231cf3ef3d4a9f00c,low_MoS2,2.0,1.0,3.0,41.47421404999996,0.4171000000000049,32
6141de524e27a1844a5f02d8,low_MoS2,1.0,2.0,3.0,8.513214009999981,1.142000000000003,32
6141de55baaf234b352903ea,low_MoS2,2.0,1.0,3.0,17.86696524000012,1.1045000000000016,32
6141de57ee0a3fd43fb47c7d,low_MoS2,1.0,2.0,3.0,32.14359845000011,0.4042999999999992,32
6141de619cbada84a8676a69,low_MoS2,0.0,3.0,3.0,-0.8337729699998704,1.8070999999999984,32
6141de644e27a1844a5f02da,low_MoS2,1.0,2.0,3.0,8.517419980000138,1.1480999999999997,32
6141de6531cf3ef3d4a9f00e,low_MoS2,2.0,1.0,3.0,41.47390418000005,0.3973999999999975,32
6141de69baaf234b352903ec,low_MoS2,2.0,1.0,3.0,17.859311560000144,1.1070000000000064,32
6141de733ac25c70a5c6c969,low_MoS2,3.0,0.0,3.0,50.8501263100001,0.3368000000000037,32
6141de754e27a1844a5f02dc,low_MoS2,1.0,2.0,3.0,8.503471900000047,1.146499999999996,32
6141de7931cf3ef3d4a9f010,low_MoS2,2.0,1.0,3.0,40.96822644000004,0.1510999999999995,32
6141de7c9cbada84a8676a6b,low_MoS2,0.0,3.0,3.0,-0.8339832300000012,1.8081000000000031,32
6141de7dbaaf234b352903ee,low_MoS2,2.0,1.0,3.0,17.85775699000009,1.1129999999999995,32
6141de81ee0a3fd43fb47c7f,low_MoS2,1.0,2.0,3.0,32.14538713,0.3998000000000061,32
6141de874e27a1844a5f02de,low_MoS2,1.0,2.0,3.0,8.516971759999958,1.143000000000001,32
6141de8e31cf3ef3d4a9f012,low_MoS2,2.0,1.0,3.0,41.45769547999994,0.3819000000000017,32
6141de909cbada84a8676a6d,low_MoS2,0.0,3.0,3.0,-0.8324699399999531,1.8087000000000015,32
6141de994e27a1844a5f02e0,low_MoS2,1.0,2.0,3.0,8.512546910000108,1.1450000000000031,32
6141de9c3ac25c70a5c6c96b,low_MoS2,3.0,0.0,3.0,50.803662050000106,0.336199999999998,32
6141dea49cbada84a8676a6f,low_MoS2,0.0,3.0,3.0,-0.8315487199999438,1.809200000000004,32
6141dea5baaf234b352903f0,low_MoS2,2.0,1.0,3.0,17.872871819999993,1.1081000000000003,32
6141dea6ee0a3fd43fb47c81,low_MoS2,1.0,2.0,3.0,32.14843439000013,0.4000999999999948,32
6141deab4e27a1844a5f02e2,low_MoS2,1.0,2.0,3.0,8.507561059999968,1.144600000000004,32
6141deaf31cf3ef3d4a9f014,low_MoS2,2.0,1.0,3.0,41.48431109000008,0.410499999999999,32
6141deb79cbada84a8676a71,low_MoS2,0.0,3.0,3.0,-0.8331514500000026,1.806200000000004,32
6141debd4e27a1844a5f02e4,low_MoS2,1.0,2.0,3.0,8.512535340000138,1.145399999999995,32
6141dec131cf3ef3d4a9f016,low_MoS2,2.0,1.0,3.0,41.46290953000012,0.333200000000005,32
6141dec4baaf234b352903f2,low_MoS2,2.0,1.0,3.0,17.88742006000006,1.105400000000003,32
6141dec63ac25c70a5c6c96d,low_MoS2,3.0,0.0,3.0,50.32207364000002,0.1585999999999998,32
6141dece4e27a1844a5f02e6,low_MoS2,1.0,2.0,3.0,8.5130155300001,1.1450999999999991,32
6141ded231cf3ef3d4a9f018,low_MoS2,2.0,1.0,3.0,41.47693388000012,0.4127000000000009,32
6141ded4ee0a3fd43fb47c83,low_MoS2,1.0,2.0,3.0,32.14488052,0.4018000000000015,32
6141ded9baaf234b352903f4,low_MoS2,2.0,1.0,3.0,17.82694577000006,0.9414000000000016,32
6141dedf9cbada84a8676a73,low_MoS2,0.0,3.0,3.0,-0.8336002600000825,1.8066999999999995,32
6141dee04e27a1844a5f02e8,low_MoS2,1.0,2.0,3.0,8.511667990000003,1.1495000000000033,32
6141deecee0a3fd43fb47c85,low_MoS2,1.0,2.0,3.0,32.14630080999994,0.4025999999999996,32
6141deed31cf3ef3d4a9f01a,low_MoS2,2.0,1.0,3.0,41.48390532999993,0.3355000000000032,32
6141def2baaf234b352903f6,low_MoS2,2.0,1.0,3.0,17.852791420000123,1.0930000000000035,32
6141def24e27a1844a5f02ea,low_MoS2,1.0,2.0,3.0,8.505752840000039,1.137900000000002,32
6141def39cbada84a8676a75,low_MoS2,0.0,3.0,3.0,-0.8295884799999271,1.8087000000000015,32
6141defeee0a3fd43fb47c87,low_MoS2,1.0,2.0,3.0,32.133257469999975,0.3990999999999971,32
6141df06baaf234b352903f8,low_MoS2,2.0,1.0,3.0,17.932838550000035,0.6524000000000001,32
6141df0d4e27a1844a5f02ec,low_MoS2,1.0,2.0,3.0,8.51119778,1.1467000000000027,32
6141df123ac25c70a5c6c96f,low_MoS2,3.0,0.0,3.0,50.321752470000014,0.1589999999999989,32
6141df1231cf3ef3d4a9f01c,low_MoS2,2.0,1.0,3.0,41.42974347000013,0.3813000000000031,32
6141df1bbaaf234b352903fa,low_MoS2,2.0,1.0,3.0,17.848346890000123,1.0845000000000056,32
6141df1c9cbada84a8676a77,low_MoS2,0.0,3.0,3.0,-0.8297713799999542,1.8076000000000008,32
6141df2d9cbada84a8676a79,low_MoS2,0.0,3.0,3.0,-0.8287963699999068,1.808300000000003,32
6141df324e27a1844a5f02ee,low_MoS2,1.0,2.0,3.0,8.504319809999995,1.1510000000000034,32
6141df3431cf3ef3d4a9f01e,low_MoS2,2.0,1.0,3.0,41.42986919000005,0.410899999999998,32
6141df3d3ac25c70a5c6c971,low_MoS2,3.0,0.0,3.0,50.77204773000009,0.3922999999999987,32
6141df434e27a1844a5f02f0,low_MoS2,1.0,2.0,3.0,8.510354739999936,1.1444000000000043,32
6141df4931cf3ef3d4a9f020,low_MoS2,2.0,1.0,3.0,41.4509686200001,0.3847999999999985,32
6141df554e27a1844a5f02f2,low_MoS2,1.0,2.0,3.0,8.534400450000046,1.1368999999999971,32
6141df569cbada84a8676a7b,low_MoS2,0.0,3.0,3.0,-0.8319093899999075,1.809899999999999,32
6141df5aee0a3fd43fb47c89,low_MoS2,1.0,2.0,3.0,32.12915442000006,0.3988000000000014,32
6141df5fbaaf234b352903fc,low_MoS2,2.0,1.0,3.0,17.852706110000092,1.0944000000000005,32
6141df6431cf3ef3d4a9f022,low_MoS2,2.0,1.0,3.0,41.45897802999998,0.3995000000000033,32
6141df674e27a1844a5f02f4,low_MoS2,1.0,2.0,3.0,8.518708360000144,1.1475000000000009,32
6141df683ac25c70a5c6c973,low_MoS2,3.0,0.0,3.0,50.74620027000007,0.1531999999999982,32
6141df699cbada84a8676a7d,low_MoS2,0.0,3.0,3.0,-0.8236080799999286,1.8068000000000024,32
6141df6dee0a3fd43fb47c8b,low_MoS2,1.0,2.0,3.0,31.94977284000014,0.2505999999999986,32
6141df74baaf234b352903fe,low_MoS2,2.0,1.0,3.0,17.88577881000014,1.1074000000000055,32
6141df794e27a1844a5f02f6,low_MoS2,1.0,2.0,3.0,8.506664629999957,1.148299999999999,32
6141df8631cf3ef3d4a9f024,low_MoS2,2.0,1.0,3.0,41.43351125,0.3746000000000009,32
6141df8b4e27a1844a5f02f8,low_MoS2,1.0,2.0,3.0,8.51334255999998,1.1457999999999942,32
6141df90baaf234b35290400,low_MoS2,2.0,1.0,3.0,17.906199190000045,1.0534000000000034,32
6141df979cbada84a8676a7f,low_MoS2,0.0,3.0,3.0,-0.8311625000000618,1.8087000000000015,32
6141df9f31cf3ef3d4a9f026,low_MoS2,2.0,1.0,3.0,41.4233322300001,0.3782999999999958,32
6141dfa4baaf234b35290402,low_MoS2,2.0,1.0,3.0,17.863235069999966,1.0846000000000018,32
6141dfa54e27a1844a5f02fa,low_MoS2,1.0,2.0,3.0,8.494168749999996,1.1372,32
6141dfb331cf3ef3d4a9f028,low_MoS2,2.0,1.0,3.0,40.96815701999999,0.1528999999999953,32
6141dfb5ee0a3fd43fb47c8d,low_MoS2,1.0,2.0,3.0,32.13848047000009,0.4040999999999997,32
6141dfb74e27a1844a5f02fc,low_MoS2,1.0,2.0,3.0,8.50564317000001,1.137999999999998,32
6141dfb73ac25c70a5c6c975,low_MoS2,3.0,0.0,3.0,50.88465475000013,0.1880000000000024,32
6141dfc731cf3ef3d4a9f02a,low_MoS2,2.0,1.0,3.0,41.48176761999999,0.4155000000000015,32
6141dfc9ee0a3fd43fb47c8f,low_MoS2,1.0,2.0,3.0,32.12602142000013,0.3778999999999968,32
6141dfc94e27a1844a5f02fe,low_MoS2,1.0,2.0,3.0,8.512271170000101,1.1448999999999998,32
6141dfd79cbada84a8676a81,low_MoS2,0.0,3.0,3.0,-0.8285415400000034,1.808300000000003,32
6141dfdbbaaf234b35290404,low_MoS2,2.0,1.0,3.0,17.86512005000008,1.1126000000000005,32
6141dfdbee0a3fd43fb47c91,low_MoS2,1.0,2.0,3.0,32.147309760000084,0.4025999999999996,32
6141dfdb31cf3ef3d4a9f02c,low_MoS2,2.0,1.0,3.0,41.46052273000005,0.3674999999999997,32
6141dfdd4e27a1844a5f0300,low_MoS2,1.0,2.0,3.0,8.517938340000025,1.1424999999999983,32
6141dfe23ac25c70a5c6c977,low_MoS2,3.0,0.0,3.0,50.29665586999992,0.1452999999999988,32
6141dff031cf3ef3d4a9f02e,low_MoS2,2.0,1.0,3.0,41.47971946999992,0.4067000000000007,32
6141dff0baaf234b35290406,low_MoS2,2.0,1.0,3.0,17.88407615000005,0.9598999999999976,32
6141dff04e27a1844a5f0302,low_MoS2,1.0,2.0,3.0,8.51236115999998,1.143900000000002,32
6141dffcee0a3fd43fb47c93,low_MoS2,1.0,2.0,3.0,32.147217250000026,0.4004000000000047,32
6141e0034e27a1844a5f0304,low_MoS2,1.0,2.0,3.0,8.505232819999971,1.1465000000000032,32
6141e005baaf234b35290408,low_MoS2,2.0,1.0,3.0,17.86844573000007,1.1049999999999969,32
6141e0079cbada84a8676a83,low_MoS2,0.0,3.0,3.0,-0.8226549200000477,1.8059999999999972,32
6141e00831cf3ef3d4a9f030,low_MoS2,2.0,1.0,3.0,41.37532211999992,0.4111999999999938,32
6141e00e3ac25c70a5c6c979,low_MoS2,3.0,0.0,3.0,50.31846166000006,0.1582000000000007,32
6141e0164e27a1844a5f0306,low_MoS2,1.0,2.0,3.0,8.507144510000014,1.1454999999999984,32
6141e01b9cbada84a8676a85,low_MoS2,0.0,3.0,3.0,-0.8346074499999645,1.807300000000005,32
6141e01c31cf3ef3d4a9f032,low_MoS2,2.0,1.0,3.0,41.48711829000008,0.4125000000000014,32
6141e021baaf234b3529040a,low_MoS2,2.0,1.0,3.0,17.902299780000014,1.1195999999999984,32
6141e02bee0a3fd43fb47c95,low_MoS2,1.0,2.0,3.0,31.95611862999998,0.2616000000000014,32
6141e02e9cbada84a8676a87,low_MoS2,0.0,3.0,3.0,-0.8308033200000295,1.8089999999999973,32
6141e03031cf3ef3d4a9f034,low_MoS2,2.0,1.0,3.0,41.466088099999936,0.3956999999999979,32
6141e037baaf234b3529040c,low_MoS2,2.0,1.0,3.0,17.92597989,0.6501000000000019,32
6141e0374e27a1844a5f0308,low_MoS2,1.0,2.0,3.0,8.514113140000088,1.1415999999999968,32
6141e03b3ac25c70a5c6c97b,low_MoS2,3.0,0.0,3.0,50.78063263999994,0.4180999999999955,32
6141e04531cf3ef3d4a9f036,low_MoS2,2.0,1.0,3.0,41.28306237000011,0.261499999999998,32
6141e04b4e27a1844a5f030a,low_MoS2,1.0,2.0,3.0,8.506133189999925,1.1439999999999984,32
6141e04cee0a3fd43fb47c97,low_MoS2,1.0,2.0,3.0,32.11962383000012,0.3480999999999952,32
6141e0569cbada84a8676a89,low_MoS2,0.0,3.0,3.0,-0.8341181999998639,1.8070000000000024,32
6141e05a31cf3ef3d4a9f038,low_MoS2,2.0,1.0,3.0,41.46269707999996,0.3377000000000052,32
6141e05d4e27a1844a5f030c,low_MoS2,1.0,2.0,3.0,8.504014710000117,1.1484000000000023,32
6141e05fee0a3fd43fb47c99,low_MoS2,1.0,2.0,3.0,31.95869414999992,0.2649000000000043,32
6141e0683ac25c70a5c6c97d,low_MoS2,3.0,0.0,3.0,50.812889640000016,0.3429000000000002,32
6141e06f31cf3ef3d4a9f03a,low_MoS2,2.0,1.0,3.0,41.42809030000008,0.3788999999999944,32
6141e072ee0a3fd43fb47c9b,low_MoS2,1.0,2.0,3.0,32.147154519999944,0.4016000000000019,32
6141e0739cbada84a8676a8b,low_MoS2,0.0,3.0,3.0,-0.8233463599999027,1.8059000000000007,32
6141e07bbaaf234b3529040e,low_MoS2,2.0,1.0,3.0,17.86887917000012,1.1036999999999964,32
6141e08431cf3ef3d4a9f03c,low_MoS2,2.0,1.0,3.0,41.47341847999992,0.3768999999999991,32
6141e0854e27a1844a5f030e,low_MoS2,1.0,2.0,3.0,8.509424269999979,1.1452000000000029,32
6141e0869cbada84a8676a8d,low_MoS2,0.0,3.0,3.0,-0.831605369999977,1.809799999999996,32
6141e0963ac25c70a5c6c97f,low_MoS2,3.0,0.0,3.0,50.80153892000013,0.3719999999999999,32
6141e0984e27a1844a5f0310,low_MoS2,1.0,2.0,3.0,8.512886960000085,1.1458000000000013,32
6141e098ee0a3fd43fb47c9d,low_MoS2,1.0,2.0,3.0,32.148824880000106,0.3984999999999985,32
6141e09931cf3ef3d4a9f03e,low_MoS2,2.0,1.0,3.0,41.38105603999993,0.4131999999999962,32
6141e09a9cbada84a8676a8f,low_MoS2,0.0,3.0,3.0,-0.8319811000000641,1.8096999999999996,32
6141e0ac9cbada84a8676a91,low_MoS2,0.0,3.0,3.0,-0.8297971900000789,1.8078999999999965,32
6141e0ad31cf3ef3d4a9f040,low_MoS2,2.0,1.0,3.0,40.97292161000014,0.1581000000000045,32
6141e0b8ee0a3fd43fb47c9f,low_MoS2,1.0,2.0,3.0,32.088683780000096,0.4042999999999992,32
6141e0ba4e27a1844a5f0312,low_MoS2,1.0,2.0,3.0,8.505523699999937,1.149000000000001,32
6141e0c231cf3ef3d4a9f042,low_MoS2,2.0,1.0,3.0,41.47467511999999,0.4063000000000016,32
6141e0c49cbada84a8676a93,low_MoS2,0.0,3.0,3.0,-0.8287325299999679,1.809599999999996,32
6141e0c7baaf234b35290410,low_MoS2,2.0,1.0,3.0,17.87373184000011,1.093999999999994,32
6141e0d34e27a1844a5f0314,low_MoS2,1.0,2.0,3.0,8.522960199999968,1.141300000000001,32
6141e0d831cf3ef3d4a9f044,low_MoS2,2.0,1.0,3.0,39.493259230000106,0.1507000000000005,32
6141e0d89cbada84a8676a95,low_MoS2,0.0,3.0,3.0,-0.8261554400000364,1.8068999999999988,32
6141e0dcbaaf234b35290412,low_MoS2,2.0,1.0,3.0,17.865796060000086,1.084700000000005,32
6141e0dcee0a3fd43fb47ca1,low_MoS2,1.0,2.0,3.0,32.148831920000006,0.3995999999999995,32
6141e0ec9cbada84a8676a97,low_MoS2,0.0,3.0,3.0,-0.8226868099999933,1.807700000000004,32
6141e0ed4e27a1844a5f0316,low_MoS2,1.0,2.0,3.0,8.524176729999933,1.1445000000000007,32
6141e0ee3ac25c70a5c6c981,low_MoS2,3.0,0.0,3.0,50.32589586999999,0.1561999999999983,32
6141e0f0ee0a3fd43fb47ca3,low_MoS2,1.0,2.0,3.0,32.144704110000006,0.4009,32
6141e0f2baaf234b35290414,low_MoS2,2.0,1.0,3.0,17.857816360000008,1.0959999999999963,32
6141e0f231cf3ef3d4a9f046,low_MoS2,2.0,1.0,3.0,41.46827733000005,0.3399000000000001,32
6141e1014e27a1844a5f0318,low_MoS2,1.0,2.0,3.0,8.493672520000043,1.1376999999999953,32
6141e1029cbada84a8676a99,low_MoS2,0.0,3.0,3.0,-0.7659404899999913,1.806600000000003,32
6141e10731cf3ef3d4a9f048,low_MoS2,2.0,1.0,3.0,39.49663836999999,0.1550999999999973,32
6141e112ee0a3fd43fb47ca5,low_MoS2,1.0,2.0,3.0,32.14407144000005,0.4037000000000006,32
6141e1154e27a1844a5f031a,low_MoS2,1.0,2.0,3.0,8.510642149999992,1.1437999999999988,32
6141e1169cbada84a8676a9b,low_MoS2,0.0,3.0,3.0,-0.8327439199999276,1.810299999999998,32
6141e11d31cf3ef3d4a9f04a,low_MoS2,2.0,1.0,3.0,41.28227239000008,0.2680000000000007,32
6141e125ee0a3fd43fb47ca7,low_MoS2,1.0,2.0,3.0,32.145072170000034,0.404200000000003,32
6141e12c3ac25c70a5c6c983,low_MoS2,3.0,0.0,3.0,48.83929053000012,0.1516999999999981,32
6141e12fbaaf234b35290416,low_MoS2,2.0,1.0,3.0,17.85889853999992,1.002600000000001,32
6141e1329cbada84a8676a9d,low_MoS2,0.0,3.0,3.0,-0.8317290699998807,1.8095,32
6141e13231cf3ef3d4a9f04c,low_MoS2,2.0,1.0,3.0,41.38087715000002,0.2993999999999985,32
6141e145baaf234b35290418,low_MoS2,2.0,1.0,3.0,17.864291419999965,1.1099000000000032,32
6141e146ee0a3fd43fb47ca9,low_MoS2,1.0,2.0,3.0,31.742477989999987,0.1483999999999952,32
6141e1474e27a1844a5f031c,low_MoS2,1.0,2.0,3.0,8.505505470000141,1.1479,32
6141e14831cf3ef3d4a9f04e,low_MoS2,2.0,1.0,3.0,41.45920300000007,0.3611000000000004,32
6141e15a4e27a1844a5f031e,low_MoS2,1.0,2.0,3.0,8.51091863000013,1.1443000000000012,32
6141e15f31cf3ef3d4a9f050,low_MoS2,2.0,1.0,3.0,41.2433195600001,0.2481999999999971,32
6141e15f3ac25c70a5c6c985,low_MoS2,3.0,0.0,3.0,50.78151121000011,0.3487000000000009,32
6141e161ee0a3fd43fb47cab,low_MoS2,1.0,2.0,3.0,32.147362659999985,0.4012999999999991,32
6141e1649cbada84a8676a9f,low_MoS2,0.0,3.0,3.0,-0.8322612500000446,1.810299999999998,32
6141e165baaf234b3529041a,low_MoS2,2.0,1.0,3.0,17.88728506000006,1.106999999999999,32
6141e16c4e27a1844a5f0320,low_MoS2,1.0,2.0,3.0,8.510338459999982,1.1447000000000005,32
6141e17531cf3ef3d4a9f052,low_MoS2,2.0,1.0,3.0,41.467953719999926,0.4134999999999991,32
6141e1799cbada84a8676aa1,low_MoS2,0.0,3.0,3.0,-0.8312653800000476,1.808299999999996,32
6141e1804e27a1844a5f0322,low_MoS2,1.0,2.0,3.0,8.542791860000104,1.1435999999999993,32
6141e184ee0a3fd43fb47cad,low_MoS2,1.0,2.0,3.0,32.14806586999997,0.403499999999994,32
6141e188baaf234b3529041c,low_MoS2,2.0,1.0,3.0,17.873017450000127,1.0999000000000052,32
6141e18b9cbada84a8676aa3,low_MoS2,0.0,3.0,3.0,-0.8327287899998623,1.8093000000000004,32
6141e1964e27a1844a5f0324,low_MoS2,1.0,2.0,3.0,8.512451249999938,1.144599999999997,32
6141e198ee0a3fd43fb47caf,low_MoS2,1.0,2.0,3.0,32.14642703000003,0.4020999999999972,32
6141e19d31cf3ef3d4a9f054,low_MoS2,2.0,1.0,3.0,41.45314313000013,0.3797999999999959,32
6141e1ab9cbada84a8676aa5,low_MoS2,0.0,3.0,3.0,-0.8298616999999808,1.8071999999999944,32
6141e1abbaaf234b3529041e,low_MoS2,2.0,1.0,3.0,17.866145630000112,1.1047999999999971,32
6141e1acee0a3fd43fb47cb1,low_MoS2,1.0,2.0,3.0,32.152234540000094,0.4004000000000047,32
6141e1b04e27a1844a5f0326,low_MoS2,1.0,2.0,3.0,8.50999823000009,1.146799999999999,32
6141e1b231cf3ef3d4a9f056,low_MoS2,2.0,1.0,3.0,40.96135176999992,0.1471000000000017,32
6141e1c1baaf234b35290420,low_MoS2,2.0,1.0,3.0,17.870488199999947,1.1007999999999996,32
6141e1c3ee0a3fd43fb47cb3,low_MoS2,1.0,2.0,3.0,32.146899999999945,0.4040999999999997,32
6141e1c44e27a1844a5f0328,low_MoS2,1.0,2.0,3.0,8.502259699999993,1.139199999999995,32
6141e1cc9cbada84a8676aa7,low_MoS2,0.0,3.0,3.0,-0.8315644700000462,1.8098000000000027,32
6141e1d7baaf234b35290422,low_MoS2,2.0,1.0,3.0,17.92894533999992,0.653100000000002,32
6141e1d7ee0a3fd43fb47cb5,low_MoS2,1.0,2.0,3.0,32.14774030000011,0.4028999999999954,32
6141e1d831cf3ef3d4a9f058,low_MoS2,2.0,1.0,3.0,41.47101223,0.4160000000000039,32
6141e1dd3ac25c70a5c6c987,low_MoS2,3.0,0.0,3.0,50.79013288000002,0.4005999999999972,32
6141e1e34e27a1844a5f032a,low_MoS2,1.0,2.0,3.0,8.516861020000103,1.1426000000000016,32
6141e1edbaaf234b35290424,low_MoS2,2.0,1.0,3.0,17.877383810000076,1.0878000000000014,32
6141e1f64e27a1844a5f032c,low_MoS2,1.0,2.0,3.0,8.501642810000046,1.1483999999999952,32
6141e1fc31cf3ef3d4a9f05a,low_MoS2,2.0,1.0,3.0,41.40049986999993,0.3008999999999986,32
6141e1fdee0a3fd43fb47cb7,low_MoS2,1.0,2.0,3.0,32.13487441000005,0.3984000000000023,32
6141e202baaf234b35290426,low_MoS2,2.0,1.0,3.0,17.88540521999993,1.1079000000000008,32
6141e2049cbada84a8676aa9,low_MoS2,0.0,3.0,3.0,-0.830758000000003,1.809200000000004,32
6141e20a4e27a1844a5f032e,low_MoS2,1.0,2.0,3.0,8.512266579999984,1.1452999999999989,32
6141e20c3ac25c70a5c6c989,low_MoS2,3.0,0.0,3.0,50.18530791000004,0.1321999999999974,32
6141e21131cf3ef3d4a9f05c,low_MoS2,2.0,1.0,3.0,41.44894319999999,0.4090999999999951,32
6141e218baaf234b35290428,low_MoS2,2.0,1.0,3.0,17.86675667000008,1.1109000000000009,32
6141e2189cbada84a8676aab,low_MoS2,0.0,3.0,3.0,-0.8311055999999439,1.8081999999999996,32
6141e21d4e27a1844a5f0330,low_MoS2,1.0,2.0,3.0,8.50967171999994,1.1466999999999956,32
6141e21eee0a3fd43fb47cb9,low_MoS2,1.0,2.0,3.0,32.12825530999997,0.3780000000000001,32
6141e22731cf3ef3d4a9f05e,low_MoS2,2.0,1.0,3.0,41.42649087000014,0.3975000000000008,32
6141e22e9cbada84a8676aad,low_MoS2,0.0,3.0,3.0,-0.8317900500000519,1.8098000000000027,32
6141e2304e27a1844a5f0332,low_MoS2,1.0,2.0,3.0,8.512970199999952,1.1469000000000025,32
6141e23c31cf3ef3d4a9f060,low_MoS2,2.0,1.0,3.0,41.46180281999996,0.4112000000000009,32
6141e23cee0a3fd43fb47cbb,low_MoS2,1.0,2.0,3.0,32.1426038500001,0.4051999999999935,32
6141e2444e27a1844a5f0334,low_MoS2,1.0,2.0,3.0,8.504186019999931,1.1484999999999983,32
6141e249baaf234b3529042a,low_MoS2,2.0,1.0,3.0,17.86173737000012,1.1041999999999987,32
6141e24d9cbada84a8676aaf,low_MoS2,0.0,3.0,3.0,-0.8324124499999357,1.8087000000000015,32
6141e251ee0a3fd43fb47cbd,low_MoS2,1.0,2.0,3.0,32.08789524999996,0.4052999999999969,32
6141e25131cf3ef3d4a9f062,low_MoS2,2.0,1.0,3.0,41.46568509000004,0.3668000000000049,32
6141e2543ac25c70a5c6c98b,low_MoS2,3.0,0.0,3.0,50.72930007000006,0.381299999999996,32
6141e2574e27a1844a5f0336,low_MoS2,1.0,2.0,3.0,8.515358440000025,1.144599999999997,32
6141e2609cbada84a8676ab1,low_MoS2,0.0,3.0,3.0,-0.8314325099999564,1.809799999999996,32
6141e26431cf3ef3d4a9f064,low_MoS2,2.0,1.0,3.0,41.46731216999997,0.4134999999999991,32
6141e265ee0a3fd43fb47cbf,low_MoS2,1.0,2.0,3.0,32.14044478000004,0.4055000000000035,32
6141e26abaaf234b3529042c,low_MoS2,2.0,1.0,3.0,17.85511738000013,1.1013999999999982,32
6141e26b4e27a1844a5f0338,low_MoS2,1.0,2.0,3.0,8.506070339999976,1.1421999999999954,32
6141e27831cf3ef3d4a9f066,low_MoS2,2.0,1.0,3.0,41.48792524000005,0.4115999999999999,32
6141e27e4e27a1844a5f033a,low_MoS2,1.0,2.0,3.0,8.516841560000127,1.1447000000000005,32
6141e280baaf234b3529042e,low_MoS2,2.0,1.0,3.0,17.857296160000026,1.0035000000000025,32
6141e2893ac25c70a5c6c98d,low_MoS2,3.0,0.0,3.0,50.79930073999996,0.3823000000000007,32
6141e28b31cf3ef3d4a9f068,low_MoS2,2.0,1.0,3.0,41.43373274999995,0.3765,32
6141e28c9cbada84a8676ab3,low_MoS2,0.0,3.0,3.0,-0.8336521699999935,1.8070999999999984,32
6141e290ee0a3fd43fb47cc1,low_MoS2,1.0,2.0,3.0,32.12229318000003,0.3485000000000013,32
6141e297baaf234b35290430,low_MoS2,2.0,1.0,3.0,17.85859279999999,1.088000000000001,32
6141e29c4e27a1844a5f033c,low_MoS2,1.0,2.0,3.0,8.515529219999987,1.1448000000000036,32
6141e2a031cf3ef3d4a9f06a,low_MoS2,2.0,1.0,3.0,41.469303909999965,0.3352000000000004,32
6141e2a19cbada84a8676ab5,low_MoS2,0.0,3.0,3.0,-0.8345521900000108,1.808,32
6141e2a5ee0a3fd43fb47cc3,low_MoS2,1.0,2.0,3.0,32.14463528999998,0.4047999999999945,32
6141e2adbaaf234b35290432,low_MoS2,2.0,1.0,3.0,17.852284020000063,1.081700000000005,32
6141e2af4e27a1844a5f033e,low_MoS2,1.0,2.0,3.0,8.502141270000063,1.147199999999998,32
6141e2bd3ac25c70a5c6c98f,low_MoS2,3.0,0.0,3.0,50.75845270999995,0.3836000000000013,32
6141e2c4baaf234b35290434,low_MoS2,2.0,1.0,3.0,17.86552722999999,1.0016000000000034,32
6141e2ce4e27a1844a5f0340,low_MoS2,1.0,2.0,3.0,8.493427260000114,1.1381000000000014,32
6141e2d4ee0a3fd43fb47cc5,low_MoS2,1.0,2.0,3.0,32.148562150000075,0.3999000000000023,32
6141e2d931cf3ef3d4a9f06c,low_MoS2,2.0,1.0,3.0,41.4684956600001,0.3719000000000036,32
6141e2e14e27a1844a5f0342,low_MoS2,1.0,2.0,3.0,8.511551860000079,1.1437999999999988,32
6141e2eb9cbada84a8676ab7,low_MoS2,0.0,3.0,3.0,-0.8321141199998578,1.809200000000004,32
6141e2ed3ac25c70a5c6c991,low_MoS2,3.0,0.0,3.0,48.484527369999945,0.2213999999999956,32
6141e2ef31cf3ef3d4a9f06e,low_MoS2,2.0,1.0,3.0,41.46112187000013,0.3786999999999949,32
6141e2f0ee0a3fd43fb47cc7,low_MoS2,1.0,2.0,3.0,32.12916549000009,0.4003000000000014,32
6141e2f64e27a1844a5f0344,low_MoS2,1.0,2.0,3.0,8.496079139999917,1.1368999999999971,32
6141e3009cbada84a8676ab9,low_MoS2,0.0,3.0,3.0,-0.8315285799998833,1.8085999999999984,32
6141e301baaf234b35290436,low_MoS2,2.0,1.0,3.0,17.82722325000008,0.9413999999999944,32
6141e30931cf3ef3d4a9f070,low_MoS2,2.0,1.0,3.0,40.96477636999994,0.1512999999999991,32
6141e3149cbada84a8676abb,low_MoS2,0.0,3.0,3.0,-0.823113630000023,1.8061000000000007,32
6141e31a4e27a1844a5f0346,low_MoS2,1.0,2.0,3.0,8.51469060000002,1.1463000000000036,32
6141e31c3ac25c70a5c6c993,low_MoS2,3.0,0.0,3.0,50.83036593000012,0.339500000000001,32
6141e31f31cf3ef3d4a9f072,low_MoS2,2.0,1.0,3.0,41.39443385,0.3010000000000019,32
6141e321ee0a3fd43fb47cc9,low_MoS2,1.0,2.0,3.0,32.14611708000005,0.4007999999999967,32
6141e3299cbada84a8676abd,low_MoS2,0.0,3.0,3.0,-0.833369879999907,1.806400000000004,32
6141e33531cf3ef3d4a9f074,low_MoS2,2.0,1.0,3.0,41.47683529000001,0.3353999999999999,32
6141e336baaf234b35290438,low_MoS2,2.0,1.0,3.0,17.84410348000005,1.0855999999999997,32
6141e33c9cbada84a8676abf,low_MoS2,0.0,3.0,3.0,-0.8315671099998667,1.8084999999999951,32
6141e33d4e27a1844a5f0348,low_MoS2,1.0,2.0,3.0,8.50403540999994,1.1465999999999994,32
6141e348ee0a3fd43fb47ccb,low_MoS2,1.0,2.0,3.0,32.12204805000009,0.3510000000000062,32
6141e34b31cf3ef3d4a9f076,low_MoS2,2.0,1.0,3.0,41.43931979000008,0.3703999999999965,32
6141e34d3ac25c70a5c6c995,low_MoS2,3.0,0.0,3.0,49.83640404999998,0.165700000000001,32
6141e34dbaaf234b3529043a,low_MoS2,2.0,1.0,3.0,17.88766721000001,1.0991,32
6141e3514e27a1844a5f034a,low_MoS2,1.0,2.0,3.0,8.532531739999992,1.1362000000000023,32
6141e35cee0a3fd43fb47ccd,low_MoS2,1.0,2.0,3.0,32.1239893700001,0.3950999999999993,32
6141e36031cf3ef3d4a9f078,low_MoS2,2.0,1.0,3.0,41.4385197000001,0.410499999999999,32
6141e372baaf234b3529043c,low_MoS2,2.0,1.0,3.0,17.858639280000027,1.0021000000000058,32
6141e3729cbada84a8676ac1,low_MoS2,0.0,3.0,3.0,-0.8321059699998727,1.8089000000000013,32
6141e3734e27a1844a5f034c,low_MoS2,1.0,2.0,3.0,8.530296039999964,1.1386000000000038,32
6141e37731cf3ef3d4a9f07a,low_MoS2,2.0,1.0,3.0,41.45919466000005,0.3834999999999979,32
6141e3869cbada84a8676ac3,low_MoS2,0.0,3.0,3.0,-0.8288460200000713,1.808300000000003,32
6141e3874e27a1844a5f034e,low_MoS2,1.0,2.0,3.0,8.50548215000006,1.1499000000000024,32
6141e38b31cf3ef3d4a9f07c,low_MoS2,2.0,1.0,3.0,41.48248862999999,0.4125000000000014,32
6141e3903ac25c70a5c6c997,low_MoS2,3.0,0.0,3.0,50.32138836999994,0.1559000000000026,32
6141e392ee0a3fd43fb47ccf,low_MoS2,1.0,2.0,3.0,32.12024154999993,0.3504000000000005,32
6141e39b4e27a1844a5f0350,low_MoS2,1.0,2.0,3.0,8.50698854000009,1.1437999999999988,32
6141e39b9cbada84a8676ac5,low_MoS2,0.0,3.0,3.0,-0.8326061899999218,1.8099999999999952,32
6141e3a6ee0a3fd43fb47cd1,low_MoS2,1.0,2.0,3.0,32.12637238000001,0.3815000000000026,32
6141e3a7baaf234b3529043e,low_MoS2,2.0,1.0,3.0,17.877176870000078,1.084800000000001,32
6141e3ae9cbada84a8676ac7,low_MoS2,0.0,3.0,3.0,-0.8346670999998764,1.8078999999999965,32
6141e3af4e27a1844a5f0352,low_MoS2,1.0,2.0,3.0,8.516503840000066,1.1445000000000007,32
6141e3c03ac25c70a5c6c999,low_MoS2,3.0,0.0,3.0,50.79472083000011,0.3855999999999966,32
6141e3c431cf3ef3d4a9f07e,low_MoS2,2.0,1.0,3.0,41.489383830000136,0.4097000000000008,32
6141e3c49cbada84a8676ac9,low_MoS2,0.0,3.0,3.0,-0.8334635799998864,1.8085000000000024,32
6141e3ceee0a3fd43fb47cd3,low_MoS2,1.0,2.0,3.0,32.120726150000095,0.3843000000000032,32
6141e3d34e27a1844a5f0354,low_MoS2,1.0,2.0,3.0,8.515363989999994,1.1454000000000022,32
6141e3da31cf3ef3d4a9f080,low_MoS2,2.0,1.0,3.0,41.42987581000007,0.3830999999999989,32
6141e3dfbaaf234b35290440,low_MoS2,2.0,1.0,3.0,17.89897111000004,1.1236999999999997,32
6141e3e29cbada84a8676acb,low_MoS2,0.0,3.0,3.0,-0.8017260299999975,1.8070000000000024,32
6141e3e3ee0a3fd43fb47cd5,low_MoS2,1.0,2.0,3.0,32.13214597,0.3995999999999995,32
6141e3e84e27a1844a5f0356,low_MoS2,1.0,2.0,3.0,8.515045760000046,1.147199999999998,32
6141e3f23ac25c70a5c6c99b,low_MoS2,3.0,0.0,3.0,50.82562771000008,0.4237999999999999,32
6141e3f6baaf234b35290442,low_MoS2,2.0,1.0,3.0,17.86962452000011,1.1039999999999992,32
6141e3fdee0a3fd43fb47cd7,low_MoS2,1.0,2.0,3.0,32.14511962999994,0.4030999999999949,32
6141e3fd4e27a1844a5f0358,low_MoS2,1.0,2.0,3.0,8.514562900000126,1.1452000000000029,32
6141e40731cf3ef3d4a9f082,low_MoS2,2.0,1.0,3.0,40.96320123000005,0.1606999999999985,32
6141e40dbaaf234b35290444,low_MoS2,2.0,1.0,3.0,17.87048477000007,1.1079000000000008,32
6141e411ee0a3fd43fb47cd9,low_MoS2,1.0,2.0,3.0,32.14711177000002,0.4037000000000006,32
6141e4174e27a1844a5f035a,low_MoS2,1.0,2.0,3.0,8.527760960000048,1.1396000000000015,32
6141e41e31cf3ef3d4a9f084,low_MoS2,2.0,1.0,3.0,41.46464987999998,0.3342999999999989,32
6141e426ee0a3fd43fb47cdb,low_MoS2,1.0,2.0,3.0,32.08921940000003,0.4046999999999983,32
6141e4299cbada84a8676acd,low_MoS2,0.0,3.0,3.0,-0.8332002500000613,1.8100999999999985,32
6141e42d3ac25c70a5c6c99d,low_MoS2,3.0,0.0,3.0,50.73222174999993,0.383899999999997,32
6141e432baaf234b35290446,low_MoS2,2.0,1.0,3.0,17.849886669999925,1.093200000000003,32
6141e43e4e27a1844a5f035c,low_MoS2,1.0,2.0,3.0,8.511266179999918,1.1448999999999998,32
6141e44531cf3ef3d4a9f086,low_MoS2,2.0,1.0,3.0,41.24170496999996,0.244800000000005,32
6141e449baaf234b35290448,low_MoS2,2.0,1.0,3.0,17.89106415000014,1.0285999999999973,32
6141e44b9cbada84a8676acf,low_MoS2,0.0,3.0,3.0,-0.8301001599999722,1.808,32
6141e4534e27a1844a5f035e,low_MoS2,1.0,2.0,3.0,8.514037220000116,1.1426000000000016,32
6141e45bee0a3fd43fb47cdd,low_MoS2,1.0,2.0,3.0,32.123248620000126,0.3609999999999971,32
6141e45b31cf3ef3d4a9f088,low_MoS2,2.0,1.0,3.0,41.45205122000012,0.354300000000002,32
6141e45f3ac25c70a5c6c99f,low_MoS2,3.0,0.0,3.0,50.82567695000004,0.375,32
6141e4674e27a1844a5f0360,low_MoS2,1.0,2.0,3.0,8.513836079999944,1.1417999999999964,32
6141e470ee0a3fd43fb47cdf,low_MoS2,1.0,2.0,3.0,32.122029809999944,0.3565999999999931,32
6141e471baaf234b3529044a,low_MoS2,2.0,1.0,3.0,17.85925921000011,1.1111000000000004,32
6141e47131cf3ef3d4a9f08a,low_MoS2,2.0,1.0,3.0,41.48732543000001,0.4117000000000033,32
6141e4759cbada84a8676ad1,low_MoS2,0.0,3.0,3.0,-0.832658600000002,1.8098000000000027,32
6141e4854e27a1844a5f0362,low_MoS2,1.0,2.0,3.0,8.52738905999993,1.146100000000004,32
6141e49b4e27a1844a5f0364,low_MoS2,1.0,2.0,3.0,8.51194375999992,1.144199999999998,32
6141e49cbaaf234b3529044c,low_MoS2,2.0,1.0,3.0,17.85210467000001,1.0947000000000031,32
6141e49d3ac25c70a5c6c9a1,low_MoS2,3.0,0.0,3.0,50.82994496999997,0.3742999999999981,32
6141e4a0ee0a3fd43fb47ce1,low_MoS2,1.0,2.0,3.0,32.14394370000012,0.4018000000000015,32
6141e4a09cbada84a8676ad3,low_MoS2,0.0,3.0,3.0,-0.831854539999938,1.8085999999999984,32
6141e4a031cf3ef3d4a9f08c,low_MoS2,2.0,1.0,3.0,41.44166387000014,0.3684000000000011,32
6141e4b24e27a1844a5f0366,low_MoS2,1.0,2.0,3.0,8.51744592999992,1.1426999999999978,32
6141e4bd9cbada84a8676ad5,low_MoS2,0.0,3.0,3.0,-0.8334580400000391,1.8093999999999968,32
6141e4c331cf3ef3d4a9f08e,low_MoS2,2.0,1.0,3.0,41.49178245000003,0.4073999999999955,32
6141e4c64e27a1844a5f0368,low_MoS2,1.0,2.0,3.0,8.484412080000109,1.143900000000002,32
6141e4cfee0a3fd43fb47ce3,low_MoS2,1.0,2.0,3.0,31.954424170000028,0.2640000000000029,32
6141e4d39cbada84a8676ad7,low_MoS2,0.0,3.0,3.0,-0.8322328799999354,1.8091000000000008,32
6141e4d4baaf234b3529044e,low_MoS2,2.0,1.0,3.0,17.86830591000011,1.1101000000000028,32
6141e4d53ac25c70a5c6c9a3,low_MoS2,3.0,0.0,3.0,50.8208815300001,0.3441000000000045,32
6141e4e04e27a1844a5f036a,low_MoS2,1.0,2.0,3.0,8.516295659999994,1.1460000000000008,32
6141e4e3ee0a3fd43fb47ce5,low_MoS2,1.0,2.0,3.0,32.146304549999954,0.4010999999999995,32
6141e4e89cbada84a8676ad9,low_MoS2,0.0,3.0,3.0,-0.8049781999999936,1.807700000000004,32
6141e4f54e27a1844a5f036c,low_MoS2,1.0,2.0,3.0,8.493640689999918,1.1376999999999953,32
6141e4fb31cf3ef3d4a9f090,low_MoS2,2.0,1.0,3.0,41.46424229000009,0.3894999999999982,32
6141e4ff9cbada84a8676adb,low_MoS2,0.0,3.0,3.0,-0.8313586199998895,1.8099999999999952,32
6141e50c3ac25c70a5c6c9a5,low_MoS2,3.0,0.0,3.0,50.89066022000012,0.1876000000000033,32
6141e5159cbada84a8676add,low_MoS2,0.0,3.0,3.0,-0.8326674399999661,1.8100999999999985,32
6141e51e4e27a1844a5f036e,low_MoS2,1.0,2.0,3.0,8.509772789999968,1.144600000000004,32
6141e51fbaaf234b35290450,low_MoS2,2.0,1.0,3.0,17.867220940000145,1.1030000000000015,32
6141e52b9cbada84a8676adf,low_MoS2,0.0,3.0,3.0,-0.829839649999883,1.8068999999999988,32
6141e5324e27a1844a5f0370,low_MoS2,1.0,2.0,3.0,8.513918720000017,1.1458000000000013,32
6141e5413ac25c70a5c6c9a7,low_MoS2,3.0,0.0,3.0,50.76469031000003,0.327300000000001,32
6141e54431cf3ef3d4a9f092,low_MoS2,2.0,1.0,3.0,41.48088272000014,0.4063999999999979,32
6141e54bbaaf234b35290452,low_MoS2,2.0,1.0,3.0,17.86233431999994,1.109499999999997,32
6141e54d4e27a1844a5f0372,low_MoS2,1.0,2.0,3.0,8.511040370000071,1.1435999999999993,32
6141e5599cbada84a8676ae1,low_MoS2,0.0,3.0,3.0,-0.8285574799999154,1.8085999999999984,32
6141e562baaf234b35290454,low_MoS2,2.0,1.0,3.0,17.863961069999952,1.1096000000000004,32
6141e5644e27a1844a5f0374,low_MoS2,1.0,2.0,3.0,8.501597530000051,1.1495000000000033,32
6141e565ee0a3fd43fb47ce7,low_MoS2,1.0,2.0,3.0,31.959547560000136,0.2649000000000043,32
6141e56f9cbada84a8676ae3,low_MoS2,0.0,3.0,3.0,-0.832915299999911,1.8100000000000025,32
6141e5743ac25c70a5c6c9a9,low_MoS2,3.0,0.0,3.0,48.847323740000014,0.1448999999999998,32
6141e57abaaf234b35290456,low_MoS2,2.0,1.0,3.0,17.866249919999966,1.1114000000000033,32
6141e57aee0a3fd43fb47ce9,low_MoS2,1.0,2.0,3.0,32.121808690000066,0.3502999999999971,32
6141e57f4e27a1844a5f0376,low_MoS2,1.0,2.0,3.0,8.506118190000077,1.1457999999999942,32
6141e58031cf3ef3d4a9f094,low_MoS2,2.0,1.0,3.0,41.472259580000085,0.4149000000000029,32
6141e58b9cbada84a8676ae5,low_MoS2,0.0,3.0,3.0,-0.8313127199998576,1.8093000000000004,32
6141e592baaf234b35290458,low_MoS2,2.0,1.0,3.0,17.863199789999946,1.1041999999999987,32
6141e59731cf3ef3d4a9f096,low_MoS2,2.0,1.0,3.0,41.24488278999998,0.2590000000000003,32
6141e5994e27a1844a5f0378,low_MoS2,1.0,2.0,3.0,8.508277019999948,1.146099999999997,32
6141e5a63ac25c70a5c6c9ab,low_MoS2,3.0,0.0,3.0,50.82215587000011,0.4240999999999957,32
6141e5aabaaf234b3529045a,low_MoS2,2.0,1.0,3.0,17.867947319999978,1.087699999999998,32
6141e5ae31cf3ef3d4a9f098,low_MoS2,2.0,1.0,3.0,41.28721418999994,0.2672000000000025,32
6141e5ae4e27a1844a5f037a,low_MoS2,1.0,2.0,3.0,8.502489040000025,1.1469000000000025,32
6141e5bc9cbada84a8676ae7,low_MoS2,0.0,3.0,3.0,-0.8330800200000681,1.8093000000000004,32
6141e5c2baaf234b3529045c,low_MoS2,2.0,1.0,3.0,17.850647070000143,1.0009000000000017,32
6141e5c34e27a1844a5f037c,low_MoS2,1.0,2.0,3.0,8.497111810000003,1.134999999999998,32
6141e5c5ee0a3fd43fb47ceb,low_MoS2,1.0,2.0,3.0,32.150711819999955,0.4037000000000006,32
6141e5c531cf3ef3d4a9f09a,low_MoS2,2.0,1.0,3.0,40.97144019000002,0.1523000000000038,32
6141e5d94e27a1844a5f037e,low_MoS2,1.0,2.0,3.0,8.543711990000045,1.1803999999999988,32
6141e5daee0a3fd43fb47ced,low_MoS2,1.0,2.0,3.0,32.142932550000054,0.4028999999999954,32
6141e5dabaaf234b3529045e,low_MoS2,2.0,1.0,3.0,17.86194203000013,1.1063000000000045,32
6141e5dc3ac25c70a5c6c9ad,low_MoS2,3.0,0.0,3.0,50.75124462,0.3016000000000005,32
6141e5e79cbada84a8676ae9,low_MoS2,0.0,3.0,3.0,-0.8318442399999526,1.8095,32
6141e5ee4e27a1844a5f0380,low_MoS2,1.0,2.0,3.0,8.547759040000098,1.180799999999998,32
6141e5f031cf3ef3d4a9f09c,low_MoS2,2.0,1.0,3.0,41.49201433000003,0.4137999999999948,32
6141e5f2baaf234b35290460,low_MoS2,2.0,1.0,3.0,17.857642140000046,1.0352000000000032,32
6141e603ee0a3fd43fb47cef,low_MoS2,1.0,2.0,3.0,31.947941560000107,0.25,32
6141e6044e27a1844a5f0382,low_MoS2,1.0,2.0,3.0,8.505114119999941,1.1433999999999995,32
6141e60731cf3ef3d4a9f09e,low_MoS2,2.0,1.0,3.0,41.47676838000002,0.335099999999997,32
6141e6099cbada84a8676aeb,low_MoS2,0.0,3.0,3.0,-0.8319023799999172,1.808,32
6141e60abaaf234b35290462,low_MoS2,2.0,1.0,3.0,17.88855914000009,1.1094000000000008,32
6141e6123ac25c70a5c6c9af,low_MoS2,3.0,0.0,3.0,48.83687305999994,0.1558999999999955,32
6141e6194e27a1844a5f0384,low_MoS2,1.0,2.0,3.0,8.53675690999992,1.1464,32
6141e62131cf3ef3d4a9f0a0,low_MoS2,2.0,1.0,3.0,41.47100515000007,0.4168999999999982,32
6141e622baaf234b35290464,low_MoS2,2.0,1.0,3.0,17.86170558999992,1.1136999999999944,32
6141e627ee0a3fd43fb47cf1,low_MoS2,1.0,2.0,3.0,32.12129492000007,0.3560000000000016,32
6141e62f4e27a1844a5f0386,low_MoS2,1.0,2.0,3.0,8.513239390000106,1.1454000000000022,32
6141e6309cbada84a8676aed,low_MoS2,0.0,3.0,3.0,-0.8038690000000202,1.809599999999996,32
6141e63731cf3ef3d4a9f0a2,low_MoS2,2.0,1.0,3.0,41.41697941999992,0.3643999999999963,32
6141e63abaaf234b35290466,low_MoS2,2.0,1.0,3.0,17.825804530000134,1.136800000000001,32
6141e644ee0a3fd43fb47cf3,low_MoS2,1.0,2.0,3.0,32.136337560000115,0.4009,32
6141e6453ac25c70a5c6c9b1,low_MoS2,3.0,0.0,3.0,50.78258036999993,0.3778000000000006,32
6141e6464e27a1844a5f0388,low_MoS2,1.0,2.0,3.0,8.537700209999937,1.1448000000000036,32
6141e64d31cf3ef3d4a9f0a4,low_MoS2,2.0,1.0,3.0,41.45167631,0.3783000000000029,32
6141e6599cbada84a8676aef,low_MoS2,0.0,3.0,3.0,-0.8319011699999805,1.8093000000000004,32
6141e65e4e27a1844a5f038a,low_MoS2,1.0,2.0,3.0,8.505917980000074,1.1492000000000004,32
6141e660baaf234b35290468,low_MoS2,2.0,1.0,3.0,17.85872420000009,1.0955000000000013,32
6141e66431cf3ef3d4a9f0a6,low_MoS2,2.0,1.0,3.0,41.49262659999995,0.3449000000000026,32
6141e66f9cbada84a8676af1,low_MoS2,0.0,3.0,3.0,-0.8286849799998777,1.8078999999999965,32
6141e6744e27a1844a5f038c,low_MoS2,1.0,2.0,3.0,8.510580540000117,1.1437999999999988,32
6141e67c31cf3ef3d4a9f0a8,low_MoS2,2.0,1.0,3.0,41.49167830000006,0.4088999999999956,32
6141e682ee0a3fd43fb47cf5,low_MoS2,1.0,2.0,3.0,32.14838699999994,0.399799999999999,32
6141e6859cbada84a8676af3,low_MoS2,0.0,3.0,3.0,-0.8286682499999074,1.807300000000005,32
6141e68a4e27a1844a5f038e,low_MoS2,1.0,2.0,3.0,8.529073250000035,1.1957999999999984,32
6141e69331cf3ef3d4a9f0aa,low_MoS2,2.0,1.0,3.0,41.44728613000002,0.3783000000000029,32
6141e698ee0a3fd43fb47cf7,low_MoS2,1.0,2.0,3.0,32.12406329000008,0.3573000000000021,32
6141e69b9cbada84a8676af5,low_MoS2,0.0,3.0,3.0,-0.8229968899999562,1.8074999999999972,32
6141e69cbaaf234b3529046a,low_MoS2,2.0,1.0,3.0,17.888989880000047,0.9587000000000004,32
6141e6a14e27a1844a5f0390,low_MoS2,1.0,2.0,3.0,8.509555500000058,1.1448999999999998,32
6141e6b4baaf234b3529046c,low_MoS2,2.0,1.0,3.0,17.888902390000105,0.958199999999998,32
6141e6bf4e27a1844a5f0392,low_MoS2,1.0,2.0,3.0,8.547619700000066,1.180799999999998,32
6141e6bf3ac25c70a5c6c9b3,low_MoS2,3.0,0.0,3.0,50.78882921000005,0.3659999999999996,32
6141e6bf31cf3ef3d4a9f0ac,low_MoS2,2.0,1.0,3.0,41.46557371000013,0.3888999999999996,32
6141e6c9ee0a3fd43fb47cf9,low_MoS2,1.0,2.0,3.0,32.1234013600001,0.3770000000000024,32
6141e6d54e27a1844a5f0394,low_MoS2,1.0,2.0,3.0,8.51536418000003,1.1448000000000036,32
6141e6dcbaaf234b3529046e,low_MoS2,2.0,1.0,3.0,17.86254331999998,1.1116000000000028,32
6141e6dd31cf3ef3d4a9f0ae,low_MoS2,2.0,1.0,3.0,41.40753080999998,0.3766000000000034,32
6141e6de9cbada84a8676af7,low_MoS2,0.0,3.0,3.0,-0.831649799999866,1.8085999999999984,32
6141e6dfee0a3fd43fb47cfb,low_MoS2,1.0,2.0,3.0,32.145531860000105,0.4014999999999986,32
6141e6ef4e27a1844a5f0396,low_MoS2,1.0,2.0,3.0,8.526979539999981,1.137999999999998,32
6141e6f231cf3ef3d4a9f0b0,low_MoS2,2.0,1.0,3.0,41.443434910000136,0.3612999999999999,32
6141e6f4ee0a3fd43fb47cfd,low_MoS2,1.0,2.0,3.0,32.12620467000009,0.3940999999999945,32
6141e6f5baaf234b35290470,low_MoS2,2.0,1.0,3.0,17.8685614200001,1.087699999999998,32
6141e6f83ac25c70a5c6c9b5,low_MoS2,3.0,0.0,3.0,50.712326819999966,0.308400000000006,32
6141e7064e27a1844a5f0398,low_MoS2,1.0,2.0,3.0,8.510204449999971,1.148299999999999,32
6141e70931cf3ef3d4a9f0b2,low_MoS2,2.0,1.0,3.0,41.48185761999999,0.4048000000000016,32
6141e70aee0a3fd43fb47cff,low_MoS2,1.0,2.0,3.0,31.96383824999997,0.2646000000000015,32
6141e70ebaaf234b35290472,low_MoS2,2.0,1.0,3.0,17.948608180000058,0.6512000000000029,32
6141e7199cbada84a8676af9,low_MoS2,0.0,3.0,3.0,-0.8066137200000298,1.8065,32
6141e71c4e27a1844a5f039a,low_MoS2,1.0,2.0,3.0,8.512202440000035,1.145699999999998,32
6141e720ee0a3fd43fb47d01,low_MoS2,1.0,2.0,3.0,32.13926091000006,0.4033000000000015,32
6141e726baaf234b35290474,low_MoS2,2.0,1.0,3.0,17.903888210000098,1.117599999999996,32
6141e72c3ac25c70a5c6c9b7,low_MoS2,3.0,0.0,3.0,50.782639290000056,0.3977000000000004,32
6141e7324e27a1844a5f039c,low_MoS2,1.0,2.0,3.0,8.50856004999994,1.1439999999999984,32
6141e735ee0a3fd43fb47d03,low_MoS2,1.0,2.0,3.0,32.14566076000004,0.404600000000002,32
6141e73c31cf3ef3d4a9f0b4,low_MoS2,2.0,1.0,3.0,41.49159172999994,0.4097000000000008,32
6141e73fbaaf234b35290476,low_MoS2,2.0,1.0,3.0,17.891305860000095,1.083600000000004,32
6141e7484e27a1844a5f039e,low_MoS2,1.0,2.0,3.0,8.505306360000102,1.1424999999999983,32
6141e74bee0a3fd43fb47d05,low_MoS2,1.0,2.0,3.0,32.126514049999955,0.3508999999999957,32
6141e75431cf3ef3d4a9f0b6,low_MoS2,2.0,1.0,3.0,41.28570752000015,0.2691000000000016,32
6141e75bbaaf234b35290478,low_MoS2,2.0,1.0,3.0,17.8706691100001,1.109099999999998,32
6141e75e9cbada84a8676afb,low_MoS2,0.0,3.0,3.0,-0.8314344499999038,1.8088999999999944,32
6141e7613ac25c70a5c6c9b9,low_MoS2,3.0,0.0,3.0,50.70110637999998,0.3044999999999973,32
6141e7654e27a1844a5f03a0,low_MoS2,1.0,2.0,3.0,8.510860809999965,1.1476000000000042,32
6141e766ee0a3fd43fb47d07,low_MoS2,1.0,2.0,3.0,32.12855387000012,0.3486999999999938,32
6141e76c31cf3ef3d4a9f0b8,low_MoS2,2.0,1.0,3.0,41.435318450000025,0.4119000000000028,32
6141e774baaf234b3529047a,low_MoS2,2.0,1.0,3.0,17.862622959999946,1.1098,32
6141e7759cbada84a8676afd,low_MoS2,0.0,3.0,3.0,-0.8319050299998594,1.8093000000000004,32
6141e77cee0a3fd43fb47d09,low_MoS2,1.0,2.0,3.0,32.146593960000004,0.4024000000000001,32
6141e77c4e27a1844a5f03a2,low_MoS2,1.0,2.0,3.0,8.517728670000022,1.147999999999996,32
6141e78631cf3ef3d4a9f0ba,low_MoS2,2.0,1.0,3.0,41.47420395000013,0.4138999999999981,32
6141e78c9cbada84a8676aff,low_MoS2,0.0,3.0,3.0,-0.8322274500000617,1.808300000000003,32
6141e792ee0a3fd43fb47d0b,low_MoS2,1.0,2.0,3.0,32.144540669999955,0.4024000000000001,32
6141e7953ac25c70a5c6c9bb,low_MoS2,3.0,0.0,3.0,50.80877060999993,0.3843000000000032,32
6141e799baaf234b3529047c,low_MoS2,2.0,1.0,3.0,17.866835980000126,1.0889999999999986,32
6141e79b4e27a1844a5f03a4,low_MoS2,1.0,2.0,3.0,8.515415829999963,1.1462999999999963,32
6141e79e31cf3ef3d4a9f0bc,low_MoS2,2.0,1.0,3.0,41.46254601000005,0.3858999999999994,32
6141e7b24e27a1844a5f03a6,low_MoS2,1.0,2.0,3.0,8.565775020000071,1.1700000000000017,32
6141e7bcbaaf234b3529047e,low_MoS2,2.0,1.0,3.0,17.86493231000008,1.109899999999996,32
6141e7c531cf3ef3d4a9f0be,low_MoS2,2.0,1.0,3.0,41.485646230000114,0.4149000000000029,32
6141e7c84e27a1844a5f03a8,low_MoS2,1.0,2.0,3.0,8.515651740000092,1.1437000000000026,32
6141e7c8ee0a3fd43fb47d0d,low_MoS2,1.0,2.0,3.0,32.14372530000013,0.4014999999999986,32
6141e7d19cbada84a8676b01,low_MoS2,0.0,3.0,3.0,-0.832591519999994,1.8106000000000009,32
6141e7de4e27a1844a5f03aa,low_MoS2,1.0,2.0,3.0,8.52497745999997,1.1381000000000014,32
6141e7dfee0a3fd43fb47d0f,low_MoS2,1.0,2.0,3.0,32.08580339000012,0.4063999999999979,32
6141e7e89cbada84a8676b03,low_MoS2,0.0,3.0,3.0,-0.804189679999979,1.8076000000000008,32
6141e7f64e27a1844a5f03ac,low_MoS2,1.0,2.0,3.0,8.545216860000007,1.1791000000000054,32
6141e7f73ac25c70a5c6c9bd,low_MoS2,3.0,0.0,3.0,50.89523311999998,0.1602000000000032,32
6141e7f931cf3ef3d4a9f0c0,low_MoS2,2.0,1.0,3.0,41.28515860000012,0.2674000000000021,32
6141e7fabaaf234b35290480,low_MoS2,2.0,1.0,3.0,17.8541886800001,1.0043000000000006,32
6141e8009cbada84a8676b05,low_MoS2,0.0,3.0,3.0,-0.8286606599999118,1.8089000000000013,32
6141e80bee0a3fd43fb47d11,low_MoS2,1.0,2.0,3.0,32.1458688,0.4014000000000024,32
6141e80d4e27a1844a5f03ae,low_MoS2,1.0,2.0,3.0,8.498989819999931,1.1499000000000024,32
6141e81031cf3ef3d4a9f0c2,low_MoS2,2.0,1.0,3.0,41.4883543800001,0.4121999999999985,32
6141e813baaf234b35290482,low_MoS2,2.0,1.0,3.0,17.86649355000008,1.1114999999999997,32
6141e81d9cbada84a8676b07,low_MoS2,0.0,3.0,3.0,-0.8038535299999126,1.808299999999996,32
6141e821ee0a3fd43fb47d13,low_MoS2,1.0,2.0,3.0,32.149960250000035,0.403100000000002,32
6141e8254e27a1844a5f03b0,low_MoS2,1.0,2.0,3.0,8.564122669999986,1.1357,32
6141e82931cf3ef3d4a9f0c4,low_MoS2,2.0,1.0,3.0,41.46289066000004,0.4009,32
6141e82c3ac25c70a5c6c9bf,low_MoS2,3.0,0.0,3.0,50.82222429000005,0.3421999999999983,32
6141e834baaf234b35290484,low_MoS2,2.0,1.0,3.0,17.821360489999954,1.1062999999999974,32
6141e838ee0a3fd43fb47d15,low_MoS2,1.0,2.0,3.0,32.12288181999996,0.3490000000000037,32
6141e84dbaaf234b35290486,low_MoS2,2.0,1.0,3.0,17.94536893000008,0.6535999999999973,32
6141e84d4e27a1844a5f03b2,low_MoS2,1.0,2.0,3.0,8.507572790000065,1.147300000000001,32
6141e84fee0a3fd43fb47d17,low_MoS2,1.0,2.0,3.0,32.146337849999995,0.4017999999999944,32
6141e85a31cf3ef3d4a9f0c6,low_MoS2,2.0,1.0,3.0,39.48821719000007,0.1518000000000015,32
6141e8643ac25c70a5c6c9c1,low_MoS2,3.0,0.0,3.0,48.82948318999994,0.1583000000000041,32
6141e8644e27a1844a5f03b4,low_MoS2,1.0,2.0,3.0,8.511220829999981,1.1433000000000035,32
6141e866baaf234b35290488,low_MoS2,2.0,1.0,3.0,17.854061040000026,1.1118000000000023,32
6141e87331cf3ef3d4a9f0c8,low_MoS2,2.0,1.0,3.0,41.47516327000013,0.3331999999999979,32
6141e8749cbada84a8676b09,low_MoS2,0.0,3.0,3.0,-0.8318015199999422,1.809899999999999,32
6141e87fbaaf234b3529048a,low_MoS2,2.0,1.0,3.0,17.887283230000087,0.9583000000000012,32
6141e882ee0a3fd43fb47d19,low_MoS2,1.0,2.0,3.0,32.029793339999955,0.4159999999999968,32
6141e88b9cbada84a8676b0b,low_MoS2,0.0,3.0,3.0,-0.8316321399999538,1.808399999999999,32
6141e88b31cf3ef3d4a9f0ca,low_MoS2,2.0,1.0,3.0,41.43677270000008,0.4104000000000027,32
6141e899baaf234b3529048c,low_MoS2,2.0,1.0,3.0,17.864294160000092,1.1114999999999997,32
6141e8aa31cf3ef3d4a9f0cc,low_MoS2,2.0,1.0,3.0,41.45626151000006,0.3880000000000052,32
6141e8aaee0a3fd43fb47d1b,low_MoS2,1.0,2.0,3.0,32.14431319999993,0.4059999999999988,32
6141e8b19cbada84a8676b0d,low_MoS2,0.0,3.0,3.0,-0.8039168499998937,1.808799999999998,32
6141e8b23ac25c70a5c6c9c3,low_MoS2,3.0,0.0,3.0,50.819196620000106,0.3393999999999977,32
6141e8b54e27a1844a5f03b6,low_MoS2,1.0,2.0,3.0,8.515437219999992,1.1452999999999989,32
6141e8bbbaaf234b3529048e,low_MoS2,2.0,1.0,3.0,17.86948370000004,1.1077999999999977,32
6141e8c331cf3ef3d4a9f0ce,low_MoS2,2.0,1.0,3.0,41.28887215999994,0.2535999999999987,32
6141e8c89cbada84a8676b0f,low_MoS2,0.0,3.0,3.0,-0.8314788800000201,1.809199999999997,32
6141e8cc4e27a1844a5f03b8,low_MoS2,1.0,2.0,3.0,8.510109840000066,1.1489000000000047,32
6141e8d5baaf234b35290490,low_MoS2,2.0,1.0,3.0,17.893132749999943,1.077999999999996,32
6141e8d5ee0a3fd43fb47d1d,low_MoS2,1.0,2.0,3.0,31.957126440000128,0.2620999999999966,32
6141e8e09cbada84a8676b11,low_MoS2,0.0,3.0,3.0,-0.8305400199998871,1.8091000000000008,32
6141e8e34e27a1844a5f03ba,low_MoS2,1.0,2.0,3.0,8.511316820000072,1.1435999999999993,32
6141e8e83ac25c70a5c6c9c5,low_MoS2,3.0,0.0,3.0,50.771868210000015,0.3793000000000006,32
6141e8efbaaf234b35290492,low_MoS2,2.0,1.0,3.0,17.870247159999955,1.1081999999999963,32
6141e8f131cf3ef3d4a9f0d0,low_MoS2,2.0,1.0,3.0,41.46004630000012,0.3826999999999998,32
6141e901ee0a3fd43fb47d1f,low_MoS2,1.0,2.0,3.0,31.96061110000004,0.2670999999999992,32
6141e90a31cf3ef3d4a9f0d2,low_MoS2,2.0,1.0,3.0,41.46384804999998,0.3316000000000016,32
6141e9104e27a1844a5f03bc,low_MoS2,1.0,2.0,3.0,8.517284730000053,1.1452000000000029,32
6141e918ee0a3fd43fb47d21,low_MoS2,1.0,2.0,3.0,32.146440980000065,0.4009,32
6141e91abaaf234b35290494,low_MoS2,2.0,1.0,3.0,17.886998319999968,1.0981000000000023,32
6141e91e3ac25c70a5c6c9c7,low_MoS2,3.0,0.0,3.0,50.901417709999954,0.1762999999999976,32
6141e92431cf3ef3d4a9f0d4,low_MoS2,2.0,1.0,3.0,41.44219420000009,0.4093000000000018,32
6141e92a9cbada84a8676b13,low_MoS2,0.0,3.0,3.0,-0.8316747999999166,1.8089000000000013,32
6141e934ee0a3fd43fb47d23,low_MoS2,1.0,2.0,3.0,32.14454554999996,0.4024000000000001,32
6141e9374e27a1844a5f03be,low_MoS2,1.0,2.0,3.0,8.509034060000001,1.145699999999998,32
6141e949baaf234b35290496,low_MoS2,2.0,1.0,3.0,17.857839259999984,1.039500000000004,32
6141e94bee0a3fd43fb47d25,low_MoS2,1.0,2.0,3.0,32.08872487999996,0.4051000000000044,32
6141e94f9cbada84a8676b15,low_MoS2,0.0,3.0,3.0,-0.8322973100000013,1.809199999999997,32
6141e9504e27a1844a5f03c0,low_MoS2,1.0,2.0,3.0,8.504973569999972,1.147200000000005,32
6141e95831cf3ef3d4a9f0d6,low_MoS2,2.0,1.0,3.0,41.45835525999992,0.3678000000000025,32
6141e963baaf234b35290498,low_MoS2,2.0,1.0,3.0,17.876473400000116,1.0917999999999992,32
6141e9679cbada84a8676b17,low_MoS2,0.0,3.0,3.0,-0.8289490999999884,1.8078000000000003,32
6141e9674e27a1844a5f03c2,low_MoS2,1.0,2.0,3.0,8.495965359999925,1.150199999999998,32
6141e96dee0a3fd43fb47d27,low_MoS2,1.0,2.0,3.0,32.14474882000012,0.4055999999999997,32
6141e97131cf3ef3d4a9f0d8,low_MoS2,2.0,1.0,3.0,41.44607644999992,0.3586999999999989,32
6141e97dbaaf234b3529049a,low_MoS2,2.0,1.0,3.0,17.901097709999924,1.1263999999999967,32
6141e97e9cbada84a8676b19,low_MoS2,0.0,3.0,3.0,-0.8309831599999029,1.8086999999999944,32
6141e9834e27a1844a5f03c4,low_MoS2,1.0,2.0,3.0,8.508748570000105,1.1462000000000003,32
6141e988ee0a3fd43fb47d29,low_MoS2,1.0,2.0,3.0,31.94761560000005,0.2430999999999983,32
6141e98b31cf3ef3d4a9f0da,low_MoS2,2.0,1.0,3.0,41.41906994999995,0.4176000000000002,32
6141e9969cbada84a8676b1b,low_MoS2,0.0,3.0,3.0,-0.8318881299998679,1.808299999999996,32
6141e99b4e27a1844a5f03c6,low_MoS2,1.0,2.0,3.0,8.516237439999966,1.1445000000000007,32
6141e9a5ee0a3fd43fb47d2b,low_MoS2,1.0,2.0,3.0,32.123149450000014,0.3522000000000034,32
6141e9ae9cbada84a8676b1d,low_MoS2,0.0,3.0,3.0,-0.8311716400000364,1.808799999999998,32
6141e9b03ac25c70a5c6c9c9,low_MoS2,3.0,0.0,3.0,50.74556133999992,0.375399999999999,32
6141e9b34e27a1844a5f03c8,low_MoS2,1.0,2.0,3.0,8.529557390000061,1.137599999999999,32
6141e9b6baaf234b3529049c,low_MoS2,2.0,1.0,3.0,17.86978498000007,1.110199999999999,32
6141e9b831cf3ef3d4a9f0dc,low_MoS2,2.0,1.0,3.0,41.472972870000106,0.4146999999999963,32
6141e9d0baaf234b3529049e,low_MoS2,2.0,1.0,3.0,17.930728519999995,0.6529999999999987,32
6141e9d34e27a1844a5f03ca,low_MoS2,1.0,2.0,3.0,8.513667989999956,1.1466999999999956,32
6141e9d59cbada84a8676b1f,low_MoS2,0.0,3.0,3.0,-0.8312277899999003,1.8088999999999944,32
6141e9e131cf3ef3d4a9f0de,low_MoS2,2.0,1.0,3.0,41.47859874000001,0.4155000000000015,32
6141e9e6ee0a3fd43fb47d2d,low_MoS2,1.0,2.0,3.0,32.12539258000014,0.349499999999999,32
6141e9e99cbada84a8676b21,low_MoS2,0.0,3.0,3.0,-0.8325735000000236,1.8087000000000015,32
6141e9eabaaf234b352904a0,low_MoS2,2.0,1.0,3.0,17.866219640000047,1.1036999999999964,32
6141e9eb3ac25c70a5c6c9cb,low_MoS2,3.0,0.0,3.0,50.83014975000007,0.4253,32
6141e9fa31cf3ef3d4a9f0e0,low_MoS2,2.0,1.0,3.0,41.46172621000001,0.3876000000000061,32
6141e9fdee0a3fd43fb47d2f,low_MoS2,1.0,2.0,3.0,32.13177067000014,0.3980999999999994,32
6141ea024e27a1844a5f03cc,low_MoS2,1.0,2.0,3.0,8.516191879999976,1.1443000000000012,32
6141ea079cbada84a8676b23,low_MoS2,0.0,3.0,3.0,-0.8326794599999516,1.8098000000000027,32
6141ea11baaf234b352904a2,low_MoS2,2.0,1.0,3.0,17.88841545000013,1.1060000000000016,32
6141ea1331cf3ef3d4a9f0e2,low_MoS2,2.0,1.0,3.0,41.467902240000015,0.3962000000000003,32
6141ea15ee0a3fd43fb47d31,low_MoS2,1.0,2.0,3.0,32.14561939999997,0.402000000000001,32
6141ea263ac25c70a5c6c9cd,low_MoS2,3.0,0.0,3.0,50.80439672000004,0.3726999999999947,32
6141ea2bbaaf234b352904a4,low_MoS2,2.0,1.0,3.0,17.878608980000074,1.1012999999999948,32
6141ea2c31cf3ef3d4a9f0e4,low_MoS2,2.0,1.0,3.0,41.48227941,0.4083000000000041,32
6141ea2f4e27a1844a5f03ce,low_MoS2,1.0,2.0,3.0,8.528634690000015,1.1402999999999963,32
6141ea464e27a1844a5f03d0,low_MoS2,1.0,2.0,3.0,8.50962430999996,1.145700000000005,32
6141ea5e31cf3ef3d4a9f0e6,low_MoS2,2.0,1.0,3.0,41.466427759999945,0.3389000000000024,32
6141ea5ebaaf234b352904a6,low_MoS2,2.0,1.0,3.0,17.90487034000011,1.116100000000003,32
6141ea619cbada84a8676b25,low_MoS2,0.0,3.0,3.0,-0.8042218299999035,1.808399999999999,32
6141ea65ee0a3fd43fb47d33,low_MoS2,1.0,2.0,3.0,32.12569439000002,0.349499999999999,32
6141ea6d4e27a1844a5f03d2,low_MoS2,1.0,2.0,3.0,8.512406419999959,1.147599999999997,32
6141ea78baaf234b352904a8,low_MoS2,2.0,1.0,3.0,17.882021890000026,1.0976,32
6141ea7f31cf3ef3d4a9f0e8,low_MoS2,2.0,1.0,3.0,41.47755327,0.4076999999999984,32
6141ea81ee0a3fd43fb47d35,low_MoS2,1.0,2.0,3.0,32.12624404000006,0.3789000000000015,32
6141ea854e27a1844a5f03d4,low_MoS2,1.0,2.0,3.0,8.514714930000107,1.1410999999999945,32
6141ea9d31cf3ef3d4a9f0ea,low_MoS2,2.0,1.0,3.0,41.49029373999993,0.4095000000000013,32
6141eaa3baaf234b352904aa,low_MoS2,2.0,1.0,3.0,17.86596506,1.103899999999996,32
6141eaac4e27a1844a5f03d6,low_MoS2,1.0,2.0,3.0,8.538277970000106,1.180799999999998,32
6141eaadee0a3fd43fb47d37,low_MoS2,1.0,2.0,3.0,32.1482608000001,0.3986000000000018,32
6141eaae9cbada84a8676b27,low_MoS2,0.0,3.0,3.0,-0.8310182699999018,1.8095,32
6141eac5ee0a3fd43fb47d39,low_MoS2,1.0,2.0,3.0,32.14554597999994,0.402000000000001,32
6141eac53ac25c70a5c6c9cf,low_MoS2,3.0,0.0,3.0,50.775994870000126,0.3830999999999989,32
6141eacc31cf3ef3d4a9f0ec,low_MoS2,2.0,1.0,3.0,41.481709430000095,0.4151999999999987,32
6141ead94e27a1844a5f03d8,low_MoS2,1.0,2.0,3.0,8.517512560000139,1.1480999999999997,32
6141eadcee0a3fd43fb47d3b,low_MoS2,1.0,2.0,3.0,32.12981172000012,0.3982000000000028,32
6141eae2baaf234b352904ac,low_MoS2,2.0,1.0,3.0,17.858940130000057,1.111699999999999,32
6141eae831cf3ef3d4a9f0ee,low_MoS2,2.0,1.0,3.0,41.49291776000014,0.4031999999999982,32
6141eaf14e27a1844a5f03da,low_MoS2,1.0,2.0,3.0,8.513839170000008,1.145699999999998,32
6141eaf5ee0a3fd43fb47d3d,low_MoS2,1.0,2.0,3.0,32.14877021000005,0.402000000000001,32
6141eafcbaaf234b352904ae,low_MoS2,2.0,1.0,3.0,17.905858699999946,1.123199999999997,32
6141eafe9cbada84a8676b29,low_MoS2,0.0,3.0,3.0,-0.8018309599999043,1.8070000000000024,32
6141eb0231cf3ef3d4a9f0f0,low_MoS2,2.0,1.0,3.0,41.47941460000011,0.4135999999999953,32
6141eb033ac25c70a5c6c9d1,low_MoS2,3.0,0.0,3.0,50.76961137999994,0.4078000000000017,32
6141eb094e27a1844a5f03dc,low_MoS2,1.0,2.0,3.0,8.533042029999958,1.1387999999999965,32
6141eb13ee0a3fd43fb47d3f,low_MoS2,1.0,2.0,3.0,32.15185137000002,0.4043999999999954,32
6141eb16baaf234b352904b0,low_MoS2,2.0,1.0,3.0,17.853564949999956,1.0879000000000048,32
6141eb1b31cf3ef3d4a9f0f2,low_MoS2,2.0,1.0,3.0,41.4409915400001,0.3719000000000036,32
6141eb2aee0a3fd43fb47d41,low_MoS2,1.0,2.0,3.0,32.149204380000114,0.3993000000000037,32
6141eb2d9cbada84a8676b2b,low_MoS2,0.0,3.0,3.0,-0.8319854000000646,1.8088999999999944,32
6141eb31baaf234b352904b2,low_MoS2,2.0,1.0,3.0,17.88163796999992,0.9598000000000012,32
6141eb334e27a1844a5f03de,low_MoS2,1.0,2.0,3.0,8.513904670000127,1.1460000000000008,32
6141eb3531cf3ef3d4a9f0f4,low_MoS2,2.0,1.0,3.0,41.42965253000007,0.3767999999999958,32
6141eb43ee0a3fd43fb47d43,low_MoS2,1.0,2.0,3.0,32.15783488999999,0.4050999999999973,32
6141eb4e4e27a1844a5f03e0,low_MoS2,1.0,2.0,3.0,8.537953040000072,1.179499999999997,32
6141eb5a9cbada84a8676b2d,low_MoS2,0.0,3.0,3.0,-0.8299346700000001,1.8085000000000024,32
6141eb60ee0a3fd43fb47d45,low_MoS2,1.0,2.0,3.0,32.13981690000013,0.4045999999999949,32
6141eb613ac25c70a5c6c9d3,low_MoS2,3.0,0.0,3.0,50.812933739999984,0.3372000000000028,32
6141eb6131cf3ef3d4a9f0f6,low_MoS2,2.0,1.0,3.0,41.45322011000003,0.3769000000000062,32
6141eb6fbaaf234b352904b4,low_MoS2,2.0,1.0,3.0,17.82494259999998,0.9412999999999982,32
6141eb719cbada84a8676b2f,low_MoS2,0.0,3.0,3.0,-0.8219066900000485,1.806199999999997,32
6141eb78ee0a3fd43fb47d47,low_MoS2,1.0,2.0,3.0,32.14433172999996,0.4049000000000049,32
6141eb7a31cf3ef3d4a9f0f8,low_MoS2,2.0,1.0,3.0,41.42405690999995,0.3796000000000035,32
6141eb834e27a1844a5f03e2,low_MoS2,1.0,2.0,3.0,8.538464850000107,1.1818999999999988,32
6141eb89baaf234b352904b6,low_MoS2,2.0,1.0,3.0,17.87243349000004,1.0374000000000052,32
6141eb9431cf3ef3d4a9f0fa,low_MoS2,2.0,1.0,3.0,41.48721876000009,0.4117000000000033,32
6141eb9b3ac25c70a5c6c9d5,low_MoS2,3.0,0.0,3.0,50.82067984000006,0.4096000000000046,32
6141eba4baaf234b352904b8,low_MoS2,2.0,1.0,3.0,17.888115790000022,1.104300000000002,32
6141eba8ee0a3fd43fb47d49,low_MoS2,1.0,2.0,3.0,32.125348560000006,0.3485000000000013,32
6141eba99cbada84a8676b31,low_MoS2,0.0,3.0,3.0,-0.7782013600000823,1.8061000000000007,32
6141ebb54e27a1844a5f03e4,low_MoS2,1.0,2.0,3.0,8.505703139999948,1.1441000000000017,32
6141ebc7baaf234b352904ba,low_MoS2,2.0,1.0,3.0,17.814397240000055,0.9433000000000008,32
6141ebce31cf3ef3d4a9f0fc,low_MoS2,2.0,1.0,3.0,41.47335188000007,0.4121999999999985,32
6141ebce4e27a1844a5f03e6,low_MoS2,1.0,2.0,3.0,8.505067520000036,1.1463000000000036,32
6141ebde3ac25c70a5c6c9d7,low_MoS2,3.0,0.0,3.0,50.81450467999995,0.3423999999999978,32
6141ebe2baaf234b352904bc,low_MoS2,2.0,1.0,3.0,17.8589914900001,1.1058999999999983,32
6141ebf19cbada84a8676b33,low_MoS2,0.0,3.0,3.0,-0.803900609999971,1.8095,32
6141ebfb4e27a1844a5f03e8,low_MoS2,1.0,2.0,3.0,8.513847389999935,1.1459999999999937,32
6141ebfcee0a3fd43fb47d4b,low_MoS2,1.0,2.0,3.0,32.08768005,0.405300000000004,32
6141ec0431cf3ef3d4a9f0fe,low_MoS2,2.0,1.0,3.0,41.49063382000004,0.4084999999999965,32
6141ec14ee0a3fd43fb47d4d,low_MoS2,1.0,2.0,3.0,31.954752750000115,0.2631000000000014,32
6141ec16baaf234b352904be,low_MoS2,2.0,1.0,3.0,17.85763926999993,1.0906999999999982,32
6141ec179cbada84a8676b35,low_MoS2,0.0,3.0,3.0,-0.8289482299998667,1.8074000000000008,32
6141ec1b3ac25c70a5c6c9d9,low_MoS2,3.0,0.0,3.0,50.79667132000001,0.4138000000000019,32
6141ec214e27a1844a5f03ea,low_MoS2,1.0,2.0,3.0,8.510613599999967,1.142799999999994,32
6141ec3931cf3ef3d4a9f100,low_MoS2,2.0,1.0,3.0,41.3682685400001,0.298099999999998,32
6141ec43ee0a3fd43fb47d4f,low_MoS2,1.0,2.0,3.0,32.090144830000085,0.404200000000003,32
6141ec499cbada84a8676b37,low_MoS2,0.0,3.0,3.0,-0.8315721299999836,1.8086999999999944,32
6141ec5331cf3ef3d4a9f102,low_MoS2,2.0,1.0,3.0,41.48711296000006,0.4063999999999979,32
6141ec564e27a1844a5f03ec,low_MoS2,1.0,2.0,3.0,8.517312669999935,1.143000000000001,32
6141ec563ac25c70a5c6c9db,low_MoS2,3.0,0.0,3.0,50.67729701,0.296599999999998,32
6141ec609cbada84a8676b39,low_MoS2,0.0,3.0,3.0,-0.8332313499999486,1.8074999999999972,32
6141ec61baaf234b352904c0,low_MoS2,2.0,1.0,3.0,17.866051480000117,1.0846000000000018,32
6141ec6bee0a3fd43fb47d51,low_MoS2,1.0,2.0,3.0,32.12821738000001,0.3800999999999987,32
6141ec6d31cf3ef3d4a9f104,low_MoS2,2.0,1.0,3.0,41.41738062000009,0.3794000000000039,32
6141ec6e4e27a1844a5f03ee,low_MoS2,1.0,2.0,3.0,8.528502140000025,1.140100000000004,32
6141ec82baaf234b352904c2,low_MoS2,2.0,1.0,3.0,17.897554399999983,1.0962999999999994,32
6141ec864e27a1844a5f03f0,low_MoS2,1.0,2.0,3.0,8.510783740000104,1.1482000000000028,32
6141ec8731cf3ef3d4a9f106,low_MoS2,2.0,1.0,3.0,41.45419261000002,0.3766999999999996,32
6141ec923ac25c70a5c6c9dd,low_MoS2,3.0,0.0,3.0,50.77415447000013,0.379800000000003,32
6141ec97ee0a3fd43fb47d53,low_MoS2,1.0,2.0,3.0,32.15170420999992,0.398699999999998,32
6141ec9f9cbada84a8676b3b,low_MoS2,0.0,3.0,3.0,-0.8235559799999805,1.8061000000000007,32
6141eca131cf3ef3d4a9f108,low_MoS2,2.0,1.0,3.0,41.46493883000012,0.4042999999999992,32
6141ecaf4e27a1844a5f03f2,low_MoS2,1.0,2.0,3.0,8.50865300000012,1.1488000000000014,32
6141ecb0ee0a3fd43fb47d55,low_MoS2,1.0,2.0,3.0,32.145959140000045,0.4012999999999991,32
6141ecb0baaf234b352904c4,low_MoS2,2.0,1.0,3.0,17.876610600000042,1.0851000000000042,32
6141ecba31cf3ef3d4a9f10a,low_MoS2,2.0,1.0,3.0,41.47460334000012,0.332800000000006,32
6141eccb9cbada84a8676b3d,low_MoS2,0.0,3.0,3.0,-0.8329385300000354,1.8085999999999984,32
6141ecd04e27a1844a5f03f4,low_MoS2,1.0,2.0,3.0,8.515145370000052,1.144600000000004,32
6141ecddbaaf234b352904c6,low_MoS2,2.0,1.0,3.0,17.84355163999998,1.092800000000004,32
6141ecdf31cf3ef3d4a9f10c,low_MoS2,2.0,1.0,3.0,41.46096800000005,0.3724999999999951,32
6141ece2ee0a3fd43fb47d57,low_MoS2,1.0,2.0,3.0,32.15112636000002,0.3870000000000004,32
6141ece94e27a1844a5f03f6,low_MoS2,1.0,2.0,3.0,8.505432279999948,1.149799999999999,32
6141ecf03ac25c70a5c6c9df,low_MoS2,3.0,0.0,3.0,50.7865167900001,0.3859999999999957,32
6141ed024e27a1844a5f03f8,low_MoS2,1.0,2.0,3.0,8.509784549999974,1.1468999999999951,32
6141ed1abaaf234b352904c8,low_MoS2,2.0,1.0,3.0,17.88442989999998,1.1066000000000005,32
6141ed1a4e27a1844a5f03fa,low_MoS2,1.0,2.0,3.0,8.531127669999957,1.1377999999999986,32
6141ed1a9cbada84a8676b3f,low_MoS2,0.0,3.0,3.0,-0.8326962699999854,1.808299999999996,32
6141ed27ee0a3fd43fb47d59,low_MoS2,1.0,2.0,3.0,32.148627290000135,0.3992000000000004,32
6141ed2e3ac25c70a5c6c9e1,low_MoS2,3.0,0.0,3.0,50.79544284,0.4039000000000001,32
6141ed339cbada84a8676b41,low_MoS2,0.0,3.0,3.0,-0.8293443699998875,1.8087000000000015,32
6141ed36baaf234b352904ca,low_MoS2,2.0,1.0,3.0,17.896395920000025,1.1047000000000011,32
6141ed3e4e27a1844a5f03fc,low_MoS2,1.0,2.0,3.0,8.516522659999989,1.141600000000004,32
6141ed4f31cf3ef3d4a9f10e,low_MoS2,2.0,1.0,3.0,41.47130409999996,0.3376999999999981,32
6141ed574e27a1844a5f03fe,low_MoS2,1.0,2.0,3.0,8.530200590000074,1.1370000000000005,32
6141ed66baaf234b352904cc,low_MoS2,2.0,1.0,3.0,17.86548061000007,1.106099999999998,32
6141ed6931cf3ef3d4a9f110,low_MoS2,2.0,1.0,3.0,41.483579350000085,0.4115000000000037,32
6141ed6b3ac25c70a5c6c9e3,low_MoS2,3.0,0.0,3.0,50.81705703000004,0.3856999999999999,32
6141ed704e27a1844a5f0400,low_MoS2,1.0,2.0,3.0,8.508379050000055,1.145699999999998,32
6141ed78ee0a3fd43fb47d5b,low_MoS2,1.0,2.0,3.0,32.134203289999945,0.4016000000000019,32
6141ed82baaf234b352904ce,low_MoS2,2.0,1.0,3.0,17.85281581000003,1.094799999999999,32
6141ed849cbada84a8676b43,low_MoS2,0.0,3.0,3.0,-0.8317326099999605,1.8078999999999965,32
6141ed894e27a1844a5f0402,low_MoS2,1.0,2.0,3.0,8.511720140000104,1.1456000000000015,32
6141ed9a31cf3ef3d4a9f112,low_MoS2,2.0,1.0,3.0,40.93527614,0.1816000000000031,32
6141ed9d9cbada84a8676b45,low_MoS2,0.0,3.0,3.0,-0.8287115400000289,1.807900000000004,32
6141eda24e27a1844a5f0404,low_MoS2,1.0,2.0,3.0,8.493766419999954,1.137900000000002,32
6141edacbaaf234b352904d0,low_MoS2,2.0,1.0,3.0,17.859957760000036,1.0840000000000032,32
6141edb831cf3ef3d4a9f114,low_MoS2,2.0,1.0,3.0,41.27708023999999,0.2578000000000031,32
6141edbb4e27a1844a5f0406,low_MoS2,1.0,2.0,3.0,8.511975390000114,1.143500000000003,32
6141edbe9cbada84a8676b47,low_MoS2,0.0,3.0,3.0,-0.8301493700000151,1.8074000000000008,32
6141edc8baaf234b352904d2,low_MoS2,2.0,1.0,3.0,17.868937729999963,1.088899999999995,32
6141edceee0a3fd43fb47d5d,low_MoS2,1.0,2.0,3.0,32.122277960000005,0.3500000000000014,32
6141edd44e27a1844a5f0408,low_MoS2,1.0,2.0,3.0,8.495771180000045,1.1402,32
6141edd931cf3ef3d4a9f116,low_MoS2,2.0,1.0,3.0,41.44175194999998,0.3873000000000033,32
6141ede4baaf234b352904d4,low_MoS2,2.0,1.0,3.0,17.88707130000011,1.1077000000000012,32
6141ede7ee0a3fd43fb47d5f,low_MoS2,1.0,2.0,3.0,32.11651849999997,0.3864000000000018,32
6141edea3ac25c70a5c6c9e5,low_MoS2,3.0,0.0,3.0,50.82645304000008,0.3423999999999978,32
6141eded4e27a1844a5f040a,low_MoS2,1.0,2.0,3.0,8.50726467999996,1.1448999999999998,32
6141ee00baaf234b352904d6,low_MoS2,2.0,1.0,3.0,17.82203941000011,1.1073000000000022,32
6141ee0631cf3ef3d4a9f118,low_MoS2,2.0,1.0,3.0,41.460124330000056,0.3888999999999996,32
6141ee064e27a1844a5f040c,low_MoS2,1.0,2.0,3.0,8.510170649999989,1.1462000000000003,32
6141ee1bbaaf234b352904d8,low_MoS2,2.0,1.0,3.0,17.859541179999944,1.0904999999999987,32
6141ee204e27a1844a5f040e,low_MoS2,1.0,2.0,3.0,8.512618440000121,1.1351999999999975,32
6141ee229cbada84a8676b49,low_MoS2,0.0,3.0,3.0,-0.8318026199999053,1.808399999999999,32
6141ee24ee0a3fd43fb47d61,low_MoS2,1.0,2.0,3.0,32.13683321999996,0.396800000000006,32
6141ee35baaf234b352904da,low_MoS2,2.0,1.0,3.0,17.850449790000077,1.094799999999999,32
6141ee3b9cbada84a8676b4b,low_MoS2,0.0,3.0,3.0,-0.8319867399999907,1.8091000000000008,32
6141ee3b31cf3ef3d4a9f11a,low_MoS2,2.0,1.0,3.0,40.97107230000002,0.1524000000000001,32
6141ee3c3ac25c70a5c6c9e7,low_MoS2,3.0,0.0,3.0,50.79109482999994,0.3695000000000021,32
6141ee4d4e27a1844a5f0410,low_MoS2,1.0,2.0,3.0,8.49766253999999,1.1398999999999972,32
6141ee53ee0a3fd43fb47d63,low_MoS2,1.0,2.0,3.0,32.12248098999997,0.3845999999999989,32
6141ee549cbada84a8676b4d,low_MoS2,0.0,3.0,3.0,-0.831509659999881,1.8091000000000008,32
6141ee5731cf3ef3d4a9f11c,low_MoS2,2.0,1.0,3.0,41.45504918000002,0.3823000000000007,32
6141ee66baaf234b352904dc,low_MoS2,2.0,1.0,3.0,17.888599320000132,1.1171000000000006,32
6141ee674e27a1844a5f0412,low_MoS2,1.0,2.0,3.0,8.514068190000014,1.147199999999998,32
6141ee6d9cbada84a8676b4f,low_MoS2,0.0,3.0,3.0,-0.8317756999999233,1.8091000000000008,32
6141ee7931cf3ef3d4a9f11e,low_MoS2,2.0,1.0,3.0,41.46602357000002,0.4174999999999969,32
6141ee7a3ac25c70a5c6c9e9,low_MoS2,3.0,0.0,3.0,50.77075114000005,0.4202999999999974,32
6141ee814e27a1844a5f0414,low_MoS2,1.0,2.0,3.0,8.513494500000004,1.1468999999999951,32
6141ee84ee0a3fd43fb47d65,low_MoS2,1.0,2.0,3.0,32.148269669999976,0.4040000000000034,32
6141ee84baaf234b352904de,low_MoS2,2.0,1.0,3.0,17.872534910000006,1.1071000000000026,32
6141ee869cbada84a8676b51,low_MoS2,0.0,3.0,3.0,-0.8332764799999381,1.809599999999996,32
6141ee9431cf3ef3d4a9f120,low_MoS2,2.0,1.0,3.0,41.42898264000014,0.3823999999999969,32
6141ee9cee0a3fd43fb47d67,low_MoS2,1.0,2.0,3.0,32.1474563900001,0.403100000000002,32
6141ee9f9cbada84a8676b53,low_MoS2,0.0,3.0,3.0,-0.8340840899999762,1.8072000000000017,32
6141eea04e27a1844a5f0416,low_MoS2,1.0,2.0,3.0,8.530292559999932,1.1396000000000015,32
6141eeaf31cf3ef3d4a9f122,low_MoS2,2.0,1.0,3.0,41.43142172000008,0.3778000000000006,32
6141eeba4e27a1844a5f0418,low_MoS2,1.0,2.0,3.0,8.513296870000001,1.1454000000000022,32
6141eebcbaaf234b352904e0,low_MoS2,2.0,1.0,3.0,17.85276776,1.039900000000003,32
6141eec831cf3ef3d4a9f124,low_MoS2,2.0,1.0,3.0,41.47327936999996,0.3318000000000012,32
6141eecb9cbada84a8676b55,low_MoS2,0.0,3.0,3.0,-0.8319170399999507,1.8096999999999996,32
6141eed54e27a1844a5f041a,low_MoS2,1.0,2.0,3.0,8.511452859999988,1.1473999999999975,32
6141eed53ac25c70a5c6c9eb,low_MoS2,3.0,0.0,3.0,50.73362149000005,0.3132000000000019,32
6141eed9baaf234b352904e2,low_MoS2,2.0,1.0,3.0,17.868980409999942,1.0874000000000024,32
6141eedbee0a3fd43fb47d69,low_MoS2,1.0,2.0,3.0,32.14719833999992,0.4024999999999963,32
6141eee331cf3ef3d4a9f126,low_MoS2,2.0,1.0,3.0,41.48103265999994,0.4108000000000018,32
6141eee49cbada84a8676b57,low_MoS2,0.0,3.0,3.0,-0.8291284500000415,1.807700000000004,32
6141eef04e27a1844a5f041c,low_MoS2,1.0,2.0,3.0,8.51517360000005,1.144999999999996,32
6141eef5baaf234b352904e4,low_MoS2,2.0,1.0,3.0,17.861905969999945,1.1114999999999997,32
6141eefe31cf3ef3d4a9f128,low_MoS2,2.0,1.0,3.0,41.46858399999992,0.4093000000000018,32
6141ef03ee0a3fd43fb47d6b,low_MoS2,1.0,2.0,3.0,32.1248814800001,0.3929000000000044,32
6141ef059cbada84a8676b59,low_MoS2,0.0,3.0,3.0,-0.8294725899999662,1.8084999999999951,32
6141ef0a4e27a1844a5f041e,low_MoS2,1.0,2.0,3.0,8.514054830000102,1.1452000000000029,32
6141ef143ac25c70a5c6c9ed,low_MoS2,3.0,0.0,3.0,48.831989039999975,0.1649999999999991,32
6141ef1931cf3ef3d4a9f12a,low_MoS2,2.0,1.0,3.0,41.45646712000003,0.3363000000000014,32
6141ef1cee0a3fd43fb47d6d,low_MoS2,1.0,2.0,3.0,32.14966593999996,0.3990999999999971,32
6141ef1fbaaf234b352904e6,low_MoS2,2.0,1.0,3.0,17.870034349999962,1.1002999999999972,32
6141ef349cbada84a8676b5b,low_MoS2,0.0,3.0,3.0,-0.8326379299998621,1.8101999999999947,32
6141ef3a4e27a1844a5f0420,low_MoS2,1.0,2.0,3.0,8.503289340000062,1.148299999999999,32
6141ef3cbaaf234b352904e8,low_MoS2,2.0,1.0,3.0,17.856312820000078,1.095800000000004,32
6141ef44ee0a3fd43fb47d6f,low_MoS2,1.0,2.0,3.0,32.125730839999946,0.3505000000000038,32
6141ef4e9cbada84a8676b5d,low_MoS2,0.0,3.0,3.0,-0.8341113199998631,1.8066999999999995,32
6141ef513ac25c70a5c6c9ef,low_MoS2,3.0,0.0,3.0,50.31554928999996,0.1602000000000032,32
6141ef544e27a1844a5f0422,low_MoS2,1.0,2.0,3.0,8.594321739999966,1.1304000000000016,32
6141ef58baaf234b352904ea,low_MoS2,2.0,1.0,3.0,17.854128200000098,1.0974000000000004,32
6141ef6e4e27a1844a5f0424,low_MoS2,1.0,2.0,3.0,8.509502420000015,1.146100000000004,32
6141ef77ee0a3fd43fb47d71,low_MoS2,1.0,2.0,3.0,32.149061609999976,0.3994,32
6141ef879cbada84a8676b5f,low_MoS2,0.0,3.0,3.0,-0.8314116399998852,1.809200000000004,32
6141ef90ee0a3fd43fb47d73,low_MoS2,1.0,2.0,3.0,32.14646470000001,0.4012999999999991,32
6141ef943ac25c70a5c6c9f1,low_MoS2,3.0,0.0,3.0,50.76982056000012,0.3974000000000046,32
6141ef9a4e27a1844a5f0426,low_MoS2,1.0,2.0,3.0,8.515695609999991,1.1450999999999991,32
6141ef9f31cf3ef3d4a9f12c,low_MoS2,2.0,1.0,3.0,41.43324107000008,0.3826000000000036,32
6141efa9ee0a3fd43fb47d75,low_MoS2,1.0,2.0,3.0,31.95877758000005,0.2652000000000001,32
6141efb64e27a1844a5f0428,low_MoS2,1.0,2.0,3.0,8.51126449999995,1.1448000000000036,32
6141efb931cf3ef3d4a9f12e,low_MoS2,2.0,1.0,3.0,41.44976999000001,0.3926999999999978,32
6141efc5baaf234b352904ec,low_MoS2,2.0,1.0,3.0,17.865951109999962,1.104300000000002,32
6141efd0ee0a3fd43fb47d77,low_MoS2,1.0,2.0,3.0,32.122440900000115,0.3483000000000018,32
6141efd09cbada84a8676b61,low_MoS2,0.0,3.0,3.0,-0.8315796700000533,1.809400000000004,32
6141efd14e27a1844a5f042a,low_MoS2,1.0,2.0,3.0,8.504005600000053,1.146099999999997,32
6141efd33ac25c70a5c6c9f3,low_MoS2,3.0,0.0,3.0,50.77214924000001,0.398699999999998,32
6141efd431cf3ef3d4a9f130,low_MoS2,2.0,1.0,3.0,41.47403301000004,0.4139000000000052,32
6141efe2baaf234b352904ee,low_MoS2,2.0,1.0,3.0,17.876616310000138,1.106099999999998,32
6141efe8ee0a3fd43fb47d79,low_MoS2,1.0,2.0,3.0,32.14888878000009,0.4020999999999972,32
6141efea4e27a1844a5f042c,low_MoS2,1.0,2.0,3.0,8.50792578999997,1.147099999999995,32
6141efec9cbada84a8676b63,low_MoS2,0.0,3.0,3.0,-0.8055965499999616,1.8078999999999965,32
6141eff031cf3ef3d4a9f132,low_MoS2,2.0,1.0,3.0,41.4288559000001,0.3825999999999965,32
6141f0044e27a1844a5f042e,low_MoS2,1.0,2.0,3.0,8.514015380000071,1.1417000000000002,32
6141f00b31cf3ef3d4a9f134,low_MoS2,2.0,1.0,3.0,41.482813690000015,0.4065999999999974,32
6141f011ee0a3fd43fb47d7b,low_MoS2,1.0,2.0,3.0,32.149729299999976,0.4010000000000033,32
6141f0199cbada84a8676b65,low_MoS2,0.0,3.0,3.0,-0.8320169000000419,1.809199999999997,32
6141f01e4e27a1844a5f0430,low_MoS2,1.0,2.0,3.0,8.51368370999992,1.1471000000000018,32
6141f02aee0a3fd43fb47d7d,low_MoS2,1.0,2.0,3.0,32.15658078,0.4029999999999987,32
6141f0384e27a1844a5f0432,low_MoS2,1.0,2.0,3.0,8.507041450000113,1.1441000000000017,32
6141f03e3ac25c70a5c6c9f5,low_MoS2,3.0,0.0,3.0,50.81988210000001,0.4112000000000009,32
6141f04531cf3ef3d4a9f136,low_MoS2,2.0,1.0,3.0,41.428402940000026,0.3872,32
6141f0534e27a1844a5f0434,low_MoS2,1.0,2.0,3.0,8.512009940000123,1.144199999999998,32
6141f05abaaf234b352904f0,low_MoS2,2.0,1.0,3.0,17.886281580000052,1.1259999999999977,32
6141f06031cf3ef3d4a9f138,low_MoS2,2.0,1.0,3.0,41.52374443000004,0.4084000000000003,32
6141f06bee0a3fd43fb47d7f,low_MoS2,1.0,2.0,3.0,32.141197070000075,0.4050999999999973,32
6141f06f9cbada84a8676b67,low_MoS2,0.0,3.0,3.0,-0.8325450199999409,1.8088999999999944,32
6141f077baaf234b352904f2,low_MoS2,2.0,1.0,3.0,17.883665560000047,1.1073000000000022,32
6141f07931cf3ef3d4a9f13a,low_MoS2,2.0,1.0,3.0,41.433734930000085,0.3834000000000017,32
6141f07f4e27a1844a5f0436,low_MoS2,1.0,2.0,3.0,8.512522539999988,1.144999999999996,32
6141f084ee0a3fd43fb47d81,low_MoS2,1.0,2.0,3.0,32.120936530000094,0.3773000000000053,32
6141f093baaf234b352904f4,low_MoS2,2.0,1.0,3.0,17.859744760000005,1.1107000000000014,32
6141f09531cf3ef3d4a9f13c,low_MoS2,2.0,1.0,3.0,41.45218904999997,0.3932999999999964,32
6141f0989cbada84a8676b69,low_MoS2,0.0,3.0,3.0,-0.8315534999998704,1.8096000000000032,32
6141f09a4e27a1844a5f0438,low_MoS2,1.0,2.0,3.0,8.529383750000104,1.138300000000001,32
6141f0a33ac25c70a5c6c9f7,low_MoS2,3.0,0.0,3.0,50.83350273000011,0.4150999999999953,32
6141f0a9ee0a3fd43fb47d83,low_MoS2,1.0,2.0,3.0,32.14813974000002,0.398299999999999,32
6141f0af31cf3ef3d4a9f13e,low_MoS2,2.0,1.0,3.0,41.471000650000136,0.4059999999999988,32
6141f0b29cbada84a8676b6b,low_MoS2,0.0,3.0,3.0,-0.8289760199999705,1.8074000000000008,32
6141f0c14e27a1844a5f043a,low_MoS2,1.0,2.0,3.0,8.60350283000005,1.129800000000003,32
6141f0c2ee0a3fd43fb47d85,low_MoS2,1.0,2.0,3.0,31.955222820000007,0.262599999999999,32
6141f0c4baaf234b352904f6,low_MoS2,2.0,1.0,3.0,17.862548889999964,1.1088000000000022,32
6141f0cd9cbada84a8676b6d,low_MoS2,0.0,3.0,3.0,-0.8331057899999337,1.8095,32
6141f0d331cf3ef3d4a9f140,low_MoS2,2.0,1.0,3.0,41.48148523999994,0.4162999999999996,32
6141f0df4e27a1844a5f043c,low_MoS2,1.0,2.0,3.0,8.51349393000012,1.1447000000000005,32
6141f0e23ac25c70a5c6c9f9,low_MoS2,3.0,0.0,3.0,50.81634182000008,0.4167999999999949,32
6141f0f031cf3ef3d4a9f142,low_MoS2,2.0,1.0,3.0,41.45787458000014,0.3725999999999985,32
6141f0ff4e27a1844a5f043e,low_MoS2,1.0,2.0,3.0,8.517100580000058,1.1424999999999983,32
6141f10e31cf3ef3d4a9f144,low_MoS2,2.0,1.0,3.0,41.43097291,0.3823999999999969,32
6141f1149cbada84a8676b6f,low_MoS2,0.0,3.0,3.0,-0.8341763099999184,1.8068000000000024,32
6141f11f3ac25c70a5c6c9fb,low_MoS2,3.0,0.0,3.0,50.81815186000009,0.3429000000000002,32
6141f1354e27a1844a5f0440,low_MoS2,1.0,2.0,3.0,8.510468279999966,1.1450000000000031,32
6141f13bbaaf234b352904f8,low_MoS2,2.0,1.0,3.0,17.892861739999937,1.1025999999999954,32
6141f13c31cf3ef3d4a9f146,low_MoS2,2.0,1.0,3.0,41.49197393999994,0.4095999999999975,32
6141f142ee0a3fd43fb47d87,low_MoS2,1.0,2.0,3.0,32.128478470000104,0.3502999999999971,32
6141f15831cf3ef3d4a9f148,low_MoS2,2.0,1.0,3.0,41.27848403999992,0.245200000000004,32
6141f15a4e27a1844a5f0442,low_MoS2,1.0,2.0,3.0,8.514861420000013,1.1435999999999993,32
6141f15bee0a3fd43fb47d89,low_MoS2,1.0,2.0,3.0,32.14613398999994,0.4021000000000043,32
6141f1623ac25c70a5c6c9fd,low_MoS2,3.0,0.0,3.0,50.82474588999995,0.3826000000000036,32
6141f171baaf234b352904fa,low_MoS2,2.0,1.0,3.0,17.887417260000113,1.1070999999999955,32
6141f17231cf3ef3d4a9f14a,low_MoS2,2.0,1.0,3.0,41.398125829999984,0.383899999999997,32
6141f18a4e27a1844a5f0444,low_MoS2,1.0,2.0,3.0,8.513325410000132,1.146099999999997,32
6141f18ebaaf234b352904fc,low_MoS2,2.0,1.0,3.0,17.85691986999995,1.003300000000003,32
6141f19c31cf3ef3d4a9f14c,low_MoS2,2.0,1.0,3.0,41.44328824999998,0.3607999999999975,32
6141f19eee0a3fd43fb47d8b,low_MoS2,1.0,2.0,3.0,32.14389770000001,0.4029000000000025,32
6141f1a03ac25c70a5c6c9ff,low_MoS2,3.0,0.0,3.0,50.782749590000016,0.435299999999998,32
6141f1acbaaf234b352904fe,low_MoS2,2.0,1.0,3.0,17.864070300000087,1.110199999999999,32
6141f1b09cbada84a8676b71,low_MoS2,0.0,3.0,3.0,-0.8292730299999107,1.8074999999999972,32
6141f1b731cf3ef3d4a9f14e,low_MoS2,2.0,1.0,3.0,41.45610637,0.3712999999999979,32
6141f1b9ee0a3fd43fb47d8d,low_MoS2,1.0,2.0,3.0,32.14381311999999,0.4048999999999978,32
6141f1c9baaf234b35290500,low_MoS2,2.0,1.0,3.0,17.871820510000127,1.0982999999999947,32
6141f1ca9cbada84a8676b73,low_MoS2,0.0,3.0,3.0,-0.7918980599999372,1.8059999999999972,32
6141f1cb4e27a1844a5f0446,low_MoS2,1.0,2.0,3.0,8.514786299999994,1.1465999999999994,32
6141f1d431cf3ef3d4a9f150,low_MoS2,2.0,1.0,3.0,41.28523162999996,0.2687000000000026,32
6141f1df3ac25c70a5c6ca01,low_MoS2,3.0,0.0,3.0,48.81777092999997,0.170899999999996,32
6141f1dfee0a3fd43fb47d8f,low_MoS2,1.0,2.0,3.0,32.140615580000016,0.4048000000000016,32
6141f1e64e27a1844a5f0448,low_MoS2,1.0,2.0,3.0,8.538909420000007,1.1776999999999944,32
6141f1f031cf3ef3d4a9f152,low_MoS2,2.0,1.0,3.0,41.549070129999976,0.3746000000000009,32
6141f2004e27a1844a5f044a,low_MoS2,1.0,2.0,3.0,8.510786809999924,1.146099999999997,32
6141f20c31cf3ef3d4a9f154,low_MoS2,2.0,1.0,3.0,41.43655430000008,0.386099999999999,32
6141f21b4e27a1844a5f044c,low_MoS2,1.0,2.0,3.0,8.504854730000059,1.1465999999999994,32
6141f21d3ac25c70a5c6ca03,low_MoS2,3.0,0.0,3.0,50.87040354000002,0.1749000000000009,32
6141f224baaf234b35290502,low_MoS2,2.0,1.0,3.0,17.86759226000003,1.0996999999999986,32
6141f22c9cbada84a8676b75,low_MoS2,0.0,3.0,3.0,-0.8283486400000015,1.808799999999998,32
6141f22dee0a3fd43fb47d91,low_MoS2,1.0,2.0,3.0,32.090989080000085,0.4054999999999964,32
6141f2354e27a1844a5f044e,low_MoS2,1.0,2.0,3.0,8.527999700000034,1.1390999999999991,32
6141f23f31cf3ef3d4a9f156,low_MoS2,2.0,1.0,3.0,41.44798618,0.3645000000000067,32
6141f247ee0a3fd43fb47d93,low_MoS2,1.0,2.0,3.0,32.13428900999996,0.3968999999999951,32
6141f2514e27a1844a5f0450,low_MoS2,1.0,2.0,3.0,8.503955709999925,1.1482000000000028,32
6141f25b31cf3ef3d4a9f158,low_MoS2,2.0,1.0,3.0,41.29178917000009,0.2608000000000032,32
6141f25b3ac25c70a5c6ca05,low_MoS2,3.0,0.0,3.0,50.80552686000002,0.3746999999999971,32
6141f2639cbada84a8676b77,low_MoS2,0.0,3.0,3.0,-0.8300619099999835,1.808399999999999,32
6141f27731cf3ef3d4a9f15a,low_MoS2,2.0,1.0,3.0,41.49302800000005,0.4131999999999962,32
6141f27a4e27a1844a5f0452,low_MoS2,1.0,2.0,3.0,8.515583580000136,1.1467000000000027,32
6141f27cee0a3fd43fb47d95,low_MoS2,1.0,2.0,3.0,32.145331460000065,0.4044999999999987,32
6141f2819cbada84a8676b79,low_MoS2,0.0,3.0,3.0,-0.8283426800000484,1.8074999999999972,32
6141f29331cf3ef3d4a9f15c,low_MoS2,2.0,1.0,3.0,41.43722339000006,0.4106999999999985,32
6141f2984e27a1844a5f0454,low_MoS2,1.0,2.0,3.0,8.505338340000005,1.1441000000000017,32
6141f29a3ac25c70a5c6ca07,low_MoS2,3.0,0.0,3.0,50.76497596000005,0.3907999999999987,32
6141f29abaaf234b35290504,low_MoS2,2.0,1.0,3.0,17.86432764000005,1.1116000000000028,32
6141f29b9cbada84a8676b7b,low_MoS2,0.0,3.0,3.0,-0.8343431800000758,1.8076000000000008,32
6141f2a5ee0a3fd43fb47d97,low_MoS2,1.0,2.0,3.0,31.95614784999997,0.2652000000000001,32
6141f2af31cf3ef3d4a9f15e,low_MoS2,2.0,1.0,3.0,41.39510966999997,0.3582000000000036,32
6141f2b54e27a1844a5f0456,low_MoS2,1.0,2.0,3.0,8.51602342999993,1.1439999999999984,32
6141f2b69cbada84a8676b7d,low_MoS2,0.0,3.0,3.0,-0.8292806199999063,1.808799999999998,32
6141f2c0ee0a3fd43fb47d99,low_MoS2,1.0,2.0,3.0,32.14525559000002,0.4025000000000034,32
6141f2cc31cf3ef3d4a9f160,low_MoS2,2.0,1.0,3.0,41.44940300000003,0.360200000000006,32
6141f2cf4e27a1844a5f0458,low_MoS2,1.0,2.0,3.0,8.50614455000007,1.1421999999999954,32
6141f2d4baaf234b35290506,low_MoS2,2.0,1.0,3.0,17.854613689999944,1.0820000000000007,32
6141f2dbee0a3fd43fb47d9b,low_MoS2,1.0,2.0,3.0,32.09115029000007,0.4044999999999987,32
6141f2de3ac25c70a5c6ca09,low_MoS2,3.0,0.0,3.0,50.76446260000004,0.3634999999999948,32
6141f2e831cf3ef3d4a9f162,low_MoS2,2.0,1.0,3.0,41.47474727999993,0.4148999999999958,32
6141f2eb4e27a1844a5f045a,low_MoS2,1.0,2.0,3.0,8.51540316000003,1.1448000000000036,32
6141f2fbbaaf234b35290508,low_MoS2,2.0,1.0,3.0,17.86310918000003,1.1047000000000011,32
6141f30431cf3ef3d4a9f164,low_MoS2,2.0,1.0,3.0,41.47072599999997,0.4116999999999962,32
6141f3064e27a1844a5f045c,low_MoS2,1.0,2.0,3.0,8.51674935000008,1.1469999999999985,32
6141f309ee0a3fd43fb47d9d,low_MoS2,1.0,2.0,3.0,32.14324321999992,0.4022000000000005,32
6141f3203ac25c70a5c6ca0b,low_MoS2,3.0,0.0,3.0,50.79035370000012,0.3875000000000028,32
6141f323ee0a3fd43fb47d9f,low_MoS2,1.0,2.0,3.0,32.140513369999994,0.4046999999999983,32
6141f32731cf3ef3d4a9f166,low_MoS2,2.0,1.0,3.0,41.48250851000007,0.4157999999999973,32
6141f327baaf234b3529050a,low_MoS2,2.0,1.0,3.0,17.861946910000135,1.1039999999999992,32
6141f3299cbada84a8676b7f,low_MoS2,0.0,3.0,3.0,-0.8331923000000074,1.8093000000000004,32
6141f33b4e27a1844a5f045e,low_MoS2,1.0,2.0,3.0,8.543839920000007,1.1777000000000015,32
6141f345baaf234b3529050c,low_MoS2,2.0,1.0,3.0,17.921836879999994,0.653100000000002,32
6141f35e4e27a1844a5f0460,low_MoS2,1.0,2.0,3.0,8.50520435000001,1.1494,32
6141f3649cbada84a8676b81,low_MoS2,0.0,3.0,3.0,-0.8314398199999573,1.808300000000003,32
6141f3663ac25c70a5c6ca0d,low_MoS2,3.0,0.0,3.0,50.75895748999998,0.3849000000000018,32
6141f36731cf3ef3d4a9f168,low_MoS2,2.0,1.0,3.0,41.44991883000007,0.3528999999999982,32
6141f377baaf234b3529050e,low_MoS2,2.0,1.0,3.0,17.854561430000096,1.0881000000000045,32
6141f38431cf3ef3d4a9f16a,low_MoS2,2.0,1.0,3.0,41.47345177000007,0.3330000000000055,32
6141f3849cbada84a8676b83,low_MoS2,0.0,3.0,3.0,-0.8229134899999622,1.8070000000000024,32
6141f394ee0a3fd43fb47da1,low_MoS2,1.0,2.0,3.0,31.953251520000084,0.2545999999999964,32
6141f394baaf234b35290510,low_MoS2,2.0,1.0,3.0,17.932660800000114,0.6481999999999957,32
6141f39c9cbada84a8676b85,low_MoS2,0.0,3.0,3.0,-0.8337039699999309,1.8081999999999996,32
6141f3a14e27a1844a5f0462,low_MoS2,1.0,2.0,3.0,8.549865499999921,1.1389999999999958,32
6141f3aeee0a3fd43fb47da3,low_MoS2,1.0,2.0,3.0,32.126365889999974,0.3780999999999963,32
6141f3ae3ac25c70a5c6ca0f,low_MoS2,3.0,0.0,3.0,50.82199174999997,0.4245999999999981,32
6141f3b131cf3ef3d4a9f16c,low_MoS2,2.0,1.0,3.0,41.430028019999966,0.3759000000000014,32
6141f3b2baaf234b35290512,low_MoS2,2.0,1.0,3.0,17.86538558000006,1.1094000000000008,32
6141f3b39cbada84a8676b87,low_MoS2,0.0,3.0,3.0,-0.8326216499999077,1.8089999999999973,32
6141f3bd4e27a1844a5f0464,low_MoS2,1.0,2.0,3.0,8.513427410000102,1.1426000000000016,32
6141f3cfbaaf234b35290514,low_MoS2,2.0,1.0,3.0,17.85671501000001,1.0904999999999987,32
6141f3d84e27a1844a5f0466,low_MoS2,1.0,2.0,3.0,8.530920319999975,1.1377999999999986,32
6141f3dc9cbada84a8676b89,low_MoS2,0.0,3.0,3.0,-0.8301153300000692,1.807700000000004,32
6141f3deee0a3fd43fb47da5,low_MoS2,1.0,2.0,3.0,32.137973650000035,0.4035999999999973,32
6141f3e631cf3ef3d4a9f16e,low_MoS2,2.0,1.0,3.0,41.43391244000004,0.3805000000000049,32
6141f3edbaaf234b35290516,low_MoS2,2.0,1.0,3.0,17.86738368999999,1.1086000000000027,32
6141f3f34e27a1844a5f0468,low_MoS2,1.0,2.0,3.0,8.506494949999958,1.1478000000000037,32
6141f3f63ac25c70a5c6ca11,low_MoS2,3.0,0.0,3.0,48.37463878000009,0.3053999999999988,32
6141f40331cf3ef3d4a9f170,low_MoS2,2.0,1.0,3.0,41.480100090000136,0.4072999999999993,32
6141f4069cbada84a8676b8b,low_MoS2,0.0,3.0,3.0,-0.831598910000082,1.8091000000000008,32
6141f41a4e27a1844a5f046a,low_MoS2,1.0,2.0,3.0,8.508097879999948,1.1406999999999954,32
6141f42031cf3ef3d4a9f172,low_MoS2,2.0,1.0,3.0,41.46241077000009,0.3708000000000027,32
6141f4319cbada84a8676b8d,low_MoS2,0.0,3.0,3.0,-0.8332442999998761,1.8061000000000007,32
6141f4354e27a1844a5f046c,low_MoS2,1.0,2.0,3.0,8.518405690000034,1.1477000000000004,32
6141f4383ac25c70a5c6ca13,low_MoS2,3.0,0.0,3.0,50.83373780999992,0.4209000000000031,32
6141f43dee0a3fd43fb47da7,low_MoS2,1.0,2.0,3.0,32.1224066300001,0.3763000000000005,32
6141f43d31cf3ef3d4a9f174,low_MoS2,2.0,1.0,3.0,41.46070625000012,0.3604999999999947,32
6141f4504e27a1844a5f046e,low_MoS2,1.0,2.0,3.0,8.512304959999963,1.1455000000000055,32
6141f458ee0a3fd43fb47da9,low_MoS2,1.0,2.0,3.0,32.145574150000115,0.3998000000000061,32
6141f45c9cbada84a8676b8f,low_MoS2,0.0,3.0,3.0,-0.8317028499999992,1.809799999999996,32
6141f46b31cf3ef3d4a9f176,low_MoS2,2.0,1.0,3.0,41.47003014000002,0.4142999999999972,32
6141f471baaf234b35290518,low_MoS2,2.0,1.0,3.0,17.885509109999923,1.1007999999999996,32
6141f477ee0a3fd43fb47dab,low_MoS2,1.0,2.0,3.0,32.06699112,0.3678000000000025,32
6141f47a4e27a1844a5f0470,low_MoS2,1.0,2.0,3.0,8.513550440000042,1.1413999999999973,32
6141f47b3ac25c70a5c6ca15,low_MoS2,3.0,0.0,3.0,50.734494210000015,0.3622999999999976,32
6141f4964e27a1844a5f0472,low_MoS2,1.0,2.0,3.0,8.511193119999941,1.1433999999999995,32
6141f49bee0a3fd43fb47dad,low_MoS2,1.0,2.0,3.0,32.14515172999994,0.4024000000000001,32
6141f4a131cf3ef3d4a9f178,low_MoS2,2.0,1.0,3.0,41.488009460000015,0.4102999999999994,32
6141f4b54e27a1844a5f0474,low_MoS2,1.0,2.0,3.0,8.518324110000119,1.142399999999995,32
6141f4be31cf3ef3d4a9f17a,low_MoS2,2.0,1.0,3.0,41.39721797000011,0.2993999999999985,32
6141f4c33ac25c70a5c6ca17,low_MoS2,3.0,0.0,3.0,50.74855279,0.3047000000000039,32
6141f4d2ee0a3fd43fb47daf,low_MoS2,1.0,2.0,3.0,32.14611506000004,0.4039000000000001,32
6141f4da4e27a1844a5f0476,low_MoS2,1.0,2.0,3.0,8.528671759999977,1.1383999999999972,32
6141f4f29cbada84a8676b91,low_MoS2,0.0,3.0,3.0,-0.8326311899999723,1.808799999999998,32
6141f4f64e27a1844a5f0478,low_MoS2,1.0,2.0,3.0,8.541024370000084,1.1455000000000055,32
6141f50731cf3ef3d4a9f17c,low_MoS2,2.0,1.0,3.0,41.46792051000007,0.3789999999999978,32
6141f52331cf3ef3d4a9f17e,low_MoS2,2.0,1.0,3.0,41.472475290000105,0.4138000000000019,32
6141f52abaaf234b3529051a,low_MoS2,2.0,1.0,3.0,17.930792560000093,0.6527999999999992,32
6141f5329cbada84a8676b93,low_MoS2,0.0,3.0,3.0,-0.8284313500000167,1.8084999999999951,32
6141f53d4e27a1844a5f047a,low_MoS2,1.0,2.0,3.0,8.504353410000046,1.1489999999999938,32
6141f54031cf3ef3d4a9f180,low_MoS2,2.0,1.0,3.0,41.47042286999995,0.4143000000000043,32
6141f547ee0a3fd43fb47db1,low_MoS2,1.0,2.0,3.0,32.12837482999997,0.4074999999999988,32
6141f54a3ac25c70a5c6ca19,low_MoS2,3.0,0.0,3.0,50.3136149000001,0.1532999999999944,32
6141f55a4e27a1844a5f047c,low_MoS2,1.0,2.0,3.0,8.531971359999968,1.1380000000000052,32
6141f55d31cf3ef3d4a9f182,low_MoS2,2.0,1.0,3.0,41.46016155999992,0.3697000000000017,32
6141f561ee0a3fd43fb47db3,low_MoS2,1.0,2.0,3.0,32.14925089999996,0.3996999999999957,32
6141f561baaf234b3529051c,low_MoS2,2.0,1.0,3.0,17.864470100000055,1.0837999999999963,32
6141f5774e27a1844a5f047e,low_MoS2,1.0,2.0,3.0,8.50465080000006,1.1479,32
6141f57b31cf3ef3d4a9f184,low_MoS2,2.0,1.0,3.0,41.46919492000002,0.394200000000005,32
6141f57cee0a3fd43fb47db5,low_MoS2,1.0,2.0,3.0,32.15248091000011,0.4044999999999987,32
6141f580baaf234b3529051e,low_MoS2,2.0,1.0,3.0,17.87578501999996,0.962699999999998,32
6141f58c9cbada84a8676b95,low_MoS2,0.0,3.0,3.0,-0.8313850100000195,1.8089000000000013,32
6141f5913ac25c70a5c6ca1b,low_MoS2,3.0,0.0,3.0,50.80310217000002,0.3388999999999953,32
6141f5944e27a1844a5f0480,low_MoS2,1.0,2.0,3.0,8.514735850000104,1.1477000000000004,32
6141f597ee0a3fd43fb47db7,low_MoS2,1.0,2.0,3.0,32.139892270000004,0.4040000000000034,32
6141f59931cf3ef3d4a9f186,low_MoS2,2.0,1.0,3.0,41.46137745999995,0.3840999999999965,32
6141f5a99cbada84a8676b97,low_MoS2,0.0,3.0,3.0,-0.8334318500000677,1.8093999999999968,32
6141f5bdbaaf234b35290520,low_MoS2,2.0,1.0,3.0,17.818434360000076,0.9431000000000012,32
6141f5c0ee0a3fd43fb47db9,low_MoS2,1.0,2.0,3.0,32.15236548000006,0.3984999999999985,32
6141f5c54e27a1844a5f0482,low_MoS2,1.0,2.0,3.0,8.549025150000059,1.1758000000000024,32
6141f5e34e27a1844a5f0484,low_MoS2,1.0,2.0,3.0,8.505051639999945,1.1480999999999997,32
6141f5ea31cf3ef3d4a9f188,low_MoS2,2.0,1.0,3.0,41.47141043999996,0.4187000000000012,32
6141f5f7baaf234b35290522,low_MoS2,2.0,1.0,3.0,17.867865899999963,1.0877999999999943,32
6141f6004e27a1844a5f0486,low_MoS2,1.0,2.0,3.0,8.513286050000058,1.1422999999999988,32
6141f604ee0a3fd43fb47dbb,low_MoS2,1.0,2.0,3.0,32.148728229999946,0.4005999999999972,32
6141f6053ac25c70a5c6ca1d,low_MoS2,3.0,0.0,3.0,50.81147851000007,0.4239000000000033,32
6141f615baaf234b35290524,low_MoS2,2.0,1.0,3.0,17.857675729999976,1.0381999999999962,32
6141f61d4e27a1844a5f0488,low_MoS2,1.0,2.0,3.0,8.509110669999952,1.1454999999999984,32
6141f62e31cf3ef3d4a9f18a,low_MoS2,2.0,1.0,3.0,41.45830380999992,0.3644000000000034,32
6141f63a4e27a1844a5f048a,low_MoS2,1.0,2.0,3.0,8.509558100000074,1.1465999999999994,32
6141f6439cbada84a8676b99,low_MoS2,0.0,3.0,3.0,-0.8325261599999862,1.8091000000000008,32
6141f64d31cf3ef3d4a9f18c,low_MoS2,2.0,1.0,3.0,41.45752424000007,0.3604000000000056,32
6141f652baaf234b35290526,low_MoS2,2.0,1.0,3.0,17.8560996000001,1.0386999999999986,32
6141f6584e27a1844a5f048c,low_MoS2,1.0,2.0,3.0,8.502650319999955,1.146799999999999,32
6141f66b31cf3ef3d4a9f18e,low_MoS2,2.0,1.0,3.0,41.45536639999996,0.3810999999999964,32
6141f67fee0a3fd43fb47dbd,low_MoS2,1.0,2.0,3.0,31.95580365,0.2621000000000038,32
6141f6824e27a1844a5f048e,low_MoS2,1.0,2.0,3.0,8.510191789999933,1.1452999999999989,32
6141f6859cbada84a8676b9b,low_MoS2,0.0,3.0,3.0,-0.834402979999993,1.8066999999999995,32
6141f6893ac25c70a5c6ca1f,low_MoS2,3.0,0.0,3.0,48.845678960000136,0.1473999999999975,32
6141f68cbaaf234b35290528,low_MoS2,2.0,1.0,3.0,17.867342150000006,1.0882999999999967,32
6141f69bee0a3fd43fb47dbf,low_MoS2,1.0,2.0,3.0,32.11545862000001,0.3563999999999936,32
6141f69f4e27a1844a5f0490,low_MoS2,1.0,2.0,3.0,8.505424780000137,1.1490999999999971,32
6141f6aabaaf234b3529052a,low_MoS2,2.0,1.0,3.0,17.888614060000002,1.1047999999999971,32
6141f6b89cbada84a8676b9d,low_MoS2,0.0,3.0,3.0,-0.8296293999998738,1.8093000000000004,32
6141f6b831cf3ef3d4a9f190,low_MoS2,2.0,1.0,3.0,41.46545325000007,0.3363999999999976,32
6141f6bb4e27a1844a5f0492,low_MoS2,1.0,2.0,3.0,8.510432699999935,1.1480999999999997,32
6141f6d39cbada84a8676b9f,low_MoS2,0.0,3.0,3.0,-0.8224186399999667,1.8074999999999972,32
6141f6d84e27a1844a5f0494,low_MoS2,1.0,2.0,3.0,8.531242190000082,1.1388999999999996,32
6141f6e031cf3ef3d4a9f192,low_MoS2,2.0,1.0,3.0,41.42834046000003,0.4159000000000006,32
6141f6f3ee0a3fd43fb47dc1,low_MoS2,1.0,2.0,3.0,32.14891338000005,0.3988000000000014,32
6141f6fe31cf3ef3d4a9f194,low_MoS2,2.0,1.0,3.0,41.47238216000001,0.3369,32
6141f705baaf234b3529052c,low_MoS2,2.0,1.0,3.0,17.86487796000005,1.104600000000005,32
6141f70eee0a3fd43fb47dc3,low_MoS2,1.0,2.0,3.0,32.14882938000004,0.3988999999999976,32
6141f7104e27a1844a5f0496,low_MoS2,1.0,2.0,3.0,8.50611058999996,1.1488999999999976,32
6141f7143ac25c70a5c6ca21,low_MoS2,3.0,0.0,3.0,50.739388410000096,0.4125999999999976,32
6141f7159cbada84a8676ba1,low_MoS2,0.0,3.0,3.0,-0.8295471299999804,1.8076000000000008,32
6141f72dbaaf234b3529052e,low_MoS2,2.0,1.0,3.0,17.872855549999933,1.1010999999999953,32
6141f732ee0a3fd43fb47dc5,low_MoS2,1.0,2.0,3.0,32.087993529999935,0.4048000000000016,32
6141f73b31cf3ef3d4a9f196,low_MoS2,2.0,1.0,3.0,40.97081963000001,0.155700000000003,32
6141f74eee0a3fd43fb47dc7,low_MoS2,1.0,2.0,3.0,32.13057692999995,0.396099999999997,32
6141f75c4e27a1844a5f0498,low_MoS2,1.0,2.0,3.0,8.51539926000012,1.1448000000000036,32
6141f7603ac25c70a5c6ca23,low_MoS2,3.0,0.0,3.0,49.81848991999997,0.0808999999999997,32
6141f77031cf3ef3d4a9f198,low_MoS2,2.0,1.0,3.0,41.48556092999998,0.4136000000000024,32
6141f77bbaaf234b35290530,low_MoS2,2.0,1.0,3.0,17.88258567000002,0.9600999999999972,32
6141f785ee0a3fd43fb47dc9,low_MoS2,1.0,2.0,3.0,32.14507997000008,0.4014000000000024,32
6141f78c4e27a1844a5f049a,low_MoS2,1.0,2.0,3.0,8.5093295500001,1.145300000000006,32
6141f7a131cf3ef3d4a9f19a,low_MoS2,2.0,1.0,3.0,41.45811578999992,0.3604000000000056,32
6141f7a49cbada84a8676ba3,low_MoS2,0.0,3.0,3.0,-0.8324112099998615,1.810299999999998,32
6141f7aa3ac25c70a5c6ca25,low_MoS2,3.0,0.0,3.0,48.84015315999992,0.1554000000000002,32
6141f7acee0a3fd43fb47dcb,low_MoS2,1.0,2.0,3.0,32.14942405000009,0.3990999999999971,32
6141f7b34e27a1844a5f049c,low_MoS2,1.0,2.0,3.0,8.495197949999945,1.1407999999999987,32
6141f7c8ee0a3fd43fb47dcd,low_MoS2,1.0,2.0,3.0,32.11999945000001,0.3485999999999976,32
6141f7cc31cf3ef3d4a9f19c,low_MoS2,2.0,1.0,3.0,40.97611163999996,0.1556999999999959,32
6141f7d04e27a1844a5f049e,low_MoS2,1.0,2.0,3.0,8.511384209999985,1.1465000000000032,32
6141f7e4ee0a3fd43fb47dcf,low_MoS2,1.0,2.0,3.0,32.15745059999993,0.4014999999999986,32
6141f7ea31cf3ef3d4a9f19e,low_MoS2,2.0,1.0,3.0,41.39259699000009,0.2999999999999971,32
6141f7eb9cbada84a8676ba5,low_MoS2,0.0,3.0,3.0,-0.8314859599999522,1.8095,32
6141f7ef4e27a1844a5f04a0,low_MoS2,1.0,2.0,3.0,8.508299059999924,1.145699999999998,32
6141f8089cbada84a8676ba7,low_MoS2,0.0,3.0,3.0,-0.8329334300000824,1.807299999999998,32
6141f80831cf3ef3d4a9f1a0,low_MoS2,2.0,1.0,3.0,40.99752387000008,0.1707999999999998,32
6141f80e4e27a1844a5f04a2,low_MoS2,1.0,2.0,3.0,8.511587819999956,1.147999999999996,32
6141f8113ac25c70a5c6ca27,low_MoS2,3.0,0.0,3.0,50.803506010000014,0.4249000000000009,32
6141f813ee0a3fd43fb47dd1,low_MoS2,1.0,2.0,3.0,32.13962220000006,0.4048999999999978,32
6141f82831cf3ef3d4a9f1a2,low_MoS2,2.0,1.0,3.0,41.40189058999995,0.2972000000000037,32
6141f82c4e27a1844a5f04a4,low_MoS2,1.0,2.0,3.0,8.508593240000007,1.1482000000000028,32
6141f8309cbada84a8676ba9,low_MoS2,0.0,3.0,3.0,-0.8310971000000222,1.809400000000004,32
6141f84631cf3ef3d4a9f1a4,low_MoS2,2.0,1.0,3.0,41.48088221999997,0.4117999999999995,32
6141f856baaf234b35290532,low_MoS2,2.0,1.0,3.0,17.854444009999945,1.0885999999999996,32
6141f85a3ac25c70a5c6ca29,low_MoS2,3.0,0.0,3.0,50.73931039999994,0.3011000000000052,32
6141f8654e27a1844a5f04a6,low_MoS2,1.0,2.0,3.0,8.512616649999952,1.1462000000000003,32
6141f86631cf3ef3d4a9f1a6,low_MoS2,2.0,1.0,3.0,40.980007210000124,0.1582000000000007,32
6141f8669cbada84a8676bab,low_MoS2,0.0,3.0,3.0,-0.8349199599999224,1.8081999999999996,32
6141f87fee0a3fd43fb47dd3,low_MoS2,1.0,2.0,3.0,32.13947615000005,0.4033000000000015,32
6141f8819cbada84a8676bad,low_MoS2,0.0,3.0,3.0,-0.8328414699998916,1.808399999999999,32
6141f88431cf3ef3d4a9f1a8,low_MoS2,2.0,1.0,3.0,41.436727989999966,0.409799999999997,32
6141f8914e27a1844a5f04a8,low_MoS2,1.0,2.0,3.0,8.513625350000009,1.146099999999997,32
6141f893baaf234b35290534,low_MoS2,2.0,1.0,3.0,17.86818539,1.110199999999999,32
6141f89cee0a3fd43fb47dd5,low_MoS2,1.0,2.0,3.0,32.086873530000034,0.4058999999999955,32
6141f8a53ac25c70a5c6ca2b,low_MoS2,3.0,0.0,3.0,50.78613733000012,0.3778000000000006,32
6141f8ae4e27a1844a5f04aa,low_MoS2,1.0,2.0,3.0,8.517136100000041,1.1428999999999974,32
6141f8b79cbada84a8676baf,low_MoS2,0.0,3.0,3.0,-0.831882769999936,1.8095,32
6141f8b9ee0a3fd43fb47dd7,low_MoS2,1.0,2.0,3.0,32.08895198000003,0.4056999999999959,32
6141f8cd4e27a1844a5f04ac,low_MoS2,1.0,2.0,3.0,8.594810880000093,1.128,32
6141f8cebaaf234b35290536,low_MoS2,2.0,1.0,3.0,17.842359890000118,1.0868000000000038,32
6141f8d39cbada84a8676bb1,low_MoS2,0.0,3.0,3.0,-0.8319185600000196,1.808799999999998,32
6141f8d7ee0a3fd43fb47dd9,low_MoS2,1.0,2.0,3.0,32.12936336999995,0.3967000000000027,32
6141f8dd31cf3ef3d4a9f1aa,low_MoS2,2.0,1.0,3.0,41.46063648000013,0.3768999999999991,32
6141f8eb4e27a1844a5f04ae,low_MoS2,1.0,2.0,3.0,8.510672789999969,1.1455999999999946,32
6141f8f03ac25c70a5c6ca2d,low_MoS2,3.0,0.0,3.0,49.87384319999993,0.1646,32
6141f8f89cbada84a8676bb3,low_MoS2,0.0,3.0,3.0,-0.831165869999893,1.808,32
6141f8fd31cf3ef3d4a9f1ac,low_MoS2,2.0,1.0,3.0,41.27510969999999,0.2393,32
6141f9094e27a1844a5f04b0,low_MoS2,1.0,2.0,3.0,8.537026550000089,1.1392000000000024,32
6141f90dee0a3fd43fb47ddb,low_MoS2,1.0,2.0,3.0,32.14485261000003,0.4020999999999972,32
6141f910baaf234b35290538,low_MoS2,2.0,1.0,3.0,17.84994303000007,1.0839,32
6141f9159cbada84a8676bb5,low_MoS2,0.0,3.0,3.0,-0.7676819899999714,1.8057999999999976,32
6141f91d31cf3ef3d4a9f1ae,low_MoS2,2.0,1.0,3.0,41.46182586000005,0.367999999999995,32
6141f9284e27a1844a5f04b2,low_MoS2,1.0,2.0,3.0,8.50629002999997,1.142000000000003,32
6141f92fbaaf234b3529053a,low_MoS2,2.0,1.0,3.0,17.85987016000012,1.1121999999999943,32
6141f9359cbada84a8676bb7,low_MoS2,0.0,3.0,3.0,-0.8025373600000307,1.8072000000000017,32
6141f9393ac25c70a5c6ca2f,low_MoS2,3.0,0.0,3.0,50.75844835000013,0.3711000000000055,32
6141f93c31cf3ef3d4a9f1b0,low_MoS2,2.0,1.0,3.0,41.42857442999998,0.3810999999999964,32
6141f94f9cbada84a8676bb9,low_MoS2,0.0,3.0,3.0,-0.8336425199999553,1.8076000000000008,32
6141f9544e27a1844a5f04b4,low_MoS2,1.0,2.0,3.0,8.54144208000005,1.1479,32
6141f95bbaaf234b3529053c,low_MoS2,2.0,1.0,3.0,17.86056099000006,1.1113999999999962,32
6141f96931cf3ef3d4a9f1b2,low_MoS2,2.0,1.0,3.0,41.45968140000009,0.3982000000000028,32
6141f96cee0a3fd43fb47ddd,low_MoS2,1.0,2.0,3.0,32.14665504999992,0.4032999999999944,32
6141f9744e27a1844a5f04b6,low_MoS2,1.0,2.0,3.0,8.511304160000034,1.144999999999996,32
6141f9823ac25c70a5c6ca31,low_MoS2,3.0,0.0,3.0,50.74711341000003,0.2964000000000055,32
6141f9869cbada84a8676bbb,low_MoS2,0.0,3.0,3.0,-0.8321902699998986,1.8096000000000032,32
6141f98831cf3ef3d4a9f1b4,low_MoS2,2.0,1.0,3.0,41.448893930000125,0.3785000000000025,32
6141f989ee0a3fd43fb47ddf,low_MoS2,1.0,2.0,3.0,32.14941909000002,0.4001000000000019,32
6141f9944e27a1844a5f04b8,low_MoS2,1.0,2.0,3.0,8.539074929999995,1.1798000000000002,32
6141f9a731cf3ef3d4a9f1b6,low_MoS2,2.0,1.0,3.0,40.974898200000055,0.1572999999999993,32
6141f9b54e27a1844a5f04ba,low_MoS2,1.0,2.0,3.0,8.504135290000047,1.1477000000000004,32
6141f9c39cbada84a8676bbd,low_MoS2,0.0,3.0,3.0,-0.8312457599999448,1.8093000000000004,32
6141f9c731cf3ef3d4a9f1b8,low_MoS2,2.0,1.0,3.0,41.45289545999999,0.3726999999999947,32
6141f9c73ac25c70a5c6ca33,low_MoS2,3.0,0.0,3.0,50.30762981000013,0.154999999999994,32
6141f9d54e27a1844a5f04bc,low_MoS2,1.0,2.0,3.0,8.536463059999985,1.1343000000000032,32
6141f9e631cf3ef3d4a9f1ba,low_MoS2,2.0,1.0,3.0,41.02842073000007,0.1518999999999977,32
6141f9efbaaf234b3529053e,low_MoS2,2.0,1.0,3.0,17.858140049999967,1.0896999999999937,32
6141f9f24e27a1844a5f04be,low_MoS2,1.0,2.0,3.0,8.546048090000138,1.1743999999999986,32
6141f9f39cbada84a8676bbf,low_MoS2,0.0,3.0,3.0,-0.8322003800000743,1.8085999999999984,32
6141f9fbee0a3fd43fb47de1,low_MoS2,1.0,2.0,3.0,32.14046105999999,0.4014000000000024,32
6141fa0631cf3ef3d4a9f1bc,low_MoS2,2.0,1.0,3.0,41.43621384000012,0.3870000000000004,32
6141fa10baaf234b35290540,low_MoS2,2.0,1.0,3.0,17.905229920000004,1.1154999999999973,32
6141fa119cbada84a8676bc1,low_MoS2,0.0,3.0,3.0,-0.8216428899999642,1.806599999999996,32
6141fa173ac25c70a5c6ca35,low_MoS2,3.0,0.0,3.0,48.83297632000009,0.1559999999999988,32
6141fa19ee0a3fd43fb47de3,low_MoS2,1.0,2.0,3.0,32.14289841999992,0.4026000000000067,32
6141fa2631cf3ef3d4a9f1be,low_MoS2,2.0,1.0,3.0,41.40724545000008,0.3766999999999996,32
6141fa2f4e27a1844a5f04c0,low_MoS2,1.0,2.0,3.0,8.510926090000137,1.1483999999999952,32
6141fa30baaf234b35290542,low_MoS2,2.0,1.0,3.0,17.880003550000076,1.0922999999999945,32
6141fa35ee0a3fd43fb47de5,low_MoS2,1.0,2.0,3.0,32.12253542999996,0.3504000000000005,32
6141fa4ebaaf234b35290544,low_MoS2,2.0,1.0,3.0,17.86768148999999,1.1103999999999985,32
6141fa504e27a1844a5f04c2,low_MoS2,1.0,2.0,3.0,8.506600790000018,1.150499999999994,32
6141fa5e31cf3ef3d4a9f1c0,low_MoS2,2.0,1.0,3.0,41.46084334999996,0.3890999999999991,32
6141fa6e4e27a1844a5f04c4,low_MoS2,1.0,2.0,3.0,8.514103730000013,1.146799999999999,32
6141fa76ee0a3fd43fb47de7,low_MoS2,1.0,2.0,3.0,32.14212465000013,0.404200000000003,32
6141fa84baaf234b35290546,low_MoS2,2.0,1.0,3.0,17.860737210000018,1.1113,32
6141fa964e27a1844a5f04c6,low_MoS2,1.0,2.0,3.0,8.524849910000082,1.1392999999999986,32
6141fa993ac25c70a5c6ca37,low_MoS2,3.0,0.0,3.0,50.81280596000003,0.3924999999999983,32
6141fab231cf3ef3d4a9f1c2,low_MoS2,2.0,1.0,3.0,41.45028986999996,0.3763999999999967,32
6141fab64e27a1844a5f04c8,low_MoS2,1.0,2.0,3.0,8.506152409999938,1.1420999999999992,32
6141fac3baaf234b35290548,low_MoS2,2.0,1.0,3.0,17.84979507000002,1.0829999999999984,32
6141fad131cf3ef3d4a9f1c4,low_MoS2,2.0,1.0,3.0,41.47171073,0.337299999999999,32
6141fad84e27a1844a5f04ca,low_MoS2,1.0,2.0,3.0,8.513026020000122,1.1426000000000016,32
6141faed3ac25c70a5c6ca39,low_MoS2,3.0,0.0,3.0,50.788559580000005,0.4050000000000011,32
6141faf031cf3ef3d4a9f1c6,low_MoS2,2.0,1.0,3.0,41.44980899000002,0.3619999999999947,32
6141faf94e27a1844a5f04cc,low_MoS2,1.0,2.0,3.0,8.51079297999993,1.145699999999998,32
6141fafa9cbada84a8676bc3,low_MoS2,0.0,3.0,3.0,-0.831183949999911,1.8086999999999944,32
6141fb0f31cf3ef3d4a9f1c8,low_MoS2,2.0,1.0,3.0,41.37768847999992,0.392000000000003,32
6141fb159cbada84a8676bc5,low_MoS2,0.0,3.0,3.0,-0.8313129400000321,1.8096999999999996,32
6141fb214e27a1844a5f04ce,low_MoS2,1.0,2.0,3.0,8.511145230000036,1.144199999999998,32
6141fb2fee0a3fd43fb47de9,low_MoS2,1.0,2.0,3.0,32.13438059000008,0.4024000000000001,32
6141fb329cbada84a8676bc7,low_MoS2,0.0,3.0,3.0,-0.8321139100000323,1.8093000000000004,32
6141fb3f3ac25c70a5c6ca3b,low_MoS2,3.0,0.0,3.0,50.72399373,0.3049000000000035,32
6141fb414e27a1844a5f04d0,low_MoS2,1.0,2.0,3.0,8.517333680000117,1.142300000000006,32
6141fb4831cf3ef3d4a9f1ca,low_MoS2,2.0,1.0,3.0,41.43265643000014,0.3817999999999983,32
6141fb4bee0a3fd43fb47deb,low_MoS2,1.0,2.0,3.0,31.95478804000003,0.2644000000000019,32
6141fb604e27a1844a5f04d2,low_MoS2,1.0,2.0,3.0,8.513682139999926,1.143100000000004,32
6141fb68ee0a3fd43fb47ded,low_MoS2,1.0,2.0,3.0,32.125030290000026,0.3489000000000004,32
6141fb6abaaf234b3529054a,low_MoS2,2.0,1.0,3.0,17.89326546000006,1.091700000000003,32
6141fb7031cf3ef3d4a9f1cc,low_MoS2,2.0,1.0,3.0,40.97236132000008,0.1580000000000012,32
6141fb739cbada84a8676bc9,low_MoS2,0.0,3.0,3.0,-0.8310496199998738,1.808300000000003,32
6141fb86ee0a3fd43fb47def,low_MoS2,1.0,2.0,3.0,32.13161358000001,0.4020999999999972,32
6141fb883ac25c70a5c6ca3d,low_MoS2,3.0,0.0,3.0,50.301612189999936,0.1573999999999955,32
6141fb8e31cf3ef3d4a9f1ce,low_MoS2,2.0,1.0,3.0,41.37362851000008,0.298099999999998,32
6141fb904e27a1844a5f04d4,low_MoS2,1.0,2.0,3.0,8.493570390000084,1.137999999999998,32
6141fb9fbaaf234b3529054c,low_MoS2,2.0,1.0,3.0,17.870324790000033,1.1093000000000046,32
6141fba3ee0a3fd43fb47df1,low_MoS2,1.0,2.0,3.0,32.1451488,0.4020999999999972,32
6141fba89cbada84a8676bcb,low_MoS2,0.0,3.0,3.0,-0.8320021799999608,1.8093000000000004,32
6141fbaf4e27a1844a5f04d6,low_MoS2,1.0,2.0,3.0,8.514373629999934,1.1443999999999974,32
6141fbbfee0a3fd43fb47df3,low_MoS2,1.0,2.0,3.0,32.12983557999995,0.3759000000000014,32
6141fbc89cbada84a8676bcd,low_MoS2,0.0,3.0,3.0,-0.8300822900000071,1.8081000000000031,32
6141fbce4e27a1844a5f04d8,low_MoS2,1.0,2.0,3.0,8.511421640000005,1.147999999999996,32
6141fbd13ac25c70a5c6ca3f,low_MoS2,3.0,0.0,3.0,50.82137086999993,0.4238999999999961,32
6141fbdbbaaf234b3529054e,low_MoS2,2.0,1.0,3.0,17.887549609999944,1.0990000000000038,32
6141fbe531cf3ef3d4a9f1d0,low_MoS2,2.0,1.0,3.0,41.42805276999998,0.4115999999999999,32
6141fbed4e27a1844a5f04da,low_MoS2,1.0,2.0,3.0,8.51635480000007,1.1448999999999998,32
6141fbefee0a3fd43fb47df5,low_MoS2,1.0,2.0,3.0,32.120205630000086,0.3466000000000022,32
6141fbfcbaaf234b35290550,low_MoS2,2.0,1.0,3.0,17.85858167000014,1.039200000000001,32
6141fc154e27a1844a5f04dc,low_MoS2,1.0,2.0,3.0,8.529505620000034,1.1371000000000038,32
6141fc203ac25c70a5c6ca41,low_MoS2,3.0,0.0,3.0,50.75964897000009,0.3802999999999983,32
6141fc349cbada84a8676bcf,low_MoS2,0.0,3.0,3.0,-0.8332098600000677,1.8061000000000007,32
6141fc36baaf234b35290552,low_MoS2,2.0,1.0,3.0,17.851565330000078,1.083599999999997,32
6141fc3a4e27a1844a5f04de,low_MoS2,1.0,2.0,3.0,8.543361320000056,1.1443999999999974,32
6141fc509cbada84a8676bd1,low_MoS2,0.0,3.0,3.0,-0.8327202499999089,1.8093999999999968,32
6141fc584e27a1844a5f04e0,low_MoS2,1.0,2.0,3.0,8.50812423999994,1.146800000000006,32
6141fc5eee0a3fd43fb47df7,low_MoS2,1.0,2.0,3.0,32.14866082000002,0.3995000000000033,32
6141fc6631cf3ef3d4a9f1d2,low_MoS2,2.0,1.0,3.0,40.97233139999999,0.1562999999999945,32
6141fc6c9cbada84a8676bd3,low_MoS2,0.0,3.0,3.0,-0.8322900699999423,1.808299999999996,32
6141fc764e27a1844a5f04e2,low_MoS2,1.0,2.0,3.0,8.51811318999992,1.1425000000000054,32
6141fc8531cf3ef3d4a9f1d4,low_MoS2,2.0,1.0,3.0,41.42994695000012,0.3849000000000018,32
6141fc9f3ac25c70a5c6ca43,low_MoS2,3.0,0.0,3.0,50.82830858999993,0.4219000000000008,32
6141fca531cf3ef3d4a9f1d6,low_MoS2,2.0,1.0,3.0,41.36524797000011,0.4080000000000012,32
6141fcdb4e27a1844a5f04e4,low_MoS2,1.0,2.0,3.0,8.511274170000004,1.1458000000000013,32
6141fce93ac25c70a5c6ca45,low_MoS2,3.0,0.0,3.0,50.82055264000011,0.4270999999999958,32
6141fcf29cbada84a8676bd5,low_MoS2,0.0,3.0,3.0,-0.8324409399999126,1.8089000000000013,32
6141fcf631cf3ef3d4a9f1d8,low_MoS2,2.0,1.0,3.0,41.460759150000015,0.3768000000000029,32
6141fd02ee0a3fd43fb47df9,low_MoS2,1.0,2.0,3.0,32.12272417000007,0.3607999999999975,32
6141fd104e27a1844a5f04e6,low_MoS2,1.0,2.0,3.0,8.50489494000001,1.1474999999999935,32
6141fd14baaf234b35290554,low_MoS2,2.0,1.0,3.0,17.858730489999964,1.0865999999999971,32
6141fd1531cf3ef3d4a9f1da,low_MoS2,2.0,1.0,3.0,39.49383660000008,0.1514000000000024,32
6141fd1d9cbada84a8676bd7,low_MoS2,0.0,3.0,3.0,-0.8287970499999915,1.8081999999999996,32
6141fd2f4e27a1844a5f04e8,low_MoS2,1.0,2.0,3.0,8.513289550000106,1.1463000000000036,32
6141fd34baaf234b35290556,low_MoS2,2.0,1.0,3.0,17.87157021999996,1.1000000000000014,32
6141fd3bee0a3fd43fb47dfb,low_MoS2,1.0,2.0,3.0,32.145591140000064,0.4025000000000034,32
6141fd54baaf234b35290558,low_MoS2,2.0,1.0,3.0,17.884525299999943,1.102000000000004,32
6141fd58ee0a3fd43fb47dfd,low_MoS2,1.0,2.0,3.0,32.14458562000003,0.4050999999999973,32
6141fd6a31cf3ef3d4a9f1dc,low_MoS2,2.0,1.0,3.0,41.44121298,0.3796999999999997,32
6141fd6b4e27a1844a5f04ea,low_MoS2,1.0,2.0,3.0,8.511723780000036,1.1452000000000029,32
6141fd7ebaaf234b3529055a,low_MoS2,2.0,1.0,3.0,17.86485597,1.1060000000000016,32
6141fd803ac25c70a5c6ca47,low_MoS2,3.0,0.0,3.0,50.77488882999993,0.3819999999999979,32
6141fd8931cf3ef3d4a9f1de,low_MoS2,2.0,1.0,3.0,41.42791155000005,0.4089999999999989,32
6141fd89ee0a3fd43fb47dff,low_MoS2,1.0,2.0,3.0,32.15408967999996,0.3984999999999985,32
6141fd8b4e27a1844a5f04ec,low_MoS2,1.0,2.0,3.0,8.517953049999985,1.1422000000000023,32
6141fd9fbaaf234b3529055c,low_MoS2,2.0,1.0,3.0,17.852415020000073,1.0925999999999974,32
6141fdab4e27a1844a5f04ee,low_MoS2,1.0,2.0,3.0,8.514013040000034,1.147999999999996,32
6141fdb59cbada84a8676bd9,low_MoS2,0.0,3.0,3.0,-0.8322488700000008,1.8098000000000027,32
6141fdbaee0a3fd43fb47e01,low_MoS2,1.0,2.0,3.0,32.14564212999993,0.4024000000000001,32
6141fdc531cf3ef3d4a9f1e0,low_MoS2,2.0,1.0,3.0,41.45970529000006,0.3793000000000006,32
6141fdcb4e27a1844a5f04f0,low_MoS2,1.0,2.0,3.0,8.506359510000063,1.137099999999997,32
6141fdcd3ac25c70a5c6ca49,low_MoS2,3.0,0.0,3.0,50.82485388000001,0.4243000000000023,32
6141fdd29cbada84a8676bdb,low_MoS2,0.0,3.0,3.0,-0.8269344400000023,1.8065,32
6141fde531cf3ef3d4a9f1e2,low_MoS2,2.0,1.0,3.0,41.48978480000001,0.4132000000000033,32
6141fded4e27a1844a5f04f2,low_MoS2,1.0,2.0,3.0,8.514515990000088,1.144599999999997,32
6141fdf7baaf234b3529055e,low_MoS2,2.0,1.0,3.0,17.81408342000008,0.9416000000000012,32
6141fe0dee0a3fd43fb47e03,low_MoS2,1.0,2.0,3.0,32.139581540000094,0.4040999999999997,32
6141fe0f4e27a1844a5f04f4,low_MoS2,1.0,2.0,3.0,8.51092939999992,1.1437999999999988,32
6141fe173ac25c70a5c6ca4b,low_MoS2,3.0,0.0,3.0,50.71786837999995,0.2997999999999976,32
6141fe1c31cf3ef3d4a9f1e4,low_MoS2,2.0,1.0,3.0,41.45895706000006,0.3732000000000042,32
6141fe299cbada84a8676bdd,low_MoS2,0.0,3.0,3.0,-0.8297577600000636,1.808099999999996,32
6141fe2bee0a3fd43fb47e05,low_MoS2,1.0,2.0,3.0,32.147827470000024,0.3984999999999985,32
6141fe3f31cf3ef3d4a9f1e6,low_MoS2,2.0,1.0,3.0,41.45925081000014,0.3680000000000021,32
6141fe43baaf234b35290560,low_MoS2,2.0,1.0,3.0,17.930692769999943,0.6529000000000025,32
6141fe49ee0a3fd43fb47e07,low_MoS2,1.0,2.0,3.0,32.14512448999993,0.4050999999999973,32
6141fe4f4e27a1844a5f04f6,low_MoS2,1.0,2.0,3.0,8.505856479999945,1.1462000000000003,32
6141fe5f31cf3ef3d4a9f1e8,low_MoS2,2.0,1.0,3.0,41.478413010000125,0.4061000000000021,32
6141fe64baaf234b35290562,low_MoS2,2.0,1.0,3.0,17.88608324999995,1.0818000000000012,32
6141fe673ac25c70a5c6ca4d,low_MoS2,3.0,0.0,3.0,50.77212010000009,0.3731000000000009,32
6141fe7f31cf3ef3d4a9f1ea,low_MoS2,2.0,1.0,3.0,41.46080935999994,0.3619999999999947,32
6141fe849cbada84a8676bdf,low_MoS2,0.0,3.0,3.0,-0.8322827999999731,1.8096000000000032,32
6141fe86baaf234b35290564,low_MoS2,2.0,1.0,3.0,17.850812220000073,1.0016000000000034,32
6141fe864e27a1844a5f04f8,low_MoS2,1.0,2.0,3.0,8.517653019999923,1.1428000000000011,32
6141fea0ee0a3fd43fb47e09,low_MoS2,1.0,2.0,3.0,32.09016390000009,0.4059999999999988,32
6141fea131cf3ef3d4a9f1ec,low_MoS2,2.0,1.0,3.0,41.46801344000001,0.3327999999999989,32
6141fea54e27a1844a5f04fa,low_MoS2,1.0,2.0,3.0,8.508338740000024,1.1464,32
6141fea6baaf234b35290566,low_MoS2,2.0,1.0,3.0,17.826906870000123,0.941599999999994,32
6141feb33ac25c70a5c6ca4f,low_MoS2,3.0,0.0,3.0,50.32872807000005,0.1721000000000003,32
6141feba9cbada84a8676be1,low_MoS2,0.0,3.0,3.0,-0.8328104399999461,1.8100000000000025,32
6141febeee0a3fd43fb47e0b,low_MoS2,1.0,2.0,3.0,32.13051803000006,0.3586999999999989,32
6141fec231cf3ef3d4a9f1ee,low_MoS2,2.0,1.0,3.0,41.47669607999997,0.3391999999999981,32
6141fec54e27a1844a5f04fc,low_MoS2,1.0,2.0,3.0,8.50234430000003,1.1469000000000025,32
6141fec7baaf234b35290568,low_MoS2,2.0,1.0,3.0,17.86468235000006,1.1109000000000009,32
6141fed79cbada84a8676be3,low_MoS2,0.0,3.0,3.0,-0.8319699699999887,1.8095,32
6141feeaee0a3fd43fb47e0d,low_MoS2,1.0,2.0,3.0,32.14209927,0.4018999999999977,32
6141fef04e27a1844a5f04fe,low_MoS2,1.0,2.0,3.0,8.547706990000076,1.1795999999999935,32
6141fef59cbada84a8676be5,low_MoS2,0.0,3.0,3.0,-0.8230665200000544,1.8059999999999972,32
6141fefd31cf3ef3d4a9f1f0,low_MoS2,2.0,1.0,3.0,41.45604249999992,0.3920999999999992,32
6141ff0bee0a3fd43fb47e0f,low_MoS2,1.0,2.0,3.0,32.08971104999999,0.4039000000000001,32
6141ff104e27a1844a5f0500,low_MoS2,1.0,2.0,3.0,8.513333469999932,1.1451999999999956,32
6141ff143ac25c70a5c6ca51,low_MoS2,3.0,0.0,3.0,50.82594441999996,0.4140000000000015,32
6141ff1d31cf3ef3d4a9f1f2,low_MoS2,2.0,1.0,3.0,41.47422165000008,0.3168000000000006,32
6141ff304e27a1844a5f0502,low_MoS2,1.0,2.0,3.0,8.506408519999948,1.1475000000000009,32
6141ff34ee0a3fd43fb47e11,low_MoS2,1.0,2.0,3.0,32.122425920000055,0.3447999999999993,32
6141ff3f31cf3ef3d4a9f1f4,low_MoS2,2.0,1.0,3.0,41.45963271000001,0.3886000000000038,32
6141ff4ebaaf234b3529056a,low_MoS2,2.0,1.0,3.0,17.870817750000008,1.0874999999999986,32
6141ff504e27a1844a5f0504,low_MoS2,1.0,2.0,3.0,8.498356600000104,1.152000000000001,32
6141ff6031cf3ef3d4a9f1f6,low_MoS2,2.0,1.0,3.0,41.3959833200001,0.3001000000000005,32
6141ff643ac25c70a5c6ca53,low_MoS2,3.0,0.0,3.0,50.31240365,0.1548999999999978,32
6141ff704e27a1844a5f0506,low_MoS2,1.0,2.0,3.0,8.50159579999993,1.1459000000000046,32
6141ff719cbada84a8676be7,low_MoS2,0.0,3.0,3.0,-0.8315596899998923,1.8089000000000013,32
6141ff7fbaaf234b3529056c,low_MoS2,2.0,1.0,3.0,17.962735739999964,0.6454999999999984,32
6141ff8031cf3ef3d4a9f1f8,low_MoS2,2.0,1.0,3.0,39.49370418000008,0.1454999999999984,32
6141ffa131cf3ef3d4a9f1fa,low_MoS2,2.0,1.0,3.0,40.97556759000004,0.1554000000000002,32
6141ffa44e27a1844a5f0508,low_MoS2,1.0,2.0,3.0,8.510490209999968,1.148299999999999,32
6141ffa59cbada84a8676be9,low_MoS2,0.0,3.0,3.0,-0.8316198399999735,1.8096999999999996,32
6141ffb13ac25c70a5c6ca55,low_MoS2,3.0,0.0,3.0,50.812911590000034,0.4198999999999984,32
6141ffbeee0a3fd43fb47e13,low_MoS2,1.0,2.0,3.0,32.14505589000008,0.4037000000000006,32
6141ffc34e27a1844a5f050a,low_MoS2,1.0,2.0,3.0,8.493419800000108,1.1384000000000043,32
6141ffc4baaf234b3529056e,low_MoS2,2.0,1.0,3.0,17.81571828000005,0.9433000000000008,32
6141ffc49cbada84a8676beb,low_MoS2,0.0,3.0,3.0,-0.8309960500000102,1.8085999999999984,32
6141ffc531cf3ef3d4a9f1fc,low_MoS2,2.0,1.0,3.0,41.44987527999997,0.361699999999999,32
6141ffdcee0a3fd43fb47e15,low_MoS2,1.0,2.0,3.0,32.14324312999996,0.4020999999999972,32
6141ffe29cbada84a8676bed,low_MoS2,0.0,3.0,3.0,-0.83293711999994,1.8095,32
6141fff94e27a1844a5f050c,low_MoS2,1.0,2.0,3.0,8.510101730000112,1.144599999999997,32
614200009cbada84a8676bef,low_MoS2,0.0,3.0,3.0,-0.8322617700000023,1.8095,32
61420003baaf234b35290570,low_MoS2,2.0,1.0,3.0,17.85577854999996,1.0377999999999972,32
6142000bee0a3fd43fb47e17,low_MoS2,1.0,2.0,3.0,32.092691600000066,0.4044000000000025,32
6142001731cf3ef3d4a9f1fe,low_MoS2,2.0,1.0,3.0,41.44735431,0.3614999999999995,32
614200184e27a1844a5f050e,low_MoS2,1.0,2.0,3.0,8.517123330000029,1.1426999999999978,32
61420025baaf234b35290572,low_MoS2,2.0,1.0,3.0,17.92863160000001,0.6526999999999958,32
61420032ee0a3fd43fb47e19,low_MoS2,1.0,2.0,3.0,32.12172867999992,0.3793000000000006,32
6142003731cf3ef3d4a9f200,low_MoS2,2.0,1.0,3.0,41.44900647999994,0.359099999999998,32
6142003c4e27a1844a5f0510,low_MoS2,1.0,2.0,3.0,8.51190545000011,1.1447000000000005,32
614200513ac25c70a5c6ca57,low_MoS2,3.0,0.0,3.0,48.83651129000001,0.166800000000002,32
6142006fbaaf234b35290574,low_MoS2,2.0,1.0,3.0,17.87354316999994,1.110199999999999,32
614200734e27a1844a5f0512,low_MoS2,1.0,2.0,3.0,8.494185450000057,1.1376999999999953,32
6142008731cf3ef3d4a9f202,low_MoS2,2.0,1.0,3.0,41.42026494000011,0.3856999999999999,32
6142008e9cbada84a8676bf1,low_MoS2,0.0,3.0,3.0,-0.8324351699999966,1.8085999999999984,32
614200944e27a1844a5f0514,low_MoS2,1.0,2.0,3.0,8.51231375,1.1445000000000007,32
614200a0ee0a3fd43fb47e1b,low_MoS2,1.0,2.0,3.0,32.12063966999993,0.3489000000000004,32
614200b531cf3ef3d4a9f204,low_MoS2,2.0,1.0,3.0,41.44623872999996,0.3759000000000014,32
614200babaaf234b35290576,low_MoS2,2.0,1.0,3.0,17.887383499999935,0.958199999999998,32
614200be9cbada84a8676bf3,low_MoS2,0.0,3.0,3.0,-0.8328555200000096,1.8086999999999944,32
614200dbbaaf234b35290578,low_MoS2,2.0,1.0,3.0,17.878050570000134,1.091699999999996,32
614200e69cbada84a8676bf5,low_MoS2,0.0,3.0,3.0,-0.8313402499999825,1.806200000000004,32
614200eb3ac25c70a5c6ca59,low_MoS2,3.0,0.0,3.0,50.79201759000004,0.3973000000000013,32
614200f631cf3ef3d4a9f206,low_MoS2,2.0,1.0,3.0,41.4697899100001,0.4112999999999971,32
614201039cbada84a8676bf7,low_MoS2,0.0,3.0,3.0,-0.8232673699998827,1.8061000000000007,32
6142010dbaaf234b3529057a,low_MoS2,2.0,1.0,3.0,17.898989810000096,1.1265999999999965,32
6142011731cf3ef3d4a9f208,low_MoS2,2.0,1.0,3.0,41.47650551000011,0.3355999999999994,32
6142013731cf3ef3d4a9f20a,low_MoS2,2.0,1.0,3.0,41.45057730000004,0.3916000000000039,32
614201384e27a1844a5f0516,low_MoS2,1.0,2.0,3.0,8.512640660000013,1.1462000000000003,32
6142013d9cbada84a8676bf9,low_MoS2,0.0,3.0,3.0,-0.8332612900000527,1.8065,32
61420140ee0a3fd43fb47e1d,low_MoS2,1.0,2.0,3.0,32.13018056999998,0.3968999999999951,32
614201423ac25c70a5c6ca5b,low_MoS2,3.0,0.0,3.0,50.77307323000006,0.4033000000000015,32
614201584e27a1844a5f0518,low_MoS2,1.0,2.0,3.0,8.499889350000128,1.1480999999999997,32
6142015831cf3ef3d4a9f20c,low_MoS2,2.0,1.0,3.0,40.99844757000001,0.1674999999999968,32
61420159baaf234b3529057c,low_MoS2,2.0,1.0,3.0,17.864233129999995,1.083199999999998,32
614201784e27a1844a5f051a,low_MoS2,1.0,2.0,3.0,8.50980172999996,1.1468999999999951,32
6142018c9cbada84a8676bfb,low_MoS2,0.0,3.0,3.0,-0.8296308900000327,1.8075000000000043,32
6142018fbaaf234b3529057e,low_MoS2,2.0,1.0,3.0,17.869513979999958,1.1098,32
614201973ac25c70a5c6ca5d,low_MoS2,3.0,0.0,3.0,50.78668699000006,0.3805000000000049,32
6142019b31cf3ef3d4a9f20e,low_MoS2,2.0,1.0,3.0,40.80618724999995,0.1814999999999997,32
614201c0baaf234b35290580,low_MoS2,2.0,1.0,3.0,17.86573238999994,1.110199999999999,32
614201c54e27a1844a5f051c,low_MoS2,1.0,2.0,3.0,8.532152710000016,1.137900000000002,32
614201cf9cbada84a8676bfd,low_MoS2,0.0,3.0,3.0,-0.8311883099999591,1.8098000000000027,32
614201d7ee0a3fd43fb47e1f,low_MoS2,1.0,2.0,3.0,32.09204896000004,0.4020999999999972,32
614201e131cf3ef3d4a9f210,low_MoS2,2.0,1.0,3.0,41.468643099999966,0.3190999999999988,32
614201e1baaf234b35290582,low_MoS2,2.0,1.0,3.0,17.85416467000004,1.0949000000000026,32
614201e54e27a1844a5f051e,low_MoS2,1.0,2.0,3.0,8.533077490000121,1.1370000000000005,32
614201e53ac25c70a5c6ca5f,low_MoS2,3.0,0.0,3.0,50.79808248999999,0.3767999999999958,32
614201ed9cbada84a8676bff,low_MoS2,0.0,3.0,3.0,-0.8286211100000287,1.8085999999999984,32
614202289cbada84a8676c01,low_MoS2,0.0,3.0,3.0,-0.8324702699998738,1.8096999999999996,32
6142022931cf3ef3d4a9f212,low_MoS2,2.0,1.0,3.0,41.47375510000002,0.3329999999999984,32
614202353ac25c70a5c6ca61,low_MoS2,3.0,0.0,3.0,50.77496723000005,0.4247000000000014,32
614202494e27a1844a5f0520,low_MoS2,1.0,2.0,3.0,8.517216570000098,1.1418999999999997,32
6142024dee0a3fd43fb47e21,low_MoS2,1.0,2.0,3.0,32.14455685000006,0.4050999999999973,32
6142025c9cbada84a8676c03,low_MoS2,0.0,3.0,3.0,-0.8293492800000308,1.8074000000000008,32
61420264baaf234b35290584,low_MoS2,2.0,1.0,3.0,17.896586370000016,0.9570000000000008,32
6142026b4e27a1844a5f0522,low_MoS2,1.0,2.0,3.0,8.509904970000004,1.1476000000000042,32
6142028831cf3ef3d4a9f214,low_MoS2,2.0,1.0,3.0,41.464398120000126,0.3404999999999987,32
6142029e9cbada84a8676c05,low_MoS2,0.0,3.0,3.0,-0.8333629399998586,1.8093999999999968,32
614202a44e27a1844a5f0524,low_MoS2,1.0,2.0,3.0,8.507127580000112,1.1499999999999986,32
614202a931cf3ef3d4a9f216,low_MoS2,2.0,1.0,3.0,41.4573974500001,0.3715999999999937,32
614202bc3ac25c70a5c6ca63,low_MoS2,3.0,0.0,3.0,50.79421678999999,0.4094000000000051,32
614202c44e27a1844a5f0526,low_MoS2,1.0,2.0,3.0,8.515381340000001,1.1445000000000007,32
614202ca31cf3ef3d4a9f218,low_MoS2,2.0,1.0,3.0,41.40676372999992,0.3072000000000017,32
614202cc9cbada84a8676c07,low_MoS2,0.0,3.0,3.0,-0.8313142399999265,1.8090000000000048,32
614202e34e27a1844a5f0528,low_MoS2,1.0,2.0,3.0,8.540913099999923,1.182299999999998,32
614202ea9cbada84a8676c09,low_MoS2,0.0,3.0,3.0,-0.8319820199998844,1.8078000000000003,32
614202eb31cf3ef3d4a9f21a,low_MoS2,2.0,1.0,3.0,41.45905798000008,0.3887,32
614203024e27a1844a5f052a,low_MoS2,1.0,2.0,3.0,8.50829776000003,1.1462000000000003,32
6142031a31cf3ef3d4a9f21c,low_MoS2,2.0,1.0,3.0,41.45093771000002,0.3733000000000004,32
6142031bee0a3fd43fb47e23,low_MoS2,1.0,2.0,3.0,31.95733807000009,0.262599999999999,32
6142031d9cbada84a8676c0b,low_MoS2,0.0,3.0,3.0,-0.8307595699999979,1.808399999999999,32
61420329baaf234b35290586,low_MoS2,2.0,1.0,3.0,17.857898890000108,1.039200000000001,32
614203364e27a1844a5f052c,low_MoS2,1.0,2.0,3.0,8.513117969999964,1.1468999999999951,32
6142033931cf3ef3d4a9f21e,low_MoS2,2.0,1.0,3.0,41.44306657000011,0.3821999999999974,32
6142033c9cbada84a8676c0d,low_MoS2,0.0,3.0,3.0,-0.8200934000000757,1.8057000000000016,32
6142034bbaaf234b35290588,low_MoS2,2.0,1.0,3.0,17.850902959999978,1.094699999999996,32
6142035a31cf3ef3d4a9f220,low_MoS2,2.0,1.0,3.0,41.388265199999935,0.2987999999999999,32
6142035f3ac25c70a5c6ca65,low_MoS2,3.0,0.0,3.0,50.82079319999995,0.3460000000000036,32
6142039c31cf3ef3d4a9f222,low_MoS2,2.0,1.0,3.0,40.971121949999954,0.1565999999999974,32
614203b29cbada84a8676c0f,low_MoS2,0.0,3.0,3.0,-0.8305474499999832,1.8078000000000003,32
614203b43ac25c70a5c6ca67,low_MoS2,3.0,0.0,3.0,50.77064346000012,0.3891999999999953,32
614203b6baaf234b3529058a,low_MoS2,2.0,1.0,3.0,17.85215809999999,1.082100000000004,32
614203baee0a3fd43fb47e25,low_MoS2,1.0,2.0,3.0,32.12563470999997,0.3495000000000061,32
614203d64e27a1844a5f052e,low_MoS2,1.0,2.0,3.0,8.506092809999952,1.1373999999999995,32
614203da9cbada84a8676c11,low_MoS2,0.0,3.0,3.0,-0.8316819900000496,1.8078000000000003,32
614203f1ee0a3fd43fb47e27,low_MoS2,1.0,2.0,3.0,32.15925007999998,0.397199999999998,32
614203f74e27a1844a5f0530,low_MoS2,1.0,2.0,3.0,8.505918289999979,1.137599999999999,32
614204053ac25c70a5c6ca69,low_MoS2,3.0,0.0,3.0,48.82207452999993,0.1599999999999966,32
6142040bbaaf234b3529058c,low_MoS2,2.0,1.0,3.0,17.868797090000037,1.0815000000000057,32
61420420ee0a3fd43fb47e29,low_MoS2,1.0,2.0,3.0,32.13090538999994,0.3960000000000008,32
6142042231cf3ef3d4a9f224,low_MoS2,2.0,1.0,3.0,41.42503453000013,0.3793999999999968,32
614204349cbada84a8676c13,low_MoS2,0.0,3.0,3.0,-0.8330217499998867,1.8095,32
614204414e27a1844a5f0532,low_MoS2,1.0,2.0,3.0,8.503048220000007,1.1383999999999972,32
6142044331cf3ef3d4a9f226,low_MoS2,2.0,1.0,3.0,41.46109152999993,0.3763999999999967,32
614204529cbada84a8676c15,low_MoS2,0.0,3.0,3.0,-0.8315447699998799,1.809599999999996,32
614204604e27a1844a5f0534,low_MoS2,1.0,2.0,3.0,8.539735379999936,1.1397000000000048,32
6142046431cf3ef3d4a9f228,low_MoS2,2.0,1.0,3.0,41.46045548000002,0.3752999999999957,32
614204804e27a1844a5f0536,low_MoS2,1.0,2.0,3.0,8.50557331000007,1.143000000000001,32
614204803ac25c70a5c6ca6b,low_MoS2,3.0,0.0,3.0,50.79913383,0.3772999999999982,32
6142048631cf3ef3d4a9f22a,low_MoS2,2.0,1.0,3.0,41.45765157000001,0.3704999999999998,32
614204909cbada84a8676c17,low_MoS2,0.0,3.0,3.0,-0.7950499400000695,1.806200000000004,32
614204a531cf3ef3d4a9f22c,low_MoS2,2.0,1.0,3.0,41.46101001999996,0.3699000000000012,32
614204abbaaf234b3529058e,low_MoS2,2.0,1.0,3.0,17.85357118000001,1.0396,32
614204c731cf3ef3d4a9f22e,low_MoS2,2.0,1.0,3.0,39.44694332000013,0.1265999999999962,32
614204ca4e27a1844a5f0538,low_MoS2,1.0,2.0,3.0,8.505443479999965,1.142400000000002,32
614204d8baaf234b35290590,low_MoS2,2.0,1.0,3.0,17.867875619999943,1.1094000000000008,32
614204e931cf3ef3d4a9f230,low_MoS2,2.0,1.0,3.0,40.976681520000014,0.1552000000000006,32
614204fcbaaf234b35290592,low_MoS2,2.0,1.0,3.0,17.86737336999999,1.109499999999997,32
614205024e27a1844a5f053a,low_MoS2,1.0,2.0,3.0,8.516445539999975,1.1444000000000043,32
6142050c31cf3ef3d4a9f232,low_MoS2,2.0,1.0,3.0,41.413802810000064,0.3755999999999986,32
614205214e27a1844a5f053c,low_MoS2,1.0,2.0,3.0,8.516202580000051,1.1451999999999956,32
614205219cbada84a8676c19,low_MoS2,0.0,3.0,3.0,-0.8317048099999624,1.8081000000000031,32
6142052aee0a3fd43fb47e2b,low_MoS2,1.0,2.0,3.0,32.126141590000074,0.3757000000000019,32
6142052e31cf3ef3d4a9f234,low_MoS2,2.0,1.0,3.0,41.460511700000055,0.3778999999999968,32
6142053cbaaf234b35290594,low_MoS2,2.0,1.0,3.0,17.857458989999934,1.1129999999999995,32
614205404e27a1844a5f053e,low_MoS2,1.0,2.0,3.0,8.526617580000018,1.1400000000000006,32
6142055131cf3ef3d4a9f236,low_MoS2,2.0,1.0,3.0,41.48716694000014,0.4050000000000011,32
614205579cbada84a8676c1b,low_MoS2,0.0,3.0,3.0,-0.8308297299999481,1.8081000000000031,32
61420558ee0a3fd43fb47e2d,low_MoS2,1.0,2.0,3.0,32.13059996000014,0.3954999999999984,32
614205604e27a1844a5f0540,low_MoS2,1.0,2.0,3.0,8.553228239999978,1.1411000000000016,32
6142057331cf3ef3d4a9f238,low_MoS2,2.0,1.0,3.0,41.459167129999926,0.3710000000000022,32
614205749cbada84a8676c1d,low_MoS2,0.0,3.0,3.0,-0.8317157900000325,1.809799999999996,32
61420577ee0a3fd43fb47e2f,low_MoS2,1.0,2.0,3.0,31.94856851000008,0.2462999999999979,32
61420586baaf234b35290596,low_MoS2,2.0,1.0,3.0,17.858757340000004,1.089499999999994,32
614205a93ac25c70a5c6ca6d,low_MoS2,3.0,0.0,3.0,50.77778322999999,0.3329000000000022,32
614205bf9cbada84a8676c1f,low_MoS2,0.0,3.0,3.0,-0.8313093799999365,1.809199999999997,32
614205c54e27a1844a5f0542,low_MoS2,1.0,2.0,3.0,8.534476210000118,1.136499999999998,32
614205c7baaf234b35290598,low_MoS2,2.0,1.0,3.0,17.867321390000136,1.0886999999999958,32
614205d931cf3ef3d4a9f23a,low_MoS2,2.0,1.0,3.0,41.47852398999994,0.4106999999999985,32
614205dc9cbada84a8676c21,low_MoS2,0.0,3.0,3.0,-0.8286694499999498,1.808300000000003,32
614205e54e27a1844a5f0544,low_MoS2,1.0,2.0,3.0,8.505469640000026,1.1420999999999992,32
614205f3baaf234b3529059a,low_MoS2,2.0,1.0,3.0,17.849500100000107,1.0908000000000015,32
614205f93ac25c70a5c6ca6f,low_MoS2,3.0,0.0,3.0,50.30550619000011,0.1300999999999987,32
614206099cbada84a8676c23,low_MoS2,0.0,3.0,3.0,-0.8317007200000148,1.809799999999996,32
6142062631cf3ef3d4a9f23c,low_MoS2,2.0,1.0,3.0,39.38574560000002,0.6026999999999987,32
6142062cee0a3fd43fb47e31,low_MoS2,1.0,2.0,3.0,32.13552995999997,0.4005000000000009,32
61420633baaf234b3529059c,low_MoS2,2.0,1.0,3.0,17.86471075000008,1.1098,32
614206493ac25c70a5c6ca71,low_MoS2,3.0,0.0,3.0,50.81077173000009,0.3440000000000012,32
6142064a4e27a1844a5f0546,low_MoS2,1.0,2.0,3.0,8.512480350000057,1.1448999999999998,32
6142065d31cf3ef3d4a9f23e,low_MoS2,2.0,1.0,3.0,41.48072870999995,0.4106000000000023,32
61420670ee0a3fd43fb47e33,low_MoS2,1.0,2.0,3.0,32.09023509999996,0.4054000000000002,32
6142067f31cf3ef3d4a9f240,low_MoS2,2.0,1.0,3.0,40.96936053000009,0.1546999999999982,32
6142068bbaaf234b3529059e,low_MoS2,2.0,1.0,3.0,17.868001410000026,1.0864000000000047,32
614206924e27a1844a5f0548,low_MoS2,1.0,2.0,3.0,8.51339553000005,1.146799999999999,32
6142069c3ac25c70a5c6ca73,low_MoS2,3.0,0.0,3.0,50.733377480000094,0.3887,32
6142069d9cbada84a8676c25,low_MoS2,0.0,3.0,3.0,-0.8321612799999798,1.809899999999999,32
614206a131cf3ef3d4a9f242,low_MoS2,2.0,1.0,3.0,41.49030925999996,0.4107000000000056,32
614206adbaaf234b352905a0,low_MoS2,2.0,1.0,3.0,17.864537809999995,1.1059999999999943,32
614206b24e27a1844a5f054a,low_MoS2,1.0,2.0,3.0,8.509750960000044,1.1492000000000004,32
614206c331cf3ef3d4a9f244,low_MoS2,2.0,1.0,3.0,41.42054543000013,0.3704999999999998,32
614206d69cbada84a8676c27,low_MoS2,0.0,3.0,3.0,-0.8329725000000394,1.8096000000000032,32
614206dc4e27a1844a5f054c,low_MoS2,1.0,2.0,3.0,8.546453220000128,1.143000000000001,32
614206ec3ac25c70a5c6ca75,low_MoS2,3.0,0.0,3.0,50.78218091,0.3857999999999961,32
614206f8baaf234b352905a2,low_MoS2,2.0,1.0,3.0,17.868069740000003,1.1106000000000051,32
614206fd4e27a1844a5f054e,low_MoS2,1.0,2.0,3.0,8.514855650000097,1.1445000000000007,32
614207099cbada84a8676c29,low_MoS2,0.0,3.0,3.0,-0.8304985999999985,1.8091000000000008,32
6142070fee0a3fd43fb47e35,low_MoS2,1.0,2.0,3.0,32.144554559999946,0.4044000000000025,32
6142071831cf3ef3d4a9f246,low_MoS2,2.0,1.0,3.0,41.470622790000064,0.4147000000000034,32
6142071d4e27a1844a5f0550,low_MoS2,1.0,2.0,3.0,8.537523620000027,1.1792999999999978,32
614207359cbada84a8676c2b,low_MoS2,0.0,3.0,3.0,-0.8050038099999597,1.8081999999999996,32
6142073b31cf3ef3d4a9f248,low_MoS2,2.0,1.0,3.0,41.45414890000002,0.3975000000000008,32
6142073d4e27a1844a5f0552,low_MoS2,1.0,2.0,3.0,8.512497610000107,1.1456000000000015,32
6142074aee0a3fd43fb47e37,low_MoS2,1.0,2.0,3.0,32.08196788000008,0.3971000000000018,32
6142075d31cf3ef3d4a9f24a,low_MoS2,2.0,1.0,3.0,41.47250986000013,0.4162000000000034,32
61420760baaf234b352905a4,low_MoS2,2.0,1.0,3.0,17.883437579999956,0.9594999999999984,32
6142076d9cbada84a8676c2d,low_MoS2,0.0,3.0,3.0,-0.8315874899998903,1.809400000000004,32
614207753ac25c70a5c6ca77,low_MoS2,3.0,0.0,3.0,48.79758000000008,0.1646999999999963,32
6142077f31cf3ef3d4a9f24c,low_MoS2,2.0,1.0,3.0,41.551341940000114,0.3833000000000055,32
6142078c4e27a1844a5f0554,low_MoS2,1.0,2.0,3.0,8.494109730000016,1.1377000000000024,32
6142078c9cbada84a8676c2f,low_MoS2,0.0,3.0,3.0,-0.7990657800000349,1.806199999999997,32
6142079cee0a3fd43fb47e39,low_MoS2,1.0,2.0,3.0,32.14665637999995,0.4014000000000024,32
614207a231cf3ef3d4a9f24e,low_MoS2,2.0,1.0,3.0,41.29978227000011,0.2362000000000037,32
614207b1baaf234b352905a6,low_MoS2,2.0,1.0,3.0,17.875557260000043,1.0854,32
614207c631cf3ef3d4a9f250,low_MoS2,2.0,1.0,3.0,41.564543169999936,0.4054999999999964,32
614207c93ac25c70a5c6ca79,low_MoS2,3.0,0.0,3.0,50.76491494000008,0.3840999999999965,32
614207cc4e27a1844a5f0556,low_MoS2,1.0,2.0,3.0,8.529201029999992,1.139400000000002,32
614207d9ee0a3fd43fb47e3b,low_MoS2,1.0,2.0,3.0,32.148187300000004,0.3997000000000028,32
614207e49cbada84a8676c31,low_MoS2,0.0,3.0,3.0,-0.8319970199999602,1.808799999999998,32
614207ea31cf3ef3d4a9f252,low_MoS2,2.0,1.0,3.0,41.46029078000011,0.4129999999999967,32
614207f3baaf234b352905a8,low_MoS2,2.0,1.0,3.0,17.870164899999956,1.1100000000000063,32
614207fb4e27a1844a5f0558,low_MoS2,1.0,2.0,3.0,8.508594540000129,1.142799999999994,32
6142080aee0a3fd43fb47e3d,low_MoS2,1.0,2.0,3.0,32.09112557000002,0.4018000000000015,32
6142080e31cf3ef3d4a9f254,low_MoS2,2.0,1.0,3.0,41.49012996000006,0.4102999999999994,32
61420815baaf234b352905aa,low_MoS2,2.0,1.0,3.0,17.81819089000009,0.9446000000000012,32
61420837baaf234b352905ac,low_MoS2,2.0,1.0,3.0,17.850122479999975,1.0908999999999978,32
61420843ee0a3fd43fb47e3f,low_MoS2,1.0,2.0,3.0,32.125386509999984,0.3474999999999966,32
614208469cbada84a8676c33,low_MoS2,0.0,3.0,3.0,-0.8295236700000146,1.8076000000000008,32
6142084e31cf3ef3d4a9f256,low_MoS2,2.0,1.0,3.0,41.382845289999935,0.301400000000001,32
614208583ac25c70a5c6ca7b,low_MoS2,3.0,0.0,3.0,48.84041691999997,0.1603999999999956,32
614208684e27a1844a5f055a,low_MoS2,1.0,2.0,3.0,8.510022870000082,1.144199999999998,32
6142087331cf3ef3d4a9f258,low_MoS2,2.0,1.0,3.0,41.472141740000055,0.3305999999999969,32
614208884e27a1844a5f055c,low_MoS2,1.0,2.0,3.0,8.513582660000136,1.1458000000000013,32
6142088e9cbada84a8676c35,low_MoS2,0.0,3.0,3.0,-0.8281844299999079,1.808,32
6142089731cf3ef3d4a9f25a,low_MoS2,2.0,1.0,3.0,41.480052269999945,0.4132999999999995,32
614208a94e27a1844a5f055e,low_MoS2,1.0,2.0,3.0,8.49607942000014,1.1354000000000042,32
614208ad3ac25c70a5c6ca7d,low_MoS2,3.0,0.0,3.0,50.79100512999995,0.3909999999999982,32
614208cb4e27a1844a5f0560,low_MoS2,1.0,2.0,3.0,8.527897640000017,1.1412000000000049,32
614208d531cf3ef3d4a9f25c,low_MoS2,2.0,1.0,3.0,41.43666344000003,0.4089999999999989,32
614208d6ee0a3fd43fb47e41,low_MoS2,1.0,2.0,3.0,32.12540058000012,0.3489000000000004,32
614208f931cf3ef3d4a9f25e,low_MoS2,2.0,1.0,3.0,41.47501260999998,0.4159999999999968,32
614208fd3ac25c70a5c6ca7f,low_MoS2,3.0,0.0,3.0,50.812334070000055,0.3892999999999986,32
6142090aee0a3fd43fb47e43,low_MoS2,1.0,2.0,3.0,32.12814640000009,0.3470000000000013,32
6142090b9cbada84a8676c37,low_MoS2,0.0,3.0,3.0,-0.8326418199998784,1.8085999999999984,32
6142091c31cf3ef3d4a9f260,low_MoS2,2.0,1.0,3.0,40.96954939999996,0.1554999999999964,32
6142092a4e27a1844a5f0562,low_MoS2,1.0,2.0,3.0,8.545846300000019,1.180800000000005,32
6142093cbaaf234b352905ae,low_MoS2,2.0,1.0,3.0,17.9012805100001,0.9542000000000002,32
6142093f31cf3ef3d4a9f262,low_MoS2,2.0,1.0,3.0,41.47238183000009,0.3344000000000022,32
6142094a4e27a1844a5f0564,low_MoS2,1.0,2.0,3.0,8.51064911999995,1.1448999999999998,32
6142094bee0a3fd43fb47e45,low_MoS2,1.0,2.0,3.0,32.11950888,0.3484000000000051,32
6142094d3ac25c70a5c6ca81,low_MoS2,3.0,0.0,3.0,50.81218434999997,0.3418999999999954,32
6142094f9cbada84a8676c39,low_MoS2,0.0,3.0,3.0,-0.8313570099998628,1.809899999999999,32
6142096231cf3ef3d4a9f264,low_MoS2,2.0,1.0,3.0,41.39289482,0.2961999999999989,32
6142096b4e27a1844a5f0566,low_MoS2,1.0,2.0,3.0,8.512540790000028,1.1432999999999964,32
6142098631cf3ef3d4a9f266,low_MoS2,2.0,1.0,3.0,41.455672060000055,0.3697000000000017,32
614209924e27a1844a5f0568,low_MoS2,1.0,2.0,3.0,8.503719569999955,1.1509,32
614209959cbada84a8676c3b,low_MoS2,0.0,3.0,3.0,-0.8310435799998572,1.8095,32
614209a33ac25c70a5c6ca83,low_MoS2,3.0,0.0,3.0,50.76049458000004,0.3959999999999937,32
614209ab31cf3ef3d4a9f268,low_MoS2,2.0,1.0,3.0,41.47621316,0.4061000000000021,32
614209acee0a3fd43fb47e47,low_MoS2,1.0,2.0,3.0,32.131611790000065,0.3970999999999947,32
614209b49cbada84a8676c3d,low_MoS2,0.0,3.0,3.0,-0.8314748499998927,1.8095,32
614209b54e27a1844a5f056a,low_MoS2,1.0,2.0,3.0,8.528092349999977,1.1388000000000034,32
614209cf31cf3ef3d4a9f26a,low_MoS2,2.0,1.0,3.0,40.975320030000105,0.1579999999999941,32
614209d54e27a1844a5f056c,low_MoS2,1.0,2.0,3.0,8.492931990000013,1.137999999999998,32
614209f331cf3ef3d4a9f26c,low_MoS2,2.0,1.0,3.0,41.45274149999996,0.3712000000000017,32
614209f53ac25c70a5c6ca85,low_MoS2,3.0,0.0,3.0,50.80210034000008,0.3903999999999996,32
614209f84e27a1844a5f056e,low_MoS2,1.0,2.0,3.0,8.512986819999949,1.1450999999999991,32
61420a069cbada84a8676c3f,low_MoS2,0.0,3.0,3.0,-0.8044222799998693,1.8081000000000031,32
61420a16ee0a3fd43fb47e49,low_MoS2,1.0,2.0,3.0,32.03612431000009,0.4155999999999977,32
61420a1c31cf3ef3d4a9f26e,low_MoS2,2.0,1.0,3.0,39.49903616000002,0.1453000000000059,32
61420a4031cf3ef3d4a9f270,low_MoS2,2.0,1.0,3.0,41.46655623000011,0.3376000000000019,32
61420a554e27a1844a5f0570,low_MoS2,1.0,2.0,3.0,8.512254040000041,1.146799999999999,32
61420a5cbaaf234b352905b0,low_MoS2,2.0,1.0,3.0,17.856357240000072,1.0380000000000038,32
61420a699cbada84a8676c41,low_MoS2,0.0,3.0,3.0,-0.8341829200000461,1.806600000000003,32
61420a754e27a1844a5f0572,low_MoS2,1.0,2.0,3.0,8.514399850000043,1.1464,32
61420a7a31cf3ef3d4a9f272,low_MoS2,2.0,1.0,3.0,41.468823919999934,0.3379000000000047,32
61420a7eee0a3fd43fb47e4b,low_MoS2,1.0,2.0,3.0,32.148661599999954,0.4008000000000038,32
61420a94baaf234b352905b2,low_MoS2,2.0,1.0,3.0,17.851378240000024,1.0832999999999942,32
61420a954e27a1844a5f0574,low_MoS2,1.0,2.0,3.0,8.502418549999927,1.1465999999999994,32
61420a9c9cbada84a8676c43,low_MoS2,0.0,3.0,3.0,-0.8307975800000236,1.808399999999999,32
61420aa6ee0a3fd43fb47e4d,low_MoS2,1.0,2.0,3.0,32.12687714000002,0.3834999999999979,32
61420ab23ac25c70a5c6ca87,low_MoS2,3.0,0.0,3.0,50.80250506000008,0.3759999999999976,32
61420ab64e27a1844a5f0576,low_MoS2,1.0,2.0,3.0,8.517820820000022,1.1422000000000023,32
61420ac39cbada84a8676c45,low_MoS2,0.0,3.0,3.0,-0.8158768699999541,1.8059000000000007,32
61420acf31cf3ef3d4a9f274,low_MoS2,2.0,1.0,3.0,41.44342342,0.4072000000000031,32
61420ad94e27a1844a5f0578,low_MoS2,1.0,2.0,3.0,8.538721440000042,1.1443999999999974,32
61420adfbaaf234b352905b4,low_MoS2,2.0,1.0,3.0,17.86841085000014,0.9954999999999998,32
61420ae39cbada84a8676c47,low_MoS2,0.0,3.0,3.0,-0.8315663600000676,1.808799999999998,32
61420af331cf3ef3d4a9f276,low_MoS2,2.0,1.0,3.0,41.45464192999994,0.3714000000000013,32
61420b039cbada84a8676c49,low_MoS2,0.0,3.0,3.0,-0.8047495200000299,1.808799999999998,32
61420b134e27a1844a5f057a,low_MoS2,1.0,2.0,3.0,8.51112893999996,1.1482000000000028,32
61420b1831cf3ef3d4a9f278,low_MoS2,2.0,1.0,3.0,41.22918341000009,0.2419999999999973,32
61420b229cbada84a8676c4b,low_MoS2,0.0,3.0,3.0,-0.833108179999897,1.8095,32
61420b384e27a1844a5f057c,low_MoS2,1.0,2.0,3.0,8.553181250000105,1.1849999999999952,32
61420b3b31cf3ef3d4a9f27a,low_MoS2,2.0,1.0,3.0,39.49508142999999,0.154999999999994,32
61420b594e27a1844a5f057e,low_MoS2,1.0,2.0,3.0,8.511320240000057,1.1437999999999988,32
61420b5a31cf3ef3d4a9f27c,low_MoS2,2.0,1.0,3.0,41.45501082999995,0.3836999999999975,32
61420b7931cf3ef3d4a9f27e,low_MoS2,2.0,1.0,3.0,41.47151221999998,0.3821000000000012,32
61420b82ee0a3fd43fb47e4f,low_MoS2,1.0,2.0,3.0,32.14650868000011,0.4024999999999963,32
61420b8a9cbada84a8676c4d,low_MoS2,0.0,3.0,3.0,-0.8337246000000391,1.8068999999999988,32
61420b914e27a1844a5f0580,low_MoS2,1.0,2.0,3.0,8.510072940000125,1.1464,32
61420b9b31cf3ef3d4a9f280,low_MoS2,2.0,1.0,3.0,41.479889570000026,0.4112000000000009,32
61420ba0ee0a3fd43fb47e51,low_MoS2,1.0,2.0,3.0,32.12191445000006,0.3509999999999991,32
61420bb24e27a1844a5f0582,low_MoS2,1.0,2.0,3.0,8.511771429999978,1.1474000000000046,32
61420bd44e27a1844a5f0584,low_MoS2,1.0,2.0,3.0,8.501838079999995,1.1494999999999962,32
61420bd99cbada84a8676c4f,low_MoS2,0.0,3.0,3.0,-0.8319237099998986,1.8099999999999952,32
61420bdbee0a3fd43fb47e53,low_MoS2,1.0,2.0,3.0,31.95040332999996,0.2397999999999953,32
61420bdc31cf3ef3d4a9f282,low_MoS2,2.0,1.0,3.0,41.47254601999994,0.3741000000000056,32
61420bdd3ac25c70a5c6ca89,low_MoS2,3.0,0.0,3.0,50.74049499000004,0.3910000000000053,32
61420bf9ee0a3fd43fb47e55,low_MoS2,1.0,2.0,3.0,32.14334103999998,0.4050999999999973,32
61420c0031cf3ef3d4a9f284,low_MoS2,2.0,1.0,3.0,41.279870810000105,0.2383999999999986,32
61420c0d9cbada84a8676c51,low_MoS2,0.0,3.0,3.0,-0.8314798900000255,1.809199999999997,32
61420c2731cf3ef3d4a9f286,low_MoS2,2.0,1.0,3.0,41.24470930999992,0.2509000000000014,32
61420c393ac25c70a5c6ca8b,low_MoS2,3.0,0.0,3.0,50.81112311000008,0.3992000000000004,32
61420c45baaf234b352905b6,low_MoS2,2.0,1.0,3.0,17.823735930000105,1.1066000000000005,32
61420c4a4e27a1844a5f0586,low_MoS2,1.0,2.0,3.0,8.511519090000117,1.1450000000000031,32
61420c4b31cf3ef3d4a9f288,low_MoS2,2.0,1.0,3.0,41.46054405000014,0.3855000000000004,32
61420c50ee0a3fd43fb47e57,low_MoS2,1.0,2.0,3.0,32.145511619999965,0.4017000000000053,32
61420c67baaf234b352905b8,low_MoS2,2.0,1.0,3.0,17.82220647999997,1.1074999999999946,32
61420c6f31cf3ef3d4a9f28a,low_MoS2,2.0,1.0,3.0,40.97875719000008,0.1566000000000045,32
61420c779cbada84a8676c53,low_MoS2,0.0,3.0,3.0,-0.8343859900000439,1.8072000000000017,32
61420c913ac25c70a5c6ca8d,low_MoS2,3.0,0.0,3.0,50.79799453000002,0.367600000000003,32
61420c9f31cf3ef3d4a9f28c,low_MoS2,2.0,1.0,3.0,41.45008456000001,0.3917999999999964,32
61420ca14e27a1844a5f0588,low_MoS2,1.0,2.0,3.0,8.538400660000004,1.1784999999999997,32
61420cbabaaf234b352905ba,low_MoS2,2.0,1.0,3.0,17.866209790000077,1.103500000000004,32
61420cbeee0a3fd43fb47e59,low_MoS2,1.0,2.0,3.0,32.131909760000084,0.3967999999999989,32
61420cc031cf3ef3d4a9f28e,low_MoS2,2.0,1.0,3.0,41.46059181000005,0.4007999999999967,32
61420cfd4e27a1844a5f058a,low_MoS2,1.0,2.0,3.0,8.510290039999997,1.1466999999999956,32
61420d069cbada84a8676c55,low_MoS2,0.0,3.0,3.0,-0.8221752900000752,1.8071999999999944,32
61420d3a4e27a1844a5f058c,low_MoS2,1.0,2.0,3.0,8.50944739000013,1.1450999999999991,32
61420d48ee0a3fd43fb47e5b,low_MoS2,1.0,2.0,3.0,32.115476579999935,0.3566999999999964,32
61420d5f4e27a1844a5f058e,low_MoS2,1.0,2.0,3.0,8.511760240000083,1.1480999999999997,32
61420d6831cf3ef3d4a9f290,low_MoS2,2.0,1.0,3.0,41.42376852999992,0.3811999999999997,32
61420d6bbaaf234b352905bc,low_MoS2,2.0,1.0,3.0,17.859291839999962,1.089800000000004,32
61420d804e27a1844a5f0590,low_MoS2,1.0,2.0,3.0,8.513894370000141,1.1443000000000012,32
61420d813ac25c70a5c6ca8f,low_MoS2,3.0,0.0,3.0,50.3265409100001,0.1622999999999947,32
61420d8e31cf3ef3d4a9f292,low_MoS2,2.0,1.0,3.0,41.48839846999995,0.4119000000000028,32
61420d8fbaaf234b352905be,low_MoS2,2.0,1.0,3.0,17.863040930000118,1.084299999999999,32
61420da69cbada84a8676c57,low_MoS2,0.0,3.0,3.0,-0.8318514899999059,1.809199999999997,32
61420dc0ee0a3fd43fb47e5d,low_MoS2,1.0,2.0,3.0,32.091299650000096,0.4041999999999959,32
61420dc34e27a1844a5f0592,low_MoS2,1.0,2.0,3.0,8.515235869999994,1.1454999999999984,32
61420dd83ac25c70a5c6ca91,low_MoS2,3.0,0.0,3.0,50.79860734000014,0.3731000000000009,32
61420de031cf3ef3d4a9f294,low_MoS2,2.0,1.0,3.0,41.470927410000016,0.3380000000000009,32
61420de54e27a1844a5f0594,low_MoS2,1.0,2.0,3.0,8.510525440000063,1.1445000000000007,32
61420df9baaf234b352905c0,low_MoS2,2.0,1.0,3.0,17.86610975000007,1.108000000000004,32
61420dfbee0a3fd43fb47e5f,low_MoS2,1.0,2.0,3.0,32.08935109999992,0.4050999999999973,32
61420e0331cf3ef3d4a9f296,low_MoS2,2.0,1.0,3.0,41.28827311999994,0.250399999999999,32
61420e064e27a1844a5f0596,low_MoS2,1.0,2.0,3.0,8.497406819999949,1.1494,32
61420e0a9cbada84a8676c59,low_MoS2,0.0,3.0,3.0,-0.8309906100000148,1.8096000000000032,32
61420e1cbaaf234b352905c2,low_MoS2,2.0,1.0,3.0,17.909410239999936,1.0204999999999984,32
61420e2831cf3ef3d4a9f298,low_MoS2,2.0,1.0,3.0,41.42090526000011,0.3843999999999994,32
61420e2a4e27a1844a5f0598,low_MoS2,1.0,2.0,3.0,8.506149000000075,1.1462000000000003,32
61420e2b9cbada84a8676c5b,low_MoS2,0.0,3.0,3.0,-0.832466009999905,1.8104000000000011,32
61420e3e3ac25c70a5c6ca93,low_MoS2,3.0,0.0,3.0,50.830229060000114,0.4207999999999998,32
61420e4d31cf3ef3d4a9f29a,low_MoS2,2.0,1.0,3.0,41.28647474999998,0.2593999999999994,32
61420e5f9cbada84a8676c5d,low_MoS2,0.0,3.0,3.0,-0.802573719999998,1.805800000000005,32
61420e7231cf3ef3d4a9f29c,low_MoS2,2.0,1.0,3.0,41.43027395999998,0.3781000000000034,32
61420e754e27a1844a5f059a,low_MoS2,1.0,2.0,3.0,8.503281770000083,1.1469000000000025,32
61420e809cbada84a8676c5f,low_MoS2,0.0,3.0,3.0,-0.8318139099998803,1.8093000000000004,32
61420e86baaf234b352905c4,low_MoS2,2.0,1.0,3.0,17.866400549999973,1.105799999999995,32
61420e9631cf3ef3d4a9f29e,low_MoS2,2.0,1.0,3.0,41.43916742999996,0.3733000000000004,32
61420e993ac25c70a5c6ca95,low_MoS2,3.0,0.0,3.0,50.81281608999999,0.3845000000000027,32
61420eb7baaf234b352905c6,low_MoS2,2.0,1.0,3.0,17.812637330000136,0.9450000000000004,32
61420ebbee0a3fd43fb47e61,low_MoS2,1.0,2.0,3.0,32.16677763999995,0.3746000000000009,32
61420ebb31cf3ef3d4a9f2a0,low_MoS2,2.0,1.0,3.0,41.3811127200001,0.3003999999999962,32
61420ebf4e27a1844a5f059c,low_MoS2,1.0,2.0,3.0,8.533568130000074,1.137900000000002,32
61420ecd9cbada84a8676c61,low_MoS2,0.0,3.0,3.0,-0.8316978099998664,1.8096000000000032,32
61420edabaaf234b352905c8,low_MoS2,2.0,1.0,3.0,17.979481040000103,0.6680999999999955,32
61420ee7ee0a3fd43fb47e63,low_MoS2,1.0,2.0,3.0,32.12850361999993,0.4025000000000034,32
61420eee3ac25c70a5c6ca97,low_MoS2,3.0,0.0,3.0,50.806128099999945,0.427900000000001,32
61420efdbaaf234b352905ca,low_MoS2,2.0,1.0,3.0,17.88662650000014,1.1075000000000017,32
61420f0231cf3ef3d4a9f2a2,low_MoS2,2.0,1.0,3.0,41.44520108000002,0.3562999999999974,32
61420f254e27a1844a5f059e,low_MoS2,1.0,2.0,3.0,8.518461110000114,1.1420999999999992,32
61420f4f4e27a1844a5f05a0,low_MoS2,1.0,2.0,3.0,8.512794590000137,1.1463000000000036,32
61420f5d3ac25c70a5c6ca99,low_MoS2,3.0,0.0,3.0,50.75971375999999,0.3870000000000004,32
61420f6231cf3ef3d4a9f2a4,low_MoS2,2.0,1.0,3.0,41.40267506999994,0.3765,32
61420f6e9cbada84a8676c63,low_MoS2,0.0,3.0,3.0,-0.8294769700000302,1.8089000000000013,32
61420f79ee0a3fd43fb47e65,low_MoS2,1.0,2.0,3.0,32.147769209999964,0.4037000000000006,32
61420f8731cf3ef3d4a9f2a6,low_MoS2,2.0,1.0,3.0,40.97333335000003,0.1595000000000013,32
61420f9b9cbada84a8676c65,low_MoS2,0.0,3.0,3.0,-0.8324412199999074,1.8093000000000004,32
61420fad31cf3ef3d4a9f2a8,low_MoS2,2.0,1.0,3.0,41.56530147000008,0.415700000000001,32
61420fb23ac25c70a5c6ca9b,low_MoS2,3.0,0.0,3.0,50.78213795999992,0.4142999999999972,32
61420fbb4e27a1844a5f05a2,low_MoS2,1.0,2.0,3.0,8.528614020000102,1.1399000000000044,32
61420fc3ee0a3fd43fb47e67,low_MoS2,1.0,2.0,3.0,32.09108085000001,0.4055000000000035,32
61420fd231cf3ef3d4a9f2aa,low_MoS2,2.0,1.0,3.0,41.46141544000007,0.3629999999999995,32
61420fe8baaf234b352905cc,low_MoS2,2.0,1.0,3.0,17.851188690000065,1.0884,32
61420feb9cbada84a8676c67,low_MoS2,0.0,3.0,3.0,-0.8291676799998982,1.808299999999996,32
61420fec4e27a1844a5f05a4,low_MoS2,1.0,2.0,3.0,8.511304749999933,1.1452999999999989,32
6142100b3ac25c70a5c6ca9d,low_MoS2,3.0,0.0,3.0,50.80363737999998,0.3588000000000022,32
614210104e27a1844a5f05a6,low_MoS2,1.0,2.0,3.0,8.544240799999923,1.1788999999999987,32
6142101a31cf3ef3d4a9f2ac,low_MoS2,2.0,1.0,3.0,41.48434190000008,0.4048999999999978,32
614210344e27a1844a5f05a8,low_MoS2,1.0,2.0,3.0,8.510585620000054,1.1433999999999995,32
6142104131cf3ef3d4a9f2ae,low_MoS2,2.0,1.0,3.0,41.45491495000006,0.3952999999999989,32
614210529cbada84a8676c69,low_MoS2,0.0,3.0,3.0,-0.8317751799999655,1.809599999999996,32
614210584e27a1844a5f05aa,low_MoS2,1.0,2.0,3.0,8.54892404,1.177900000000001,32
614210663ac25c70a5c6ca9f,low_MoS2,3.0,0.0,3.0,50.82282053999999,0.4131,32
6142106dbaaf234b352905ce,low_MoS2,2.0,1.0,3.0,17.869281360000052,1.1111000000000004,32
6142107931cf3ef3d4a9f2b0,low_MoS2,2.0,1.0,3.0,41.27414347000008,0.249299999999998,32
6142107d4e27a1844a5f05ac,low_MoS2,1.0,2.0,3.0,8.512703950000084,1.1451999999999956,32
6142109e31cf3ef3d4a9f2b2,low_MoS2,2.0,1.0,3.0,41.40558931999995,0.3984000000000023,32
614210b0ee0a3fd43fb47e69,low_MoS2,1.0,2.0,3.0,32.12225846,0.3813999999999993,32
614210c84e27a1844a5f05ae,low_MoS2,1.0,2.0,3.0,8.503038419999964,1.146799999999999,32
614210e6ee0a3fd43fb47e6b,low_MoS2,1.0,2.0,3.0,32.1320678500001,0.3978000000000037,32
614210ef4e27a1844a5f05b0,low_MoS2,1.0,2.0,3.0,8.51216505999994,1.1447000000000005,32
614210fe31cf3ef3d4a9f2b4,low_MoS2,2.0,1.0,3.0,40.97885115000004,0.1555999999999997,32
614211114e27a1844a5f05b2,low_MoS2,1.0,2.0,3.0,8.511902750000015,1.1437999999999988,32
614211169cbada84a8676c6b,low_MoS2,0.0,3.0,3.0,-0.8318927099998632,1.8089000000000013,32
6142112331cf3ef3d4a9f2b6,low_MoS2,2.0,1.0,3.0,41.47097898000011,0.4166000000000025,32
6142112eee0a3fd43fb47e6d,low_MoS2,1.0,2.0,3.0,32.14378063999992,0.4043999999999954,32
614211354e27a1844a5f05b4,low_MoS2,1.0,2.0,3.0,8.50805891000007,1.1450000000000031,32
614211413ac25c70a5c6caa1,low_MoS2,3.0,0.0,3.0,50.835917380000105,0.423099999999998,32
6142114831cf3ef3d4a9f2b8,low_MoS2,2.0,1.0,3.0,41.46850104999994,0.4154000000000053,32
614211594e27a1844a5f05b6,low_MoS2,1.0,2.0,3.0,8.529986860000033,1.141300000000001,32
614211814e27a1844a5f05b8,low_MoS2,1.0,2.0,3.0,8.528672460000077,1.1392000000000024,32
61421196baaf234b352905d0,low_MoS2,2.0,1.0,3.0,17.931283229999956,0.6495999999999995,32
6142119a9cbada84a8676c6d,low_MoS2,0.0,3.0,3.0,-0.8289331799998649,1.808799999999998,32
6142119a3ac25c70a5c6caa3,low_MoS2,3.0,0.0,3.0,50.82654147999998,0.3423000000000016,32
614211a34e27a1844a5f05ba,low_MoS2,1.0,2.0,3.0,8.510250529999919,1.1443999999999974,32
614211af31cf3ef3d4a9f2ba,low_MoS2,2.0,1.0,3.0,41.420970829999945,0.3838000000000008,32
614211c4ee0a3fd43fb47e6f,low_MoS2,1.0,2.0,3.0,32.14681009000013,0.3992000000000004,32
614211c84e27a1844a5f05bc,low_MoS2,1.0,2.0,3.0,8.505408069999955,1.146100000000004,32
614211d431cf3ef3d4a9f2bc,low_MoS2,2.0,1.0,3.0,41.48825886999994,0.4120999999999952,32
614211e4ee0a3fd43fb47e71,low_MoS2,1.0,2.0,3.0,32.075834069999914,0.4069999999999965,32
614211ed4e27a1844a5f05be,low_MoS2,1.0,2.0,3.0,8.509770729999925,1.1439999999999984,32
6142120f31cf3ef3d4a9f2be,low_MoS2,2.0,1.0,3.0,40.97226427999995,0.1569000000000002,32
614212124e27a1844a5f05c0,low_MoS2,1.0,2.0,3.0,8.525574929999973,1.1358999999999997,32
6142121d9cbada84a8676c6f,low_MoS2,0.0,3.0,3.0,-0.8041446599999631,1.8098000000000027,32
61421227ee0a3fd43fb47e73,low_MoS2,1.0,2.0,3.0,32.122966880000135,0.3507999999999995,32
6142126abaaf234b352905d2,low_MoS2,2.0,1.0,3.0,17.84939709000013,1.0831000000000015,32
614212894e27a1844a5f05c2,low_MoS2,1.0,2.0,3.0,8.520131190000054,1.147300000000001,32
6142128e3ac25c70a5c6caa5,low_MoS2,3.0,0.0,3.0,48.83216537000013,0.143500000000003,32
6142129531cf3ef3d4a9f2c0,low_MoS2,2.0,1.0,3.0,41.45729552999997,0.3741000000000056,32
614212a6baaf234b352905d4,low_MoS2,2.0,1.0,3.0,17.83808279999993,1.043599999999998,32
614212b6ee0a3fd43fb47e75,low_MoS2,1.0,2.0,3.0,32.14018839999993,0.4044000000000025,32
614212ce4e27a1844a5f05c4,low_MoS2,1.0,2.0,3.0,8.514645429999998,1.1448999999999998,32
614212e73ac25c70a5c6caa7,low_MoS2,3.0,0.0,3.0,50.8157968300001,0.3969000000000022,32
614212e731cf3ef3d4a9f2c2,low_MoS2,2.0,1.0,3.0,41.28689713000013,0.2657999999999987,32
6142131abaaf234b352905d6,low_MoS2,2.0,1.0,3.0,17.849554310000023,1.0955999999999977,32
6142132a4e27a1844a5f05c6,low_MoS2,1.0,2.0,3.0,8.494203049999921,1.1386000000000038,32
614213413ac25c70a5c6caa9,low_MoS2,3.0,0.0,3.0,50.76615129999997,0.3925999999999945,32
614213489cbada84a8676c71,low_MoS2,0.0,3.0,3.0,-0.8044049199999677,1.8093999999999968,32
6142135b31cf3ef3d4a9f2c4,low_MoS2,2.0,1.0,3.0,39.49728277000004,0.1501999999999981,32
61421360ee0a3fd43fb47e77,low_MoS2,1.0,2.0,3.0,32.14747607999992,0.4005000000000009,32
6142136dbaaf234b352905d8,low_MoS2,2.0,1.0,3.0,17.886617180000023,1.1015000000000017,32
614213754e27a1844a5f05c8,low_MoS2,1.0,2.0,3.0,8.515631519999967,1.1443999999999974,32
6142138131cf3ef3d4a9f2c6,low_MoS2,2.0,1.0,3.0,41.47034568,0.4159000000000006,32
614213afbaaf234b352905da,low_MoS2,2.0,1.0,3.0,17.85959060000004,1.1126999999999967,32
614213e631cf3ef3d4a9f2c8,low_MoS2,2.0,1.0,3.0,41.41157356000004,0.3477999999999994,32
614213fb3ac25c70a5c6caab,low_MoS2,3.0,0.0,3.0,50.31472857000009,0.1524000000000001,32
614213fe4e27a1844a5f05ca,low_MoS2,1.0,2.0,3.0,8.513076600000002,1.1454000000000022,32
614213ffee0a3fd43fb47e79,low_MoS2,1.0,2.0,3.0,32.143261410000136,0.4039000000000001,32
6142140c31cf3ef3d4a9f2ca,low_MoS2,2.0,1.0,3.0,40.96978854999993,0.1532999999999944,32
614214284e27a1844a5f05cc,low_MoS2,1.0,2.0,3.0,8.506094529999952,1.143000000000001,32
6142143231cf3ef3d4a9f2cc,low_MoS2,2.0,1.0,3.0,40.95653854999996,0.1550000000000011,32
6142145831cf3ef3d4a9f2ce,low_MoS2,2.0,1.0,3.0,41.47535245000013,0.3352000000000004,32
614214593ac25c70a5c6caad,low_MoS2,3.0,0.0,3.0,50.78823210000011,0.3963000000000036,32
614214734e27a1844a5f05ce,low_MoS2,1.0,2.0,3.0,8.514007570000128,1.1412000000000049,32
6142148cee0a3fd43fb47e7b,low_MoS2,1.0,2.0,3.0,32.085505290000114,0.4061999999999983,32
614214964e27a1844a5f05d0,low_MoS2,1.0,2.0,3.0,8.533325780000066,1.1389999999999958,32
614214a0baaf234b352905dc,low_MoS2,2.0,1.0,3.0,17.865149630000126,1.1096999999999966,32
614214ac9cbada84a8676c73,low_MoS2,0.0,3.0,3.0,-0.8286304499999346,1.807700000000004,32
614214b2ee0a3fd43fb47e7d,low_MoS2,1.0,2.0,3.0,32.13165561999993,0.3948000000000036,32
614214b831cf3ef3d4a9f2d0,low_MoS2,2.0,1.0,3.0,41.47158420000001,0.333599999999997,32
614214b94e27a1844a5f05d2,low_MoS2,1.0,2.0,3.0,8.515944450000031,1.1450999999999991,32
614214f031cf3ef3d4a9f2d2,low_MoS2,2.0,1.0,3.0,41.46017113000012,0.4014999999999986,32
614215054e27a1844a5f05d4,low_MoS2,1.0,2.0,3.0,8.517440000000104,1.144599999999997,32
61421508ee0a3fd43fb47e7f,low_MoS2,1.0,2.0,3.0,32.14454410999996,0.4037000000000006,32
614215289cbada84a8676c75,low_MoS2,0.0,3.0,3.0,-0.8324195399999894,1.809799999999996,32
6142152931cf3ef3d4a9f2d4,low_MoS2,2.0,1.0,3.0,41.42219898000003,0.3875000000000028,32
61421536baaf234b352905de,low_MoS2,2.0,1.0,3.0,17.866849030000132,1.1107000000000014,32
614215394e27a1844a5f05d6,low_MoS2,1.0,2.0,3.0,8.524089450000044,1.1415000000000006,32
6142155531cf3ef3d4a9f2d6,low_MoS2,2.0,1.0,3.0,41.470702710000026,0.3356999999999956,32
6142155cbaaf234b352905e0,low_MoS2,2.0,1.0,3.0,17.878395360000006,0.9583999999999976,32
6142156f4e27a1844a5f05d8,low_MoS2,1.0,2.0,3.0,8.504049879999936,1.147199999999998,32
614215934e27a1844a5f05da,low_MoS2,1.0,2.0,3.0,8.513295669999959,1.1417000000000002,32
6142159b31cf3ef3d4a9f2d8,low_MoS2,2.0,1.0,3.0,40.96910708000014,0.1528999999999953,32
614215a49cbada84a8676c77,low_MoS2,0.0,3.0,3.0,-0.8333798299999557,1.807699999999997,32
614215bf3ac25c70a5c6caaf,low_MoS2,3.0,0.0,3.0,48.80735586000007,0.1743000000000023,32
614215c0baaf234b352905e2,low_MoS2,2.0,1.0,3.0,17.866419570000055,1.1062999999999974,32
614215c131cf3ef3d4a9f2da,low_MoS2,2.0,1.0,3.0,40.95363771999992,0.1569999999999964,32
614215c24e27a1844a5f05dc,low_MoS2,1.0,2.0,3.0,8.509559639999932,1.145699999999998,32
614215e64e27a1844a5f05de,low_MoS2,1.0,2.0,3.0,8.514635380000097,1.1445000000000007,32
61421602baaf234b352905e4,low_MoS2,2.0,1.0,3.0,17.863818190000067,1.0961,32
6142160b4e27a1844a5f05e0,low_MoS2,1.0,2.0,3.0,8.508938790000027,1.1447000000000005,32
61421627baaf234b352905e6,low_MoS2,2.0,1.0,3.0,17.87088568000012,1.1004000000000005,32
6142162f4e27a1844a5f05e2,low_MoS2,1.0,2.0,3.0,8.527131350000015,1.1420999999999992,32
6142163631cf3ef3d4a9f2dc,low_MoS2,2.0,1.0,3.0,41.48072029000009,0.4110000000000013,32
6142163d9cbada84a8676c79,low_MoS2,0.0,3.0,3.0,-0.830019899999968,1.808299999999996,32
61421652baaf234b352905e8,low_MoS2,2.0,1.0,3.0,17.86379024999996,1.110800000000005,32
614216593ac25c70a5c6cab1,low_MoS2,3.0,0.0,3.0,50.791433580000025,0.3826000000000036,32
6142165eee0a3fd43fb47e81,low_MoS2,1.0,2.0,3.0,32.146670540000045,0.4031999999999982,32
614216714e27a1844a5f05e4,low_MoS2,1.0,2.0,3.0,8.509039620000092,1.1447000000000005,32
6142169831cf3ef3d4a9f2de,low_MoS2,2.0,1.0,3.0,41.27721960000004,0.2484999999999999,32
614216be31cf3ef3d4a9f2e0,low_MoS2,2.0,1.0,3.0,41.462991609999975,0.3866999999999976,32
614216c04e27a1844a5f05e6,low_MoS2,1.0,2.0,3.0,8.604594740000064,1.1296000000000035,32
614216d6baaf234b352905ea,low_MoS2,2.0,1.0,3.0,17.872710180000006,1.082899999999995,32
614216e331cf3ef3d4a9f2e2,low_MoS2,2.0,1.0,3.0,41.441470290000055,0.3882999999999939,32
614216e64e27a1844a5f05e8,low_MoS2,1.0,2.0,3.0,8.597553359999917,1.127600000000001,32
614217094e27a1844a5f05ea,low_MoS2,1.0,2.0,3.0,8.515301380000007,1.143100000000004,32
6142170a31cf3ef3d4a9f2e4,low_MoS2,2.0,1.0,3.0,41.43401018999994,0.375399999999999,32
6142172e4e27a1844a5f05ec,low_MoS2,1.0,2.0,3.0,8.514136080000096,1.1452000000000029,32
61421731baaf234b352905ec,low_MoS2,2.0,1.0,3.0,17.867962880000043,1.1105000000000018,32
6142174d9cbada84a8676c7b,low_MoS2,0.0,3.0,3.0,-0.8319810600000324,1.809200000000004,32
6142175eee0a3fd43fb47e83,low_MoS2,1.0,2.0,3.0,31.960367670000085,0.2616000000000014,32
6142177a4e27a1844a5f05ee,low_MoS2,1.0,2.0,3.0,8.505903430000014,1.1422999999999988,32
614217a04e27a1844a5f05f0,low_MoS2,1.0,2.0,3.0,8.510794159999957,1.1445000000000007,32
614217a731cf3ef3d4a9f2e6,low_MoS2,2.0,1.0,3.0,41.47819083000009,0.3363999999999976,32
614217adee0a3fd43fb47e85,low_MoS2,1.0,2.0,3.0,32.12583481,0.3786999999999949,32
614217b1baaf234b352905ee,low_MoS2,2.0,1.0,3.0,17.87114823000001,1.1079000000000008,32
614217b59cbada84a8676c7d,low_MoS2,0.0,3.0,3.0,-0.831039589999989,1.8089000000000013,32
614217ce31cf3ef3d4a9f2e8,low_MoS2,2.0,1.0,3.0,41.46068525000005,0.4009,32
614217eaee0a3fd43fb47e87,low_MoS2,1.0,2.0,3.0,32.14235385000005,0.4024999999999963,32
614217f431cf3ef3d4a9f2ea,low_MoS2,2.0,1.0,3.0,41.45631891000012,0.3811999999999997,32
614217f84e27a1844a5f05f2,low_MoS2,1.0,2.0,3.0,8.512327090000124,1.1467000000000027,32
6142180cee0a3fd43fb47e89,low_MoS2,1.0,2.0,3.0,32.12555812000004,0.3475999999999999,32
6142181c4e27a1844a5f05f4,low_MoS2,1.0,2.0,3.0,8.518944530000024,1.142700000000005,32
614218363ac25c70a5c6cab3,low_MoS2,3.0,0.0,3.0,50.82811135000012,0.4178999999999959,32
6142186dbaaf234b352905f0,low_MoS2,2.0,1.0,3.0,17.863523389999948,1.1019000000000003,32
6142188d3ac25c70a5c6cab5,low_MoS2,3.0,0.0,3.0,50.82510663999998,0.3433999999999955,32
6142189631cf3ef3d4a9f2ec,low_MoS2,2.0,1.0,3.0,41.47378851999993,0.3337000000000003,32
614218a59cbada84a8676c7f,low_MoS2,0.0,3.0,3.0,-0.828470569999979,1.8093999999999968,32
614218afbaaf234b352905f2,low_MoS2,2.0,1.0,3.0,17.866391100000094,1.1036999999999964,32
614218b9ee0a3fd43fb47e8b,low_MoS2,1.0,2.0,3.0,32.14171052999994,0.4022000000000005,32
614218bd31cf3ef3d4a9f2ee,low_MoS2,2.0,1.0,3.0,41.48720520000002,0.4067000000000007,32
614218c79cbada84a8676c81,low_MoS2,0.0,3.0,3.0,-0.8326225200000295,1.809899999999999,32
614218c94e27a1844a5f05f6,low_MoS2,1.0,2.0,3.0,8.50196020000001,1.147300000000001,32
614218e63ac25c70a5c6cab7,low_MoS2,3.0,0.0,3.0,50.71441352999992,0.3068999999999988,32
614218fb9cbada84a8676c83,low_MoS2,0.0,3.0,3.0,-0.8333653300000492,1.806200000000004,32
6142190eee0a3fd43fb47e8d,low_MoS2,1.0,2.0,3.0,32.12238309000007,0.3802999999999983,32
614219154e27a1844a5f05f8,low_MoS2,1.0,2.0,3.0,8.505025530000037,1.1385000000000003,32
6142191a31cf3ef3d4a9f2f0,low_MoS2,2.0,1.0,3.0,41.45713292000001,0.3772999999999982,32
6142192b9cbada84a8676c85,low_MoS2,0.0,3.0,3.0,-0.8227325099998666,1.8074999999999972,32
6142194331cf3ef3d4a9f2f2,low_MoS2,2.0,1.0,3.0,41.47293636000013,0.4155000000000015,32
6142195dbaaf234b352905f4,low_MoS2,2.0,1.0,3.0,17.86768339000013,1.084800000000001,32
6142198bee0a3fd43fb47e8f,low_MoS2,1.0,2.0,3.0,32.12919869000005,0.3952000000000026,32
6142199f4e27a1844a5f05fa,low_MoS2,1.0,2.0,3.0,8.501744050000095,1.1503000000000014,32
614219ad9cbada84a8676c87,low_MoS2,0.0,3.0,3.0,-0.8233185099999787,1.806199999999997,32
614219ad3ac25c70a5c6cab9,low_MoS2,3.0,0.0,3.0,50.34756168000005,0.1489000000000047,32
614219b031cf3ef3d4a9f2f4,low_MoS2,2.0,1.0,3.0,41.45429583000005,0.3737999999999957,32
614219b6baaf234b352905f6,low_MoS2,2.0,1.0,3.0,17.87036677000014,1.1084999999999994,32
614219c3ee0a3fd43fb47e91,low_MoS2,1.0,2.0,3.0,32.14527685999995,0.4035000000000011,32
614219c64e27a1844a5f05fc,low_MoS2,1.0,2.0,3.0,8.515445219999972,1.143900000000002,32
614219ec4e27a1844a5f05fe,low_MoS2,1.0,2.0,3.0,8.50976016999996,1.1480999999999997,32
61421a053ac25c70a5c6cabb,low_MoS2,3.0,0.0,3.0,50.76313184999996,0.3883999999999972,32
61421a0eee0a3fd43fb47e93,low_MoS2,1.0,2.0,3.0,32.08920093999994,0.405300000000004,32
61421a0e31cf3ef3d4a9f2f6,low_MoS2,2.0,1.0,3.0,41.28316143000002,0.241500000000002,32
61421a17baaf234b352905f8,low_MoS2,2.0,1.0,3.0,17.858639340000074,1.0897000000000006,32
61421a314e27a1844a5f0600,low_MoS2,1.0,2.0,3.0,8.512532129999979,1.1458999999999977,32
61421a3731cf3ef3d4a9f2f8,low_MoS2,2.0,1.0,3.0,41.45487524999994,0.384999999999998,32
61421a40baaf234b352905fa,low_MoS2,2.0,1.0,3.0,17.89107921999993,1.079500000000003,32
61421a419cbada84a8676c89,low_MoS2,0.0,3.0,3.0,-0.8039469800000347,1.8091000000000008,32
61421a5d31cf3ef3d4a9f2fa,low_MoS2,2.0,1.0,3.0,41.45026813,0.3817000000000021,32
61421a5e3ac25c70a5c6cabd,low_MoS2,3.0,0.0,3.0,50.77502567999992,0.4371999999999971,32
61421a8c4e27a1844a5f0602,low_MoS2,1.0,2.0,3.0,8.510953819999965,1.144599999999997,32
61421a90ee0a3fd43fb47e95,low_MoS2,1.0,2.0,3.0,32.09053188999995,0.4034000000000048,32
61421aa09cbada84a8676c8b,low_MoS2,0.0,3.0,3.0,-0.8320543599999723,1.809400000000004,32
61421aa831cf3ef3d4a9f2fc,low_MoS2,2.0,1.0,3.0,41.479157570000055,0.4127999999999971,32
61421ab73ac25c70a5c6cabf,low_MoS2,3.0,0.0,3.0,50.79935721000008,0.4040999999999997,32
61421ace4e27a1844a5f0604,low_MoS2,1.0,2.0,3.0,8.514949200000071,1.1462000000000003,32
61421acf31cf3ef3d4a9f2fe,low_MoS2,2.0,1.0,3.0,41.45140557000009,0.3627000000000038,32
61421adbee0a3fd43fb47e97,low_MoS2,1.0,2.0,3.0,32.12188988000001,0.3793000000000006,32
61421af531cf3ef3d4a9f300,low_MoS2,2.0,1.0,3.0,41.4321638200001,0.3765999999999962,32
61421b0f3ac25c70a5c6cac1,low_MoS2,3.0,0.0,3.0,50.784810020000045,0.4174999999999969,32
61421b129cbada84a8676c8d,low_MoS2,0.0,3.0,3.0,-0.8332042900000829,1.809199999999997,32
61421b164e27a1844a5f0606,low_MoS2,1.0,2.0,3.0,8.505392130000043,1.143000000000001,32
61421b3031cf3ef3d4a9f302,low_MoS2,2.0,1.0,3.0,41.27875016999992,0.2505999999999986,32
61421b3b4e27a1844a5f0608,low_MoS2,1.0,2.0,3.0,8.543559570000095,1.144199999999998,32
61421b4aee0a3fd43fb47e99,low_MoS2,1.0,2.0,3.0,32.11306435999994,0.3595000000000041,32
61421b5931cf3ef3d4a9f304,low_MoS2,2.0,1.0,3.0,41.45031809000007,0.360599999999998,32
61421b604e27a1844a5f060a,low_MoS2,1.0,2.0,3.0,8.50217062000004,1.1467000000000027,32
61421b6aee0a3fd43fb47e9b,low_MoS2,1.0,2.0,3.0,32.146077970000064,0.4014000000000024,32
61421b813ac25c70a5c6cac3,low_MoS2,3.0,0.0,3.0,50.82941949000011,0.4258000000000024,32
61421b8231cf3ef3d4a9f306,low_MoS2,2.0,1.0,3.0,39.492083940000114,0.1430999999999969,32
61421b8aee0a3fd43fb47e9d,low_MoS2,1.0,2.0,3.0,32.147998480000055,0.3987999999999942,32
61421ba9baaf234b352905fc,low_MoS2,2.0,1.0,3.0,17.850938360000093,1.087600000000002,32
61421bc2ee0a3fd43fb47e9f,low_MoS2,1.0,2.0,3.0,32.12566594999997,0.3459000000000003,32
61421bd54e27a1844a5f060c,low_MoS2,1.0,2.0,3.0,8.54299663999998,1.1820999999999984,32
61421bebbaaf234b352905fe,low_MoS2,2.0,1.0,3.0,17.85053635999997,1.0837000000000003,32
61421bf94e27a1844a5f060e,low_MoS2,1.0,2.0,3.0,8.529384550000056,1.1392000000000024,32
61421c10baaf234b35290600,low_MoS2,2.0,1.0,3.0,18.002677039999973,0.7835999999999999,32
61421c1d4e27a1844a5f0610,low_MoS2,1.0,2.0,3.0,8.517193310000064,1.143000000000001,32
61421c213ac25c70a5c6cac5,low_MoS2,3.0,0.0,3.0,50.32883208000013,0.1619000000000028,32
61421c249cbada84a8676c8f,low_MoS2,0.0,3.0,3.0,-0.8327236399999833,1.8091000000000008,32
61421c2631cf3ef3d4a9f308,low_MoS2,2.0,1.0,3.0,40.97164951999999,0.1561000000000021,32
61421c4d31cf3ef3d4a9f30a,low_MoS2,2.0,1.0,3.0,41.43018460999993,0.4114000000000004,32
61421c4f9cbada84a8676c91,low_MoS2,0.0,3.0,3.0,-0.8295373999998787,1.808399999999999,32
61421c7431cf3ef3d4a9f30c,low_MoS2,2.0,1.0,3.0,41.45896727999998,0.3967999999999989,32
61421c7a3ac25c70a5c6cac7,low_MoS2,3.0,0.0,3.0,50.73200218000003,0.3074000000000012,32
61421c90baaf234b35290602,low_MoS2,2.0,1.0,3.0,17.857809750000108,1.0885999999999996,32
61421c9c31cf3ef3d4a9f30e,low_MoS2,2.0,1.0,3.0,41.45513059000014,0.3806000000000011,32
61421c9f4e27a1844a5f0612,low_MoS2,1.0,2.0,3.0,8.510415270000092,1.1444000000000043,32
61421cb6baaf234b35290604,low_MoS2,2.0,1.0,3.0,17.857771539999924,1.0865999999999971,32
61421cc331cf3ef3d4a9f310,low_MoS2,2.0,1.0,3.0,41.44717179000004,0.3825999999999965,32
61421cd93ac25c70a5c6cac9,low_MoS2,3.0,0.0,3.0,50.881231499999934,0.1627999999999971,32
61421cdb9cbada84a8676c93,low_MoS2,0.0,3.0,3.0,-0.8321422900000357,1.8085000000000024,32
61421ce7ee0a3fd43fb47ea1,low_MoS2,1.0,2.0,3.0,32.121648889999946,0.3483000000000018,32
61421d0a31cf3ef3d4a9f312,low_MoS2,2.0,1.0,3.0,41.48536262000012,0.4140999999999977,32
61421d15baaf234b35290606,low_MoS2,2.0,1.0,3.0,17.855550590000114,1.0382000000000031,32
61421d2f4e27a1844a5f0614,low_MoS2,1.0,2.0,3.0,8.53306247000003,1.1400000000000006,32
61421d31ee0a3fd43fb47ea3,low_MoS2,1.0,2.0,3.0,32.15815457999996,0.4035000000000011,32
61421d3131cf3ef3d4a9f314,low_MoS2,2.0,1.0,3.0,41.483451400000106,0.4089999999999989,32
61421d333ac25c70a5c6cacb,low_MoS2,3.0,0.0,3.0,50.66180526000009,0.3125999999999962,32
61421d3abaaf234b35290608,low_MoS2,2.0,1.0,3.0,17.850258960000012,1.083199999999998,32
61421d7eee0a3fd43fb47ea5,low_MoS2,1.0,2.0,3.0,32.13908372000013,0.4057999999999993,32
61421d7f31cf3ef3d4a9f316,low_MoS2,2.0,1.0,3.0,41.46429669000004,0.4018999999999977,32
61421d84baaf234b3529060a,low_MoS2,2.0,1.0,3.0,17.92602089000001,0.9497000000000072,32
61421d989cbada84a8676c95,low_MoS2,0.0,3.0,3.0,-0.831222250000053,1.806200000000004,32
61421da5ee0a3fd43fb47ea7,low_MoS2,1.0,2.0,3.0,32.12639824000006,0.3939999999999983,32
61421dc74e27a1844a5f0616,low_MoS2,1.0,2.0,3.0,8.505384269999947,1.146800000000006,32
61421dc931cf3ef3d4a9f318,low_MoS2,2.0,1.0,3.0,41.45534291000008,0.3937000000000026,32
61421ddfee0a3fd43fb47ea9,low_MoS2,1.0,2.0,3.0,32.14429762999997,0.4024000000000001,32
61421df54e27a1844a5f0618,low_MoS2,1.0,2.0,3.0,8.509959519999963,1.1475000000000009,32
61421dfe31cf3ef3d4a9f31a,low_MoS2,2.0,1.0,3.0,41.43685883999997,0.408299999999997,32
61421e01ee0a3fd43fb47eab,low_MoS2,1.0,2.0,3.0,32.128501780000065,0.349499999999999,32
61421e1fbaaf234b3529060c,low_MoS2,2.0,1.0,3.0,17.861984130000103,1.1097000000000037,32
61421e2631cf3ef3d4a9f31c,low_MoS2,2.0,1.0,3.0,40.97591681000013,0.1552000000000006,32
61421e2fee0a3fd43fb47ead,low_MoS2,1.0,2.0,3.0,32.144999630000015,0.4017000000000053,32
61421e3b4e27a1844a5f061a,low_MoS2,1.0,2.0,3.0,8.50622204999993,1.148699999999998,32
61421e50ee0a3fd43fb47eaf,low_MoS2,1.0,2.0,3.0,32.096108859999944,0.4025999999999996,32
61421e5f4e27a1844a5f061c,low_MoS2,1.0,2.0,3.0,8.513388150000107,1.1454999999999984,32
61421e6031cf3ef3d4a9f31e,low_MoS2,2.0,1.0,3.0,41.47750280999999,0.4136999999999986,32
61421e623ac25c70a5c6cacd,low_MoS2,3.0,0.0,3.0,50.79530914000012,0.3909999999999982,32
61421e8831cf3ef3d4a9f320,low_MoS2,2.0,1.0,3.0,41.46285684999994,0.3624999999999971,32
61421eb531cf3ef3d4a9f322,low_MoS2,2.0,1.0,3.0,41.46116371000012,0.3956000000000017,32
61421ebc3ac25c70a5c6cacf,low_MoS2,3.0,0.0,3.0,50.76672089000014,0.417900000000003,32
61421f03ee0a3fd43fb47eb1,low_MoS2,1.0,2.0,3.0,32.151845880000096,0.4040000000000034,32
61421f0431cf3ef3d4a9f324,low_MoS2,2.0,1.0,3.0,41.453520799999936,0.370199999999997,32
61421f14baaf234b3529060e,low_MoS2,2.0,1.0,3.0,17.929145400000145,0.6499000000000024,32
61421f183ac25c70a5c6cad1,low_MoS2,3.0,0.0,3.0,48.83908131000013,0.1612999999999971,32
61421f2c31cf3ef3d4a9f326,low_MoS2,2.0,1.0,3.0,41.47888895000001,0.4146000000000001,32
61421f414e27a1844a5f061e,low_MoS2,1.0,2.0,3.0,8.510159070000125,1.147099999999995,32
61421f6531cf3ef3d4a9f328,low_MoS2,2.0,1.0,3.0,41.45301086000013,0.393500000000003,32
61421f664e27a1844a5f0620,low_MoS2,1.0,2.0,3.0,8.528399510000124,1.1399000000000044,32
61421f723ac25c70a5c6cad3,low_MoS2,3.0,0.0,3.0,50.81026688000012,0.3918999999999997,32
61421f8d4e27a1844a5f0622,low_MoS2,1.0,2.0,3.0,8.511292950000122,1.147599999999997,32
61421f9031cf3ef3d4a9f32a,low_MoS2,2.0,1.0,3.0,41.488886710000045,0.4091000000000022,32
61421fb14e27a1844a5f0624,low_MoS2,1.0,2.0,3.0,8.541965619999953,1.1420999999999992,32
61421fb831cf3ef3d4a9f32c,low_MoS2,2.0,1.0,3.0,41.44512412000013,0.3837000000000046,32
61421fd4ee0a3fd43fb47eb3,low_MoS2,1.0,2.0,3.0,32.12535948000003,0.3821000000000012,32
61421fdc9cbada84a8676c97,low_MoS2,0.0,3.0,3.0,-0.8312551700000199,1.8086999999999944,32
61421fedbaaf234b35290610,low_MoS2,2.0,1.0,3.0,17.8224021200001,0.9421999999999996,32
61421ff94e27a1844a5f0626,low_MoS2,1.0,2.0,3.0,8.513640359999979,1.147999999999996,32
614220073ac25c70a5c6cad5,low_MoS2,3.0,0.0,3.0,50.71982753000013,0.3121000000000009,32
6142200831cf3ef3d4a9f32e,low_MoS2,2.0,1.0,3.0,41.46437923999993,0.3915999999999968,32
6142201aee0a3fd43fb47eb5,low_MoS2,1.0,2.0,3.0,32.14690216999996,0.4022999999999967,32
6142203c31cf3ef3d4a9f330,low_MoS2,2.0,1.0,3.0,41.422105620000096,0.4170000000000016,32
6142204c4e27a1844a5f0628,low_MoS2,1.0,2.0,3.0,8.50976429999994,1.147300000000001,32
6142206d3ac25c70a5c6cad7,low_MoS2,3.0,0.0,3.0,50.88543143999997,0.1843000000000003,32
614220739cbada84a8676c99,low_MoS2,0.0,3.0,3.0,-0.8233878999998865,1.8066999999999995,32
614220844e27a1844a5f062a,low_MoS2,1.0,2.0,3.0,8.515430839999933,1.144599999999997,32
6142209531cf3ef3d4a9f332,low_MoS2,2.0,1.0,3.0,41.48831312000012,0.4132999999999995,32
614220b04e27a1844a5f062c,low_MoS2,1.0,2.0,3.0,8.50719054999993,1.1452000000000029,32
614220c93ac25c70a5c6cad9,low_MoS2,3.0,0.0,3.0,50.77406482000007,0.3875000000000028,32
614220cb31cf3ef3d4a9f334,low_MoS2,2.0,1.0,3.0,40.95793036000005,0.1659999999999968,32
614220d74e27a1844a5f062e,low_MoS2,1.0,2.0,3.0,8.51287430999994,1.1464,32
614220f331cf3ef3d4a9f336,low_MoS2,2.0,1.0,3.0,41.44758765000002,0.3701000000000007,32
614220f5ee0a3fd43fb47eb7,low_MoS2,1.0,2.0,3.0,32.12441875000012,0.3487000000000009,32
614220fabaaf234b35290612,low_MoS2,2.0,1.0,3.0,17.867783260000117,1.1016000000000048,32
614220fd4e27a1844a5f0630,low_MoS2,1.0,2.0,3.0,8.505614749999975,1.1490999999999971,32
61422116ee0a3fd43fb47eb9,low_MoS2,1.0,2.0,3.0,32.14050857000005,0.4042999999999992,32
61422120baaf234b35290614,low_MoS2,2.0,1.0,3.0,17.82410490000006,1.1062999999999974,32
614221224e27a1844a5f0632,low_MoS2,1.0,2.0,3.0,8.502219499999935,1.1510000000000034,32
614221273ac25c70a5c6cadb,low_MoS2,3.0,0.0,3.0,50.80214117999996,0.3783999999999992,32
6142212b9cbada84a8676c9b,low_MoS2,0.0,3.0,3.0,-0.8346570000000497,1.808,32
6142213531cf3ef3d4a9f338,low_MoS2,2.0,1.0,3.0,41.48860316999999,0.4089999999999989,32
6142214abaaf234b35290616,low_MoS2,2.0,1.0,3.0,17.888294780000017,1.1066000000000005,32
6142214e4e27a1844a5f0634,low_MoS2,1.0,2.0,3.0,8.514913559999993,1.1475000000000009,32
6142215e31cf3ef3d4a9f33a,low_MoS2,2.0,1.0,3.0,41.36996233000009,0.3034000000000034,32
614221754e27a1844a5f0636,low_MoS2,1.0,2.0,3.0,8.509679900000062,1.1454999999999984,32
614221833ac25c70a5c6cadd,low_MoS2,3.0,0.0,3.0,50.30822561999995,0.1578000000000017,32
6142218731cf3ef3d4a9f33c,low_MoS2,2.0,1.0,3.0,41.46150099000006,0.3659000000000034,32
6142218e9cbada84a8676c9d,low_MoS2,0.0,3.0,3.0,-0.8285625499999583,1.8070999999999984,32
614221b131cf3ef3d4a9f33e,low_MoS2,2.0,1.0,3.0,41.48880520000007,0.4094000000000051,32
614221c54e27a1844a5f0638,low_MoS2,1.0,2.0,3.0,8.506870080000024,1.1456000000000015,32
614221d4baaf234b35290618,low_MoS2,2.0,1.0,3.0,17.869500550000105,1.0833999999999977,32
614221da31cf3ef3d4a9f340,low_MoS2,2.0,1.0,3.0,41.45512643000002,0.3790000000000049,32
614221e03ac25c70a5c6cadf,low_MoS2,3.0,0.0,3.0,50.79606535000008,0.3815000000000026,32
614221ec4e27a1844a5f063a,low_MoS2,1.0,2.0,3.0,8.507978150000124,1.1460000000000008,32
6142220431cf3ef3d4a9f342,low_MoS2,2.0,1.0,3.0,41.38127857000013,0.302500000000002,32
614222159cbada84a8676c9f,low_MoS2,0.0,3.0,3.0,-0.8295504800000231,1.808,32
6142222b4e27a1844a5f063c,low_MoS2,1.0,2.0,3.0,8.528544909999962,1.1399000000000044,32
6142222c31cf3ef3d4a9f344,low_MoS2,2.0,1.0,3.0,41.47977525000006,0.4140000000000015,32
61422239baaf234b3529061a,low_MoS2,2.0,1.0,3.0,17.855926400000037,1.089100000000002,32
6142223aee0a3fd43fb47ebb,low_MoS2,1.0,2.0,3.0,32.13823384999999,0.4027000000000029,32
6142223d3ac25c70a5c6cae1,low_MoS2,3.0,0.0,3.0,50.34981301000008,0.1918000000000006,32
614222524e27a1844a5f063e,low_MoS2,1.0,2.0,3.0,8.515908220000053,1.1475000000000009,32
6142225fbaaf234b3529061c,low_MoS2,2.0,1.0,3.0,17.862859560000054,1.1114000000000033,32
614222619cbada84a8676ca1,low_MoS2,0.0,3.0,3.0,-0.8315590999999927,1.8085999999999984,32
6142227e31cf3ef3d4a9f346,low_MoS2,2.0,1.0,3.0,40.97172631999997,0.1537999999999968,32
61422293baaf234b3529061e,low_MoS2,2.0,1.0,3.0,17.85002065999992,1.0830999999999946,32
61422297ee0a3fd43fb47ebd,low_MoS2,1.0,2.0,3.0,32.13000305000013,0.4040999999999997,32
614222a94e27a1844a5f0640,low_MoS2,1.0,2.0,3.0,8.513438369999928,1.1464,32
614222babaaf234b35290620,low_MoS2,2.0,1.0,3.0,17.84932079999998,1.0021999999999949,32
614222d04e27a1844a5f0642,low_MoS2,1.0,2.0,3.0,8.50812724999994,1.1415999999999968,32
614222d53ac25c70a5c6cae3,low_MoS2,3.0,0.0,3.0,50.76051331,0.3033000000000001,32
6142230f9cbada84a8676ca3,low_MoS2,0.0,3.0,3.0,-0.832345759999896,1.8086999999999944,32
6142232631cf3ef3d4a9f348,low_MoS2,2.0,1.0,3.0,41.47169455000012,0.3327999999999989,32
6142232abaaf234b35290622,low_MoS2,2.0,1.0,3.0,17.857169760000026,1.1103000000000025,32
614223383ac25c70a5c6cae5,low_MoS2,3.0,0.0,3.0,50.75802181999999,0.3798999999999992,32
6142233e9cbada84a8676ca5,low_MoS2,0.0,3.0,3.0,-0.834585900000036,1.8078000000000003,32
61422350baaf234b35290624,low_MoS2,2.0,1.0,3.0,17.861379359999994,1.112099999999998,32
61422356ee0a3fd43fb47ebf,low_MoS2,1.0,2.0,3.0,32.14538145999994,0.4001000000000019,32
6142235a4e27a1844a5f0644,low_MoS2,1.0,2.0,3.0,8.507931310000028,1.1481999999999957,32
6142236f31cf3ef3d4a9f34a,low_MoS2,2.0,1.0,3.0,41.44885401000006,0.3780000000000001,32
614223824e27a1844a5f0646,low_MoS2,1.0,2.0,3.0,8.515879000000066,1.1450999999999991,32
614223a53ac25c70a5c6cae7,low_MoS2,3.0,0.0,3.0,50.31025467999999,0.1481999999999956,32
614223aa4e27a1844a5f0648,low_MoS2,1.0,2.0,3.0,8.509679900000062,1.1450000000000031,32
614223b331cf3ef3d4a9f34c,low_MoS2,2.0,1.0,3.0,41.45480360000006,0.3768999999999991,32
614223b3ee0a3fd43fb47ec1,low_MoS2,1.0,2.0,3.0,32.12253921,0.3592999999999975,32
614223d24e27a1844a5f064a,low_MoS2,1.0,2.0,3.0,8.505376159999994,1.146099999999997,32
614223dd31cf3ef3d4a9f34e,low_MoS2,2.0,1.0,3.0,41.40824396000012,0.3998000000000061,32
614223f94e27a1844a5f064c,low_MoS2,1.0,2.0,3.0,8.529620349999984,1.1390999999999991,32
6142241dbaaf234b35290626,low_MoS2,2.0,1.0,3.0,17.85065015999998,1.0835000000000008,32
6142241eee0a3fd43fb47ec3,low_MoS2,1.0,2.0,3.0,32.14683274000002,0.4018000000000015,32
6142243b31cf3ef3d4a9f350,low_MoS2,2.0,1.0,3.0,40.991610040000026,0.155300000000004,32
614224403ac25c70a5c6cae9,low_MoS2,3.0,0.0,3.0,48.84216839000002,0.1379999999999981,32
614224409cbada84a8676ca7,low_MoS2,0.0,3.0,3.0,-0.8318026700000587,1.8089999999999973,32
6142246531cf3ef3d4a9f352,low_MoS2,2.0,1.0,3.0,40.97474849999999,0.1559999999999988,32
614224684e27a1844a5f064e,low_MoS2,1.0,2.0,3.0,8.518338320000137,1.1437999999999988,32
61422487baaf234b35290628,low_MoS2,2.0,1.0,3.0,17.88655930999993,1.0991,32
614224a84e27a1844a5f0650,low_MoS2,1.0,2.0,3.0,8.528222370000119,1.1392999999999986,32
614224aebaaf234b3529062a,low_MoS2,2.0,1.0,3.0,17.82196593999992,1.1062000000000012,32
614224c69cbada84a8676ca9,low_MoS2,0.0,3.0,3.0,-0.8060212099998694,1.809199999999997,32
614224d14e27a1844a5f0652,low_MoS2,1.0,2.0,3.0,8.496789670000023,1.1494,32
614224d831cf3ef3d4a9f354,low_MoS2,2.0,1.0,3.0,40.96430969000012,0.1582000000000007,32
614224e2baaf234b3529062c,low_MoS2,2.0,1.0,3.0,17.867251229999958,1.1038000000000068,32
614224e89cbada84a8676cab,low_MoS2,0.0,3.0,3.0,-0.8300544999999033,1.8057999999999976,32
614224ee3ac25c70a5c6caeb,low_MoS2,3.0,0.0,3.0,48.81975316000004,0.1691000000000002,32
6142250131cf3ef3d4a9f356,low_MoS2,2.0,1.0,3.0,41.42208788000012,0.3808999999999969,32
6142250a9cbada84a8676cad,low_MoS2,0.0,3.0,3.0,-0.8327015199999437,1.808099999999996,32
6142251eee0a3fd43fb47ec5,low_MoS2,1.0,2.0,3.0,32.15351828000006,0.4000000000000057,32
61422524baaf234b3529062e,low_MoS2,2.0,1.0,3.0,17.860693529999928,1.1021,32
6142252c9cbada84a8676caf,low_MoS2,0.0,3.0,3.0,-0.8313938299999677,1.8095,32
614225364e27a1844a5f0654,low_MoS2,1.0,2.0,3.0,8.504898440000058,1.1492000000000004,32
6142253f31cf3ef3d4a9f358,low_MoS2,2.0,1.0,3.0,40.971921470000055,0.1525999999999996,32
6142254cbaaf234b35290630,low_MoS2,2.0,1.0,3.0,17.882760769999997,0.9601000000000042,32
6142254f3ac25c70a5c6caed,low_MoS2,3.0,0.0,3.0,50.74443458000011,0.2944000000000031,32
6142255f4e27a1844a5f0656,low_MoS2,1.0,2.0,3.0,8.504570070000025,1.1488000000000014,32
6142256831cf3ef3d4a9f35a,low_MoS2,2.0,1.0,3.0,41.47494589999992,0.4137999999999948,32
61422577baaf234b35290632,low_MoS2,2.0,1.0,3.0,17.84841316999995,1.0919000000000023,32
6142259231cf3ef3d4a9f35c,low_MoS2,2.0,1.0,3.0,41.4706401800001,0.4144999999999967,32
614225ae3ac25c70a5c6caef,low_MoS2,3.0,0.0,3.0,50.80703265000003,0.337299999999999,32
614225c2baaf234b35290634,low_MoS2,2.0,1.0,3.0,17.814400160000098,0.9431000000000012,32
614225cc4e27a1844a5f0658,low_MoS2,1.0,2.0,3.0,8.546221600000106,1.1799999999999995,32
614225ce31cf3ef3d4a9f35e,low_MoS2,2.0,1.0,3.0,41.40521329999997,0.2982999999999975,32
614225f54e27a1844a5f065a,low_MoS2,1.0,2.0,3.0,8.513977000000093,1.1428000000000011,32
614226133ac25c70a5c6caf1,low_MoS2,3.0,0.0,3.0,50.807632140000045,0.3862999999999985,32
6142261e4e27a1844a5f065c,low_MoS2,1.0,2.0,3.0,8.50199991000002,1.1392000000000024,32
6142261f31cf3ef3d4a9f360,low_MoS2,2.0,1.0,3.0,41.468163210000014,0.4055000000000035,32
61422662baaf234b35290636,low_MoS2,2.0,1.0,3.0,17.868530619999994,1.1090000000000018,32
6142266931cf3ef3d4a9f362,low_MoS2,2.0,1.0,3.0,40.97439600000003,0.1577999999999946,32
6142267a3ac25c70a5c6caf3,low_MoS2,3.0,0.0,3.0,50.82459871999996,0.4159000000000006,32
6142269431cf3ef3d4a9f364,low_MoS2,2.0,1.0,3.0,41.3703220500001,0.3858000000000032,32
614226d031cf3ef3d4a9f366,low_MoS2,2.0,1.0,3.0,41.47235552000002,0.4152999999999949,32
614226dcbaaf234b35290638,low_MoS2,2.0,1.0,3.0,17.887973249999952,1.1128999999999962,32
614226e94e27a1844a5f065e,low_MoS2,1.0,2.0,3.0,8.53456058999998,1.1377000000000024,32
614226ea3ac25c70a5c6caf5,low_MoS2,3.0,0.0,3.0,50.340102060000085,0.1237000000000065,32
6142270ebaaf234b3529063a,low_MoS2,2.0,1.0,3.0,17.86223229000006,1.1032999999999973,32
6142271331cf3ef3d4a9f368,low_MoS2,2.0,1.0,3.0,41.43926109000013,0.4044999999999987,32
6142272b4e27a1844a5f0660,low_MoS2,1.0,2.0,3.0,8.506278480000017,1.146799999999999,32
61422750baaf234b3529063c,low_MoS2,2.0,1.0,3.0,17.857431030000036,1.0386999999999986,32
614227584e27a1844a5f0662,low_MoS2,1.0,2.0,3.0,8.505706080000007,1.148699999999998,32
6142276131cf3ef3d4a9f36a,low_MoS2,2.0,1.0,3.0,41.48071173000013,0.4072999999999993,32
6142276dee0a3fd43fb47ec7,low_MoS2,1.0,2.0,3.0,32.1466625800001,0.4016999999999981,32
614227844e27a1844a5f0664,low_MoS2,1.0,2.0,3.0,8.510208630000104,1.1462999999999963,32
6142279e9cbada84a8676cb1,low_MoS2,0.0,3.0,3.0,-0.8062593700000775,1.8066999999999995,32
614227adbaaf234b3529063e,low_MoS2,2.0,1.0,3.0,17.85153674000002,1.1118999999999986,32
614227b831cf3ef3d4a9f36c,low_MoS2,2.0,1.0,3.0,41.45859106000008,0.3988000000000014,32
614227bf4e27a1844a5f0666,low_MoS2,1.0,2.0,3.0,8.511959409999942,1.1447000000000005,32
614227cc3ac25c70a5c6caf7,low_MoS2,3.0,0.0,3.0,50.70564179,0.3063000000000002,32
614227d7ee0a3fd43fb47ec9,low_MoS2,1.0,2.0,3.0,32.145405649999915,0.4052000000000006,32
614228044e27a1844a5f0668,low_MoS2,1.0,2.0,3.0,8.52387705999993,1.139800000000001,32
6142280dee0a3fd43fb47ecb,low_MoS2,1.0,2.0,3.0,32.15046488000006,0.4029999999999987,32
6142282fee0a3fd43fb47ecd,low_MoS2,1.0,2.0,3.0,32.129704010000054,0.3958999999999975,32
614228374e27a1844a5f066a,low_MoS2,1.0,2.0,3.0,8.513744699999986,1.1466999999999956,32
6142284131cf3ef3d4a9f36e,low_MoS2,2.0,1.0,3.0,41.48007684,0.4162999999999996,32
6142284d3ac25c70a5c6caf9,low_MoS2,3.0,0.0,3.0,50.32724292000004,0.2030999999999991,32
6142287f4e27a1844a5f066c,low_MoS2,1.0,2.0,3.0,8.510947349999949,1.1483999999999952,32
61422884ee0a3fd43fb47ecf,low_MoS2,1.0,2.0,3.0,31.954694479999933,0.2622,32
6142289d31cf3ef3d4a9f370,low_MoS2,2.0,1.0,3.0,41.28186292000005,0.2441999999999993,32
614228df31cf3ef3d4a9f372,low_MoS2,2.0,1.0,3.0,41.37457738000008,0.387599999999999,32
614228e5ee0a3fd43fb47ed1,low_MoS2,1.0,2.0,3.0,32.14807758999994,0.4014000000000024,32
61422907ee0a3fd43fb47ed3,low_MoS2,1.0,2.0,3.0,32.12580385,0.3474999999999966,32
6142292f3ac25c70a5c6cafb,low_MoS2,3.0,0.0,3.0,50.81379533999999,0.3881000000000014,32
6142293331cf3ef3d4a9f374,low_MoS2,2.0,1.0,3.0,41.43534298000005,0.3808999999999969,32
614229469cbada84a8676cb3,low_MoS2,0.0,3.0,3.0,-0.8314930299999901,1.8099999999999952,32
6142295d31cf3ef3d4a9f376,low_MoS2,2.0,1.0,3.0,41.46207161999992,0.3725000000000023,32
6142298831cf3ef3d4a9f378,low_MoS2,2.0,1.0,3.0,41.42803303000001,0.383500000000005,32
61422988baaf234b35290640,low_MoS2,2.0,1.0,3.0,17.860409580000116,1.104300000000002,32
6142298d9cbada84a8676cb5,low_MoS2,0.0,3.0,3.0,-0.8296121000000198,1.8078000000000003,32
614229933ac25c70a5c6cafd,low_MoS2,3.0,0.0,3.0,50.765019320000114,0.3868000000000009,32
614229ae4e27a1844a5f066e,low_MoS2,1.0,2.0,3.0,8.50544392999998,1.1428999999999974,32
614229b231cf3ef3d4a9f37a,low_MoS2,2.0,1.0,3.0,41.48600776999997,0.4065999999999974,32
614229d94e27a1844a5f0670,low_MoS2,1.0,2.0,3.0,8.503780020000047,1.1504000000000048,32
614229dc31cf3ef3d4a9f37c,low_MoS2,2.0,1.0,3.0,41.4790213400001,0.4143000000000043,32
614229de9cbada84a8676cb7,low_MoS2,0.0,3.0,3.0,-0.8302945899999372,1.8078999999999965,32
614229ecbaaf234b35290642,low_MoS2,2.0,1.0,3.0,17.842222330000133,0.9421999999999996,32
614229f43ac25c70a5c6caff,low_MoS2,3.0,0.0,3.0,50.77625881999999,0.3843999999999994,32
61422a14baaf234b35290644,low_MoS2,2.0,1.0,3.0,17.86479112999995,1.1119999999999948,32
61422a1831cf3ef3d4a9f37e,low_MoS2,2.0,1.0,3.0,41.37175808000002,0.3943000000000012,32
61422a264e27a1844a5f0672,low_MoS2,1.0,2.0,3.0,8.507081140000107,1.1426000000000016,32
61422a3cbaaf234b35290646,low_MoS2,2.0,1.0,3.0,17.86384537000003,1.106499999999997,32
61422a4f4e27a1844a5f0674,low_MoS2,1.0,2.0,3.0,8.512196200000087,1.1452000000000029,32
61422a593ac25c70a5c6cb01,low_MoS2,3.0,0.0,3.0,50.81184311999997,0.3390000000000057,32
61422a5d31cf3ef3d4a9f380,low_MoS2,2.0,1.0,3.0,40.970813999999976,0.1557999999999992,32
61422abcee0a3fd43fb47ed5,low_MoS2,1.0,2.0,3.0,32.14348251,0.4017000000000053,32
61422ac43ac25c70a5c6cb03,low_MoS2,3.0,0.0,3.0,50.29258104000011,0.1221999999999994,32
61422acb31cf3ef3d4a9f382,low_MoS2,2.0,1.0,3.0,41.43647316999996,0.4133999999999957,32
61422aef4e27a1844a5f0676,low_MoS2,1.0,2.0,3.0,8.524501670000088,1.1385000000000003,32
61422af631cf3ef3d4a9f384,low_MoS2,2.0,1.0,3.0,40.96558702000012,0.154600000000002,32
61422b174e27a1844a5f0678,low_MoS2,1.0,2.0,3.0,8.517444959999946,1.1420999999999992,32
61422b2c31cf3ef3d4a9f386,low_MoS2,2.0,1.0,3.0,41.46597745000004,0.4131999999999962,32
61422b373ac25c70a5c6cb05,low_MoS2,3.0,0.0,3.0,50.37121912000013,0.2567000000000021,32
61422b3f4e27a1844a5f067a,low_MoS2,1.0,2.0,3.0,8.541680150000072,1.1468999999999951,32
61422b5d31cf3ef3d4a9f388,low_MoS2,2.0,1.0,3.0,41.465464090000026,0.3214000000000041,32
61422b66baaf234b35290648,low_MoS2,2.0,1.0,3.0,17.826377659999928,0.9414999999999978,32
61422b684e27a1844a5f067c,low_MoS2,1.0,2.0,3.0,8.527777110000013,1.1400000000000006,32
61422b739cbada84a8676cb9,low_MoS2,0.0,3.0,3.0,-0.8307241399999725,1.808800000000005,32
61422b8831cf3ef3d4a9f38a,low_MoS2,2.0,1.0,3.0,41.43341268000013,0.410499999999999,32
61422b9ebaaf234b3529064a,low_MoS2,2.0,1.0,3.0,17.855373240000056,1.0879000000000048,32
61422ba34e27a1844a5f067e,low_MoS2,1.0,2.0,3.0,8.513529410000071,1.1458000000000013,32
61422badee0a3fd43fb47ed7,low_MoS2,1.0,2.0,3.0,32.133390149999954,0.3995000000000033,32
61422bcf3ac25c70a5c6cb07,low_MoS2,3.0,0.0,3.0,50.74155467999996,0.3875000000000028,32
61422bd54e27a1844a5f0680,low_MoS2,1.0,2.0,3.0,8.517847939999935,1.141999999999996,32
61422bd6ee0a3fd43fb47ed9,low_MoS2,1.0,2.0,3.0,32.14585506000002,0.4014999999999986,32
61422bf69cbada84a8676cbb,low_MoS2,0.0,3.0,3.0,-0.8283058700000652,1.8095,32
61422bfc4e27a1844a5f0682,low_MoS2,1.0,2.0,3.0,8.50670353000012,1.1469999999999985,32
61422bff31cf3ef3d4a9f38c,low_MoS2,2.0,1.0,3.0,41.30105752000004,0.2712000000000003,32
61422c254e27a1844a5f0684,low_MoS2,1.0,2.0,3.0,8.493455439999959,1.1383999999999972,32
61422c54baaf234b3529064c,low_MoS2,2.0,1.0,3.0,17.873545899999947,1.1062000000000012,32
61422c564e27a1844a5f0686,low_MoS2,1.0,2.0,3.0,8.512969950000095,1.1450000000000031,32
61422c7031cf3ef3d4a9f38e,low_MoS2,2.0,1.0,3.0,41.266989400000014,0.2346000000000003,32
61422c814e27a1844a5f0688,low_MoS2,1.0,2.0,3.0,8.505548970000088,1.1463000000000036,32
61422c9fbaaf234b3529064e,low_MoS2,2.0,1.0,3.0,17.922475829999932,0.6567000000000007,32
61422cad4e27a1844a5f068a,low_MoS2,1.0,2.0,3.0,8.51492132000001,1.1452000000000029,32
61422cc0ee0a3fd43fb47edb,low_MoS2,1.0,2.0,3.0,32.14692183999999,0.4014999999999986,32
61422ccd31cf3ef3d4a9f390,low_MoS2,2.0,1.0,3.0,41.43031457000002,0.3795000000000001,32
61422cce3ac25c70a5c6cb09,low_MoS2,3.0,0.0,3.0,50.79551853000013,0.3708999999999989,32
61422ce14e27a1844a5f068c,low_MoS2,1.0,2.0,3.0,8.530499239999951,1.1403000000000034,32
61422ce3ee0a3fd43fb47edd,low_MoS2,1.0,2.0,3.0,31.95917877999999,0.2641999999999953,32
61422d134e27a1844a5f068e,low_MoS2,1.0,2.0,3.0,8.513153039999931,1.146499999999996,32
61422d2fee0a3fd43fb47edf,low_MoS2,1.0,2.0,3.0,31.916840739999987,0.2766000000000019,32
61422d323ac25c70a5c6cb0b,low_MoS2,3.0,0.0,3.0,50.80955458999998,0.3393000000000015,32
61422d434e27a1844a5f0690,low_MoS2,1.0,2.0,3.0,8.548121280000057,1.1780000000000044,32
61422d5d31cf3ef3d4a9f392,low_MoS2,2.0,1.0,3.0,41.47529847999995,0.4147999999999996,32
61422d7dbaaf234b35290650,low_MoS2,2.0,1.0,3.0,17.888373470000026,1.1041000000000023,32
61422d869cbada84a8676cbd,low_MoS2,0.0,3.0,3.0,-0.8317287500000816,1.8085999999999984,32
61422d8c31cf3ef3d4a9f394,low_MoS2,2.0,1.0,3.0,41.47381011000012,0.4106999999999985,32
61422d904e27a1844a5f0692,low_MoS2,1.0,2.0,3.0,8.510673570000133,1.1460000000000008,32
61422d953ac25c70a5c6cb0d,low_MoS2,3.0,0.0,3.0,50.308908670000086,0.1552000000000006,32
61422d9cee0a3fd43fb47ee1,low_MoS2,1.0,2.0,3.0,32.14409107999994,0.4059000000000026,32
61422db39cbada84a8676cbf,low_MoS2,0.0,3.0,3.0,-0.8289943199999357,1.8076000000000008,32
61422dfa3ac25c70a5c6cb0f,low_MoS2,3.0,0.0,3.0,50.78205454000014,0.3933999999999997,32
61422e304e27a1844a5f0694,low_MoS2,1.0,2.0,3.0,8.513723499999994,1.1448999999999998,32
61422e5f3ac25c70a5c6cb11,low_MoS2,3.0,0.0,3.0,50.85092881000006,0.1674999999999968,32
61422e729cbada84a8676cc1,low_MoS2,0.0,3.0,3.0,-0.831472779999956,1.808799999999998,32
61422e7b31cf3ef3d4a9f396,low_MoS2,2.0,1.0,3.0,41.47404423999997,0.408299999999997,32
61422e9c4e27a1844a5f0696,low_MoS2,1.0,2.0,3.0,8.537042969999927,1.1465000000000032,32
61422ea631cf3ef3d4a9f398,low_MoS2,2.0,1.0,3.0,41.45931700000001,0.3787999999999982,32
61422ec33ac25c70a5c6cb13,low_MoS2,3.0,0.0,3.0,50.81516299000001,0.3418000000000063,32
61422ed131cf3ef3d4a9f39a,low_MoS2,2.0,1.0,3.0,41.4557128200001,0.3873999999999995,32
61422ef3baaf234b35290652,low_MoS2,2.0,1.0,3.0,17.898703999999945,1.1195999999999984,32
61422efc31cf3ef3d4a9f39c,low_MoS2,2.0,1.0,3.0,41.47516706999996,0.3344999999999984,32
61422f0f4e27a1844a5f0698,low_MoS2,1.0,2.0,3.0,8.503525460000017,1.146499999999996,32
61422f119cbada84a8676cc3,low_MoS2,0.0,3.0,3.0,-0.8302718599999821,1.806999999999995,32
61422f14ee0a3fd43fb47ee3,low_MoS2,1.0,2.0,3.0,32.12976075999994,0.4012999999999991,32
61422f38baaf234b35290654,low_MoS2,2.0,1.0,3.0,17.880244940000004,1.1088000000000022,32
61422f384e27a1844a5f069a,low_MoS2,1.0,2.0,3.0,8.517052870000068,1.1432000000000002,32
61422f6131cf3ef3d4a9f39e,low_MoS2,2.0,1.0,3.0,41.47163558999996,0.4095999999999975,32
61422f654e27a1844a5f069c,low_MoS2,1.0,2.0,3.0,8.531799870000011,1.137099999999997,32
61422f87baaf234b35290656,low_MoS2,2.0,1.0,3.0,17.94642868999994,0.6485999999999947,32
61422f8c31cf3ef3d4a9f3a0,low_MoS2,2.0,1.0,3.0,41.47267554000014,0.4149000000000029,32
61422fae4e27a1844a5f069e,low_MoS2,1.0,2.0,3.0,8.539224180000044,1.182699999999997,32
61422fc2baaf234b35290658,low_MoS2,2.0,1.0,3.0,17.872036210000026,1.0967000000000056,32
61422fcc9cbada84a8676cc5,low_MoS2,0.0,3.0,3.0,-0.8348041399999033,1.807699999999997,32
61422fd84e27a1844a5f06a0,low_MoS2,1.0,2.0,3.0,8.493709750000132,1.1381000000000014,32
614230134e27a1844a5f06a2,low_MoS2,1.0,2.0,3.0,8.513451060000104,1.144299999999994,32
6142302f31cf3ef3d4a9f3a2,low_MoS2,2.0,1.0,3.0,41.47373476999992,0.4123000000000019,32
614230309cbada84a8676cc7,low_MoS2,0.0,3.0,3.0,-0.8318722500000035,1.8085000000000024,32
614230454e27a1844a5f06a4,low_MoS2,1.0,2.0,3.0,8.501890159999927,1.1441000000000017,32
6142304f3ac25c70a5c6cb15,low_MoS2,3.0,0.0,3.0,48.82608605000011,0.1736999999999966,32
6142305b31cf3ef3d4a9f3a4,low_MoS2,2.0,1.0,3.0,41.46339179000002,0.3847000000000022,32
6142305fbaaf234b3529065a,low_MoS2,2.0,1.0,3.0,17.864295600000098,1.1104000000000056,32
61423078ee0a3fd43fb47ee5,low_MoS2,1.0,2.0,3.0,31.936218329999964,0.2485999999999961,32
6142308731cf3ef3d4a9f3a6,low_MoS2,2.0,1.0,3.0,41.44599407999995,0.3632999999999953,32
614230b231cf3ef3d4a9f3a8,low_MoS2,2.0,1.0,3.0,41.41838613,0.3669999999999973,32
614230b63ac25c70a5c6cb17,low_MoS2,3.0,0.0,3.0,50.81497888000005,0.4076999999999984,32
614230c64e27a1844a5f06a6,low_MoS2,1.0,2.0,3.0,8.508929359999936,1.1448999999999998,32
6142310131cf3ef3d4a9f3aa,low_MoS2,2.0,1.0,3.0,41.42540899000001,0.3897000000000048,32
614231029cbada84a8676cc9,low_MoS2,0.0,3.0,3.0,-0.8296890199998757,1.808099999999996,32
6142311d3ac25c70a5c6cb19,low_MoS2,3.0,0.0,3.0,50.78047765000012,0.3464000000000027,32
6142312f31cf3ef3d4a9f3ac,low_MoS2,2.0,1.0,3.0,41.45923553000007,0.3608000000000047,32
614231474e27a1844a5f06a8,low_MoS2,1.0,2.0,3.0,8.502528179999924,1.1506000000000045,32
6142315b31cf3ef3d4a9f3ae,low_MoS2,2.0,1.0,3.0,41.27002955999997,0.2424999999999997,32
6142318831cf3ef3d4a9f3b0,low_MoS2,2.0,1.0,3.0,41.4287449800001,0.4061000000000021,32
614231b33ac25c70a5c6cb1b,low_MoS2,3.0,0.0,3.0,50.31118196000004,0.1387999999999962,32
614231b6baaf234b3529065c,low_MoS2,2.0,1.0,3.0,17.88395491000005,0.9597999999999942,32
614231de4e27a1844a5f06aa,low_MoS2,1.0,2.0,3.0,8.535449880000012,1.180100000000003,32
614231e431cf3ef3d4a9f3b2,low_MoS2,2.0,1.0,3.0,39.49539010000008,0.1522000000000005,32
6142321231cf3ef3d4a9f3b4,low_MoS2,2.0,1.0,3.0,41.4539726,0.3773000000000053,32
6142322ebaaf234b3529065e,low_MoS2,2.0,1.0,3.0,17.860750649999993,1.0911999999999935,32
614232473ac25c70a5c6cb1d,low_MoS2,3.0,0.0,3.0,50.82532994,0.3412000000000006,32
614232514e27a1844a5f06ac,low_MoS2,1.0,2.0,3.0,8.506347540000004,1.1373000000000033,32
61423278ee0a3fd43fb47ee7,low_MoS2,1.0,2.0,3.0,32.120857970000074,0.3504999999999967,32
614232864e27a1844a5f06ae,low_MoS2,1.0,2.0,3.0,8.543463060000047,1.1818999999999988,32
6142329aee0a3fd43fb47ee9,low_MoS2,1.0,2.0,3.0,32.08660020000001,0.4033999999999977,32
614232ae31cf3ef3d4a9f3b6,low_MoS2,2.0,1.0,3.0,41.460918090000135,0.3962000000000003,32
614232b63ac25c70a5c6cb1f,low_MoS2,3.0,0.0,3.0,50.32352727999993,0.1561999999999983,32
614232eebaaf234b35290660,low_MoS2,2.0,1.0,3.0,17.88488088999997,1.1066000000000005,32
614232fa31cf3ef3d4a9f3b8,low_MoS2,2.0,1.0,3.0,41.43530983000001,0.4102999999999994,32
614232fe4e27a1844a5f06b0,low_MoS2,1.0,2.0,3.0,8.539986170000045,1.1854999999999976,32
6142332b31cf3ef3d4a9f3ba,low_MoS2,2.0,1.0,3.0,41.459927930000006,0.3601000000000027,32
6142333eee0a3fd43fb47eeb,low_MoS2,1.0,2.0,3.0,32.152448419999914,0.3990000000000009,32
614233494e27a1844a5f06b2,low_MoS2,1.0,2.0,3.0,8.511553470000106,1.1432000000000002,32
6142336f31cf3ef3d4a9f3bc,low_MoS2,2.0,1.0,3.0,41.41554246999995,0.3753000000000028,32
614233983ac25c70a5c6cb21,low_MoS2,3.0,0.0,3.0,50.30402005000011,0.1493000000000037,32
6142339b4e27a1844a5f06b4,low_MoS2,1.0,2.0,3.0,8.50762690000013,1.1474000000000046,32
6142339c31cf3ef3d4a9f3be,low_MoS2,2.0,1.0,3.0,41.39232677000014,0.3004999999999995,32
614233a89cbada84a8676ccb,low_MoS2,0.0,3.0,3.0,-0.8264242499998886,1.806600000000003,32
614233b9baaf234b35290662,low_MoS2,2.0,1.0,3.0,17.860009230000053,1.1113999999999962,32
614233dd4e27a1844a5f06b6,low_MoS2,1.0,2.0,3.0,8.502581530000068,1.148299999999999,32
614233e1baaf234b35290664,low_MoS2,2.0,1.0,3.0,17.900377030000065,1.1228999999999942,32
614233f3ee0a3fd43fb47eed,low_MoS2,1.0,2.0,3.0,32.14574497000011,0.4016000000000019,32
614234084e27a1844a5f06b8,low_MoS2,1.0,2.0,3.0,8.508076180000014,1.1469000000000025,32
61423409baaf234b35290666,low_MoS2,2.0,1.0,3.0,17.862400610000115,1.1112000000000035,32
6142341931cf3ef3d4a9f3c0,low_MoS2,2.0,1.0,3.0,41.473629410000015,0.4127999999999971,32
614234213ac25c70a5c6cb23,low_MoS2,3.0,0.0,3.0,50.81491371999997,0.3398000000000039,32
614234334e27a1844a5f06ba,low_MoS2,1.0,2.0,3.0,8.514793399999942,1.1475000000000009,32
6142343ebaaf234b35290668,low_MoS2,2.0,1.0,3.0,17.852351579999997,1.0949999999999989,32
6142344531cf3ef3d4a9f3c2,low_MoS2,2.0,1.0,3.0,40.96155672000005,0.1567000000000007,32
6142345e4e27a1844a5f06bc,low_MoS2,1.0,2.0,3.0,8.512573440000121,1.1455999999999946,32
6142348b9cbada84a8676ccd,low_MoS2,0.0,3.0,3.0,-0.832526249999944,1.8089000000000013,32
6142349d31cf3ef3d4a9f3c4,low_MoS2,2.0,1.0,3.0,41.42718955000005,0.3795000000000001,32
614234a1ee0a3fd43fb47eef,low_MoS2,1.0,2.0,3.0,32.142213750000096,0.4045999999999949,32
614234c931cf3ef3d4a9f3c6,low_MoS2,2.0,1.0,3.0,41.419903570000045,0.3639999999999972,32
614234ec4e27a1844a5f06be,low_MoS2,1.0,2.0,3.0,8.512244669999998,1.1465000000000032,32
61423512baaf234b3529066a,low_MoS2,2.0,1.0,3.0,17.90023218999999,1.116500000000002,32
614235314e27a1844a5f06c0,low_MoS2,1.0,2.0,3.0,8.546645980000019,1.181200000000004,32
6142353331cf3ef3d4a9f3c8,low_MoS2,2.0,1.0,3.0,41.44711391999995,0.3746999999999971,32
614235359cbada84a8676ccf,low_MoS2,0.0,3.0,3.0,-0.8316167499999096,1.8081999999999996,32
6142353abaaf234b3529066c,low_MoS2,2.0,1.0,3.0,17.848170870000096,1.1082999999999998,32
6142356031cf3ef3d4a9f3ca,low_MoS2,2.0,1.0,3.0,41.425621739999954,0.3741999999999947,32
6142357fee0a3fd43fb47ef1,low_MoS2,1.0,2.0,3.0,32.15024491999996,0.4046999999999983,32
614235973ac25c70a5c6cb25,low_MoS2,3.0,0.0,3.0,50.82325206000011,0.4222999999999999,32
614235b531cf3ef3d4a9f3cc,low_MoS2,2.0,1.0,3.0,41.433307239999934,0.4110999999999976,32
614235cb9cbada84a8676cd1,low_MoS2,0.0,3.0,3.0,-0.8323508200000447,1.8081999999999996,32
614235d2baaf234b3529066e,low_MoS2,2.0,1.0,3.0,17.883737919999923,1.1081000000000003,32
614235e04e27a1844a5f06c2,low_MoS2,1.0,2.0,3.0,8.505948969999988,1.1440999999999946,32
614235e231cf3ef3d4a9f3ce,low_MoS2,2.0,1.0,3.0,41.45506238999992,0.3872,32
614235f5ee0a3fd43fb47ef3,low_MoS2,1.0,2.0,3.0,32.13347726999994,0.3985999999999947,32
614235f59cbada84a8676cd3,low_MoS2,0.0,3.0,3.0,-0.8317840899998714,1.8086999999999944,32
614236003ac25c70a5c6cb27,low_MoS2,3.0,0.0,3.0,50.732008580000105,0.3076000000000007,32
61423616baaf234b35290670,low_MoS2,2.0,1.0,3.0,17.856285360000122,1.0831000000000015,32
614236174e27a1844a5f06c4,low_MoS2,1.0,2.0,3.0,8.49405512000001,1.1373000000000033,32
6142361e31cf3ef3d4a9f3d0,low_MoS2,2.0,1.0,3.0,41.487561180000014,0.4106999999999985,32
61423659ee0a3fd43fb47ef5,low_MoS2,1.0,2.0,3.0,32.145315649999915,0.4040999999999997,32
614236693ac25c70a5c6cb29,low_MoS2,3.0,0.0,3.0,50.760301019999964,0.2777000000000029,32
6142367231cf3ef3d4a9f3d2,low_MoS2,2.0,1.0,3.0,41.47833983000005,0.4056999999999959,32
614236834e27a1844a5f06c6,low_MoS2,1.0,2.0,3.0,8.517507430000048,1.1471000000000018,32
614236abbaaf234b35290672,low_MoS2,2.0,1.0,3.0,17.871098159999967,1.1004000000000005,32
614236b7ee0a3fd43fb47ef7,low_MoS2,1.0,2.0,3.0,31.95057956000004,0.2550000000000025,32
614236c231cf3ef3d4a9f3d4,low_MoS2,2.0,1.0,3.0,41.39662371999994,0.2962999999999951,32
614236d14e27a1844a5f06c8,low_MoS2,1.0,2.0,3.0,8.508332260000113,1.145399999999995,32
614236d23ac25c70a5c6cb2b,low_MoS2,3.0,0.0,3.0,50.308959119999976,0.1515999999999948,32
614236feee0a3fd43fb47ef9,low_MoS2,1.0,2.0,3.0,32.11182912999992,0.3455000000000012,32
614237029cbada84a8676cd5,low_MoS2,0.0,3.0,3.0,-0.8316311599998585,1.8096999999999996,32
61423739baaf234b35290674,low_MoS2,2.0,1.0,3.0,17.930617389999945,0.6528999999999954,32
6142374331cf3ef3d4a9f3d6,low_MoS2,2.0,1.0,3.0,41.445824809999934,0.377200000000002,32
6142374e3ac25c70a5c6cb2d,low_MoS2,3.0,0.0,3.0,50.29003454,0.1563000000000016,32
6142374f4e27a1844a5f06ca,low_MoS2,1.0,2.0,3.0,8.513736270000006,1.1459000000000046,32
61423770ee0a3fd43fb47efb,low_MoS2,1.0,2.0,3.0,32.13970979000008,0.4031999999999982,32
614237864e27a1844a5f06cc,low_MoS2,1.0,2.0,3.0,8.513175580000077,1.1296999999999997,32
614237a631cf3ef3d4a9f3d8,low_MoS2,2.0,1.0,3.0,41.48396584000007,0.4078999999999979,32
614237b73ac25c70a5c6cb2f,low_MoS2,3.0,0.0,3.0,50.79083753000001,0.4220000000000041,32
614237d331cf3ef3d4a9f3da,low_MoS2,2.0,1.0,3.0,41.43701759000005,0.4095999999999975,32
6142380e4e27a1844a5f06ce,low_MoS2,1.0,2.0,3.0,8.50366912999996,1.1448999999999998,32
6142381e31cf3ef3d4a9f3dc,low_MoS2,2.0,1.0,3.0,41.30239589000003,0.268100000000004,32
614238213ac25c70a5c6cb31,low_MoS2,3.0,0.0,3.0,48.71771443999993,0.3303000000000011,32
6142384b31cf3ef3d4a9f3de,low_MoS2,2.0,1.0,3.0,39.49905918999998,0.1514999999999986,32
6142384e4e27a1844a5f06d0,low_MoS2,1.0,2.0,3.0,8.506146319999996,1.1452000000000029,32
6142387831cf3ef3d4a9f3e0,low_MoS2,2.0,1.0,3.0,41.47414879000003,0.4137999999999948,32
614238903ac25c70a5c6cb33,low_MoS2,3.0,0.0,3.0,48.71781926999999,0.1262999999999934,32
614238a631cf3ef3d4a9f3e2,low_MoS2,2.0,1.0,3.0,40.96491069000008,0.1589999999999989,32
614238c0ee0a3fd43fb47efd,low_MoS2,1.0,2.0,3.0,32.15177098000002,0.4027000000000029,32
614238c84e27a1844a5f06d2,low_MoS2,1.0,2.0,3.0,8.544196119999949,1.1816999999999993,32
614238f34e27a1844a5f06d4,low_MoS2,1.0,2.0,3.0,8.508602260000114,1.1482000000000028,32
614238fb3ac25c70a5c6cb35,low_MoS2,3.0,0.0,3.0,50.82466857000001,0.3412000000000006,32
614239139cbada84a8676cd7,low_MoS2,0.0,3.0,3.0,-0.8236941699998965,1.806400000000004,32
6142391e4e27a1844a5f06d6,low_MoS2,1.0,2.0,3.0,8.505674519999982,1.1418999999999997,32
6142392331cf3ef3d4a9f3e4,low_MoS2,2.0,1.0,3.0,41.46525441000013,0.3376000000000019,32
614239399cbada84a8676cd9,low_MoS2,0.0,3.0,3.0,-0.8042854199999852,1.808,32
6142395031cf3ef3d4a9f3e6,low_MoS2,2.0,1.0,3.0,41.45901451999994,0.3704999999999998,32
614239683ac25c70a5c6cb37,low_MoS2,3.0,0.0,3.0,50.78096609000014,0.4229000000000056,32
61423969baaf234b35290676,low_MoS2,2.0,1.0,3.0,17.86844339000003,1.0840999999999994,32
6142399231cf3ef3d4a9f3e8,low_MoS2,2.0,1.0,3.0,41.48052614000012,0.410899999999998,32
6142399f4e27a1844a5f06d8,low_MoS2,1.0,2.0,3.0,8.513371900000063,1.1465999999999994,32
614239a29cbada84a8676cdb,low_MoS2,0.0,3.0,3.0,-0.8331205999999725,1.8060000000000045,32
614239c031cf3ef3d4a9f3ea,low_MoS2,2.0,1.0,3.0,40.83277519000008,0.1441000000000016,32
614239ca4e27a1844a5f06da,low_MoS2,1.0,2.0,3.0,8.496031859999928,1.1355000000000004,32
614239df9cbada84a8676cdd,low_MoS2,0.0,3.0,3.0,-0.8227211000000239,1.807700000000004,32
614239ed31cf3ef3d4a9f3ec,low_MoS2,2.0,1.0,3.0,41.466586010000086,0.416800000000002,32
61423a1e4e27a1844a5f06dc,low_MoS2,1.0,2.0,3.0,8.517706630000045,1.1477000000000004,32
61423a3f3ac25c70a5c6cb39,low_MoS2,3.0,0.0,3.0,50.828709349999976,0.4238999999999961,32
61423a614e27a1844a5f06de,low_MoS2,1.0,2.0,3.0,8.497846049999932,1.1528999999999954,32
61423a6e31cf3ef3d4a9f3ee,low_MoS2,2.0,1.0,3.0,41.433554070000085,0.4107999999999947,32
61423a8c4e27a1844a5f06e0,low_MoS2,1.0,2.0,3.0,8.511710089999976,1.1479,32
61423a9c31cf3ef3d4a9f3f0,low_MoS2,2.0,1.0,3.0,41.22937189,0.2242999999999995,32
61423aa6ee0a3fd43fb47eff,low_MoS2,1.0,2.0,3.0,32.12075860000003,0.3928999999999973,32
61423aae3ac25c70a5c6cb3b,low_MoS2,3.0,0.0,3.0,50.82230739999992,0.4288999999999987,32
61423acaee0a3fd43fb47f01,low_MoS2,1.0,2.0,3.0,32.14606539000009,0.4039999999999963,32
61423ad931cf3ef3d4a9f3f2,low_MoS2,2.0,1.0,3.0,41.34092484000003,0.3246000000000038,32
61423aec4e27a1844a5f06e2,low_MoS2,1.0,2.0,3.0,8.539925640000117,1.1454999999999984,32
61423b0fbaaf234b35290678,low_MoS2,2.0,1.0,3.0,17.888864790000063,0.9581000000000016,32
61423b1a3ac25c70a5c6cb3d,low_MoS2,3.0,0.0,3.0,50.73423979999999,0.3034999999999996,32
61423b204e27a1844a5f06e4,low_MoS2,1.0,2.0,3.0,8.508755800000042,1.1495999999999995,32
61423b6a4e27a1844a5f06e6,low_MoS2,1.0,2.0,3.0,8.510105569999975,1.1487999999999945,32
61423b6f9cbada84a8676cdf,low_MoS2,0.0,3.0,3.0,-0.8333138400000166,1.8078999999999965,32
61423b8c3ac25c70a5c6cb3f,low_MoS2,3.0,0.0,3.0,50.80659445999997,0.3851000000000013,32
61423ba831cf3ef3d4a9f3f4,low_MoS2,2.0,1.0,3.0,40.9687258200001,0.1570999999999998,32
61423ba99cbada84a8676ce1,low_MoS2,0.0,3.0,3.0,-0.8321277599999917,1.8088999999999944,32
61423bb04e27a1844a5f06e8,low_MoS2,1.0,2.0,3.0,8.507170130000102,1.145300000000006,32
61423bb6baaf234b3529067a,low_MoS2,2.0,1.0,3.0,17.871561809999996,1.1081999999999963,32
61423bb9ee0a3fd43fb47f03,low_MoS2,1.0,2.0,3.0,32.15382236999993,0.3813000000000031,32
61423bd531cf3ef3d4a9f3f6,low_MoS2,2.0,1.0,3.0,41.45566993999997,0.3725999999999985,32
61423bdf4e27a1844a5f06ea,low_MoS2,1.0,2.0,3.0,8.51122747000002,1.1447000000000005,32
61423bfc3ac25c70a5c6cb41,low_MoS2,3.0,0.0,3.0,50.300075219999975,0.1478000000000037,32
61423c284e27a1844a5f06ec,low_MoS2,1.0,2.0,3.0,8.510073749999972,1.1447000000000005,32
61423c2a31cf3ef3d4a9f3f8,low_MoS2,2.0,1.0,3.0,41.463629450000056,0.377600000000001,32
61423c31baaf234b3529067c,low_MoS2,2.0,1.0,3.0,17.82346400000005,1.1086000000000027,32
61423c534e27a1844a5f06ee,low_MoS2,1.0,2.0,3.0,8.51070966,1.147300000000001,32
61423c5931cf3ef3d4a9f3fa,low_MoS2,2.0,1.0,3.0,41.456102190000095,0.3783000000000029,32
61423c874e27a1844a5f06f0,low_MoS2,1.0,2.0,3.0,8.512473499999967,1.142000000000003,32
61423c8a31cf3ef3d4a9f3fc,low_MoS2,2.0,1.0,3.0,41.47301903000012,0.3329000000000022,32
61423cafbaaf234b3529067e,low_MoS2,2.0,1.0,3.0,17.88502671000014,1.1081000000000003,32
61423cb14e27a1844a5f06f2,low_MoS2,1.0,2.0,3.0,8.517409730000079,1.1428999999999974,32
61423cd731cf3ef3d4a9f3fe,low_MoS2,2.0,1.0,3.0,41.44807830000009,0.384999999999998,32
61423cd99cbada84a8676ce3,low_MoS2,0.0,3.0,3.0,-0.830652710000038,1.8091000000000008,32
61423cfe4e27a1844a5f06f4,low_MoS2,1.0,2.0,3.0,8.502332670000012,1.1426000000000016,32
61423d143ac25c70a5c6cb43,low_MoS2,3.0,0.0,3.0,50.32132493999999,0.1628999999999933,32
61423d1c9cbada84a8676ce5,low_MoS2,0.0,3.0,3.0,-0.833154729999876,1.809599999999996,32
61423d29ee0a3fd43fb47f05,low_MoS2,1.0,2.0,3.0,32.14831215999992,0.4017000000000053,32
61423d3f31cf3ef3d4a9f400,low_MoS2,2.0,1.0,3.0,41.46296479000007,0.3382000000000005,32
61423d7dbaaf234b35290680,low_MoS2,2.0,1.0,3.0,17.851453470000017,1.093899999999998,32
61423dd43ac25c70a5c6cb45,low_MoS2,3.0,0.0,3.0,50.79314274999994,0.3746000000000009,32
61423df44e27a1844a5f06f6,low_MoS2,1.0,2.0,3.0,8.528817560000132,1.1387,32
61423df6baaf234b35290682,low_MoS2,2.0,1.0,3.0,17.860731550000075,1.103200000000001,32
61423dff31cf3ef3d4a9f402,low_MoS2,2.0,1.0,3.0,41.40322151000005,0.3900999999999968,32
61423e254e27a1844a5f06f8,low_MoS2,1.0,2.0,3.0,8.506784019999966,1.147999999999996,32
61423e46ee0a3fd43fb47f07,low_MoS2,1.0,2.0,3.0,32.15233964999992,0.4010999999999995,32
61423e504e27a1844a5f06fa,low_MoS2,1.0,2.0,3.0,8.512216939999941,1.1476000000000042,32
61423e7431cf3ef3d4a9f404,low_MoS2,2.0,1.0,3.0,41.28180274000006,0.2491000000000056,32
61423e95baaf234b35290684,low_MoS2,2.0,1.0,3.0,17.85048105000009,1.0835000000000008,32
61423e9e3ac25c70a5c6cb47,low_MoS2,3.0,0.0,3.0,50.6176579300001,0.3149999999999977,32
61423eba4e27a1844a5f06fc,low_MoS2,1.0,2.0,3.0,8.513930919999918,1.1458999999999977,32
61423ef64e27a1844a5f06fe,low_MoS2,1.0,2.0,3.0,8.54417500000002,1.1802000000000064,32
61423effee0a3fd43fb47f09,low_MoS2,1.0,2.0,3.0,32.14072744000008,0.404200000000003,32
61423f1131cf3ef3d4a9f406,low_MoS2,2.0,1.0,3.0,41.45574669999992,0.3796999999999997,32
61423f239cbada84a8676ce7,low_MoS2,0.0,3.0,3.0,-0.8333559100000798,1.8095,32
61423f3e4e27a1844a5f0700,low_MoS2,1.0,2.0,3.0,8.551063599999932,1.1784999999999997,32
61423f724e27a1844a5f0702,low_MoS2,1.0,2.0,3.0,8.51349380000013,1.1459000000000046,32
61423f74baaf234b35290686,low_MoS2,2.0,1.0,3.0,17.84812030000011,1.0940999999999974,32
61423fa7baaf234b35290688,low_MoS2,2.0,1.0,3.0,17.86172821000013,1.0953000000000015,32
61423fae31cf3ef3d4a9f408,low_MoS2,2.0,1.0,3.0,39.48780873999995,0.1572000000000031,32
614240289cbada84a8676ce9,low_MoS2,0.0,3.0,3.0,-0.8331609999999614,1.808399999999999,32
61424033ee0a3fd43fb47f0b,low_MoS2,1.0,2.0,3.0,32.11928957000008,0.3544999999999945,32
614240404e27a1844a5f0704,low_MoS2,1.0,2.0,3.0,8.51356353000008,1.1454999999999984,32
6142405a9cbada84a8676ceb,low_MoS2,0.0,3.0,3.0,-0.8041549199999167,1.8091000000000008,32
6142405b31cf3ef3d4a9f40a,low_MoS2,2.0,1.0,3.0,41.47200093000011,0.414200000000001,32
6142406c4e27a1844a5f0706,low_MoS2,1.0,2.0,3.0,8.518211549999958,1.1472999999999942,32
61424091ee0a3fd43fb47f0d,low_MoS2,1.0,2.0,3.0,32.13191067000001,0.3956999999999979,32
6142409d4e27a1844a5f0708,low_MoS2,1.0,2.0,3.0,8.50589418999996,1.1487000000000052,32
614240b0baaf234b3529068a,low_MoS2,2.0,1.0,3.0,17.904731130000066,1.125,32
614240c84e27a1844a5f070a,low_MoS2,1.0,2.0,3.0,8.50421935000011,1.1450999999999991,32
614240e2baaf234b3529068c,low_MoS2,2.0,1.0,3.0,17.86703125999997,1.1092000000000013,32
614240f531cf3ef3d4a9f40c,low_MoS2,2.0,1.0,3.0,41.54550022999997,0.3669000000000011,32
6142412431cf3ef3d4a9f40e,low_MoS2,2.0,1.0,3.0,41.463252590000096,0.3841999999999999,32
614241524e27a1844a5f070c,low_MoS2,1.0,2.0,3.0,8.52454534999995,1.1417000000000002,32
614241539cbada84a8676ced,low_MoS2,0.0,3.0,3.0,-0.832699479999917,1.8085999999999984,32
614241713ac25c70a5c6cb49,low_MoS2,3.0,0.0,3.0,50.86892554000011,0.1604000000000027,32
614241af4e27a1844a5f070e,low_MoS2,1.0,2.0,3.0,8.515015510000037,1.1445000000000007,32
614241b331cf3ef3d4a9f410,low_MoS2,2.0,1.0,3.0,41.40078940000008,0.389800000000001,32
614241dd3ac25c70a5c6cb4b,low_MoS2,3.0,0.0,3.0,50.80665676999994,0.3928999999999973,32
614241e6baaf234b3529068e,low_MoS2,2.0,1.0,3.0,17.868157710000098,1.1109000000000009,32
61424222ee0a3fd43fb47f0f,low_MoS2,1.0,2.0,3.0,31.953042679999943,0.2513000000000005,32
6142422831cf3ef3d4a9f412,low_MoS2,2.0,1.0,3.0,40.97073582000003,0.1544999999999987,32
6142423fbaaf234b35290690,low_MoS2,2.0,1.0,3.0,17.886899710000073,1.0816000000000017,32
6142424a3ac25c70a5c6cb4d,low_MoS2,3.0,0.0,3.0,50.81214431000004,0.3950000000000031,32
6142425831cf3ef3d4a9f414,low_MoS2,2.0,1.0,3.0,41.4464544500001,0.3614000000000033,32
614242664e27a1844a5f0710,low_MoS2,1.0,2.0,3.0,8.50595548999993,1.142400000000002,32
614242a39cbada84a8676cef,low_MoS2,0.0,3.0,3.0,-0.8329133699998579,1.8093999999999968,32
614242bb3ac25c70a5c6cb4f,low_MoS2,3.0,0.0,3.0,50.82745414999992,0.420100000000005,32
614242c74e27a1844a5f0712,low_MoS2,1.0,2.0,3.0,8.494160579999996,1.1374999999999955,32
614242ce31cf3ef3d4a9f416,low_MoS2,2.0,1.0,3.0,40.95152924999998,0.1604000000000027,32
614242f0baaf234b35290692,low_MoS2,2.0,1.0,3.0,17.88958223000008,0.9587000000000004,32
614242f24e27a1844a5f0714,low_MoS2,1.0,2.0,3.0,8.53302708999993,1.139800000000001,32
614243273ac25c70a5c6cb51,low_MoS2,3.0,0.0,3.0,48.80039916000002,0.1628000000000042,32
6142436931cf3ef3d4a9f418,low_MoS2,2.0,1.0,3.0,41.44022132000005,0.3760000000000048,32
614243834e27a1844a5f0716,low_MoS2,1.0,2.0,3.0,8.540656610000067,1.145699999999998,32
6142438bbaaf234b35290694,low_MoS2,2.0,1.0,3.0,17.883382900000008,1.1226999999999947,32
6142438c9cbada84a8676cf1,low_MoS2,0.0,3.0,3.0,-0.8315056099999651,1.808399999999999,32
614243b09cbada84a8676cf3,low_MoS2,0.0,3.0,3.0,-0.8325838800000724,1.808799999999998,32
614243be31cf3ef3d4a9f41a,low_MoS2,2.0,1.0,3.0,41.42222654999996,0.415700000000001,32
614243c63ac25c70a5c6cb53,low_MoS2,3.0,0.0,3.0,50.73910182000001,0.2999000000000009,32
614243e8ee0a3fd43fb47f11,low_MoS2,1.0,2.0,3.0,32.08721603000002,0.4057999999999993,32
614243ff31cf3ef3d4a9f41c,low_MoS2,2.0,1.0,3.0,41.490914480000086,0.4112000000000009,32
614244229cbada84a8676cf5,low_MoS2,0.0,3.0,3.0,-0.804592689999879,1.8090000000000048,32
6142443031cf3ef3d4a9f41e,low_MoS2,2.0,1.0,3.0,41.46952393000011,0.3367000000000004,32
614244343ac25c70a5c6cb55,low_MoS2,3.0,0.0,3.0,50.877361920000034,0.1578999999999979,32
614244594e27a1844a5f0718,low_MoS2,1.0,2.0,3.0,8.502256040000045,1.1465999999999994,32
61424488baaf234b35290696,low_MoS2,2.0,1.0,3.0,17.858402070000004,1.0381,32
614244a54e27a1844a5f071a,low_MoS2,1.0,2.0,3.0,8.513421240000095,1.1417000000000002,32
614244e231cf3ef3d4a9f420,low_MoS2,2.0,1.0,3.0,41.38419713999993,0.3027000000000015,32
614244f1ee0a3fd43fb47f13,low_MoS2,1.0,2.0,3.0,32.14709013000014,0.4012999999999991,32
61424528baaf234b35290698,low_MoS2,2.0,1.0,3.0,17.86585003000004,1.109499999999997,32
614245444e27a1844a5f071c,low_MoS2,1.0,2.0,3.0,8.527175519999926,1.1402,32
6142459f4e27a1844a5f071e,low_MoS2,1.0,2.0,3.0,8.50769065000011,1.148299999999999,32
614245efee0a3fd43fb47f15,low_MoS2,1.0,2.0,3.0,31.95194936000006,0.2485999999999961,32
614245f09cbada84a8676cf7,low_MoS2,0.0,3.0,3.0,-0.8286026699999525,1.8085999999999984,32
614245f04e27a1844a5f0720,low_MoS2,1.0,2.0,3.0,8.502538180000126,1.1428000000000011,32
614246303ac25c70a5c6cb57,low_MoS2,3.0,0.0,3.0,50.81160683,0.3877000000000024,32
6142463d4e27a1844a5f0722,low_MoS2,1.0,2.0,3.0,8.511864869999979,1.1484999999999983,32
6142464831cf3ef3d4a9f422,low_MoS2,2.0,1.0,3.0,41.45670678000006,0.3937999999999988,32
6142466e4e27a1844a5f0724,low_MoS2,1.0,2.0,3.0,8.529703539999925,1.137599999999999,32
6142469e3ac25c70a5c6cb59,low_MoS2,3.0,0.0,3.0,50.82601665999997,0.3410999999999973,32
6142469f4e27a1844a5f0726,low_MoS2,1.0,2.0,3.0,8.542324329999953,1.1429000000000045,32
614246aa31cf3ef3d4a9f424,low_MoS2,2.0,1.0,3.0,41.38344585,0.4126000000000047,32
614246d931cf3ef3d4a9f426,low_MoS2,2.0,1.0,3.0,41.44150555000006,0.4093000000000018,32
614247384e27a1844a5f0728,low_MoS2,1.0,2.0,3.0,8.51356267000008,1.1454999999999984,32
614247469cbada84a8676cf9,low_MoS2,0.0,3.0,3.0,-0.8304911499998866,1.8084999999999951,32
6142475ebaaf234b3529069a,low_MoS2,2.0,1.0,3.0,17.864637140000006,1.106500000000004,32
6142476c3ac25c70a5c6cb5b,low_MoS2,3.0,0.0,3.0,48.83908157000011,0.1524000000000001,32
6142477531cf3ef3d4a9f428,low_MoS2,2.0,1.0,3.0,41.42681747000002,0.3801000000000059,32
61424787baaf234b3529069c,low_MoS2,2.0,1.0,3.0,17.890808820000068,1.096900000000005,32
614247ae4e27a1844a5f072a,low_MoS2,1.0,2.0,3.0,8.532575559999966,1.1392999999999986,32
614247b4ee0a3fd43fb47f17,low_MoS2,1.0,2.0,3.0,32.1281762200001,0.393500000000003,32
614247cfbaaf234b3529069e,low_MoS2,2.0,1.0,3.0,17.866596419999944,1.084299999999999,32
614247df4e27a1844a5f072c,low_MoS2,1.0,2.0,3.0,8.512214569999994,1.1452000000000029,32
614247ec31cf3ef3d4a9f42a,low_MoS2,2.0,1.0,3.0,41.45352199999998,0.3740000000000023,32
614247f03ac25c70a5c6cb5d,low_MoS2,3.0,0.0,3.0,50.312354670000026,0.1389999999999958,32
614248104e27a1844a5f072e,low_MoS2,1.0,2.0,3.0,8.51202213000013,1.1463000000000036,32
6142483b31cf3ef3d4a9f42c,low_MoS2,2.0,1.0,3.0,41.4296147300001,0.383899999999997,32
6142483c4e27a1844a5f0730,low_MoS2,1.0,2.0,3.0,8.513214509999923,1.1459999999999937,32
614248684e27a1844a5f0732,low_MoS2,1.0,2.0,3.0,8.510006140000112,1.1439999999999984,32
6142486abaaf234b352906a0,low_MoS2,2.0,1.0,3.0,17.86811748000013,1.1096999999999966,32
6142486eee0a3fd43fb47f19,low_MoS2,1.0,2.0,3.0,32.14320696999992,0.4022000000000005,32
6142488c31cf3ef3d4a9f42e,low_MoS2,2.0,1.0,3.0,41.47367518999995,0.4147999999999996,32
614248959cbada84a8676cfb,low_MoS2,0.0,3.0,3.0,-0.8313663299999803,1.8096999999999996,32
61424897ee0a3fd43fb47f1b,low_MoS2,1.0,2.0,3.0,32.12149027000008,0.3783999999999992,32
614248ba9cbada84a8676cfd,low_MoS2,0.0,3.0,3.0,-0.8047829999999863,1.808799999999998,32
614248bd31cf3ef3d4a9f430,low_MoS2,2.0,1.0,3.0,41.43216412000011,0.377600000000001,32
614248c4baaf234b352906a2,low_MoS2,2.0,1.0,3.0,17.85334029,1.0933999999999957,32
614248d44e27a1844a5f0734,low_MoS2,1.0,2.0,3.0,8.506161510000108,1.1424999999999983,32
614248d6ee0a3fd43fb47f1d,low_MoS2,1.0,2.0,3.0,32.1443849300001,0.4056999999999959,32
614248dd9cbada84a8676cff,low_MoS2,0.0,3.0,3.0,-0.8336807000000022,1.8098000000000027,32
614248fbee0a3fd43fb47f1f,low_MoS2,1.0,2.0,3.0,32.14240699000014,0.4016999999999981,32
614249009cbada84a8676d01,low_MoS2,0.0,3.0,3.0,-0.8235889800000109,1.8065,32
6142490931cf3ef3d4a9f432,low_MoS2,2.0,1.0,3.0,41.41279535000008,0.3832999999999984,32
6142491f4e27a1844a5f0736,low_MoS2,1.0,2.0,3.0,8.508936859999974,1.1464,32
61424942ee0a3fd43fb47f21,low_MoS2,1.0,2.0,3.0,32.145846619999915,0.4023000000000039,32
6142494a4e27a1844a5f0738,low_MoS2,1.0,2.0,3.0,8.503387790000058,1.1479,32
6142498f4e27a1844a5f073a,low_MoS2,1.0,2.0,3.0,8.504779699999997,1.1468999999999951,32
614249d431cf3ef3d4a9f434,low_MoS2,2.0,1.0,3.0,39.49363514000011,0.1552000000000006,32
614249ebbaaf234b352906a4,low_MoS2,2.0,1.0,3.0,17.86376655000003,1.1096999999999966,32
61424a0331cf3ef3d4a9f436,low_MoS2,2.0,1.0,3.0,41.49019820000008,0.4114999999999966,32
61424a043ac25c70a5c6cb5f,low_MoS2,3.0,0.0,3.0,50.765638140000114,0.3836000000000013,32
61424a0f9cbada84a8676d03,low_MoS2,0.0,3.0,3.0,-0.8326498999999217,1.8096000000000032,32
61424a3331cf3ef3d4a9f438,low_MoS2,2.0,1.0,3.0,41.46475845000005,0.3903999999999996,32
61424a3dee0a3fd43fb47f23,low_MoS2,1.0,2.0,3.0,32.14880536000008,0.4024000000000001,32
61424a3f4e27a1844a5f073c,low_MoS2,1.0,2.0,3.0,8.50681927999997,1.143100000000004,32
61424a7c4e27a1844a5f073e,low_MoS2,1.0,2.0,3.0,8.505311789999976,1.1432000000000002,32
61424aa74e27a1844a5f0740,low_MoS2,1.0,2.0,3.0,8.500782910000023,1.1459000000000046,32
61424aadee0a3fd43fb47f25,low_MoS2,1.0,2.0,3.0,32.137607800000055,0.4037000000000006,32
61424acf3ac25c70a5c6cb61,low_MoS2,3.0,0.0,3.0,48.8359734100001,0.1631,32
61424ad9baaf234b352906a6,low_MoS2,2.0,1.0,3.0,17.879286939999922,0.9600999999999972,32
61424af4ee0a3fd43fb47f27,low_MoS2,1.0,2.0,3.0,32.15708605999997,0.3980999999999994,32
61424afb31cf3ef3d4a9f43a,low_MoS2,2.0,1.0,3.0,41.490392489999934,0.411999999999999,32
61424b2a31cf3ef3d4a9f43c,low_MoS2,2.0,1.0,3.0,41.47047521000009,0.3338999999999998,32
61424b37baaf234b352906a8,low_MoS2,2.0,1.0,3.0,17.93078063999996,0.6525999999999996,32
61424b3f3ac25c70a5c6cb63,low_MoS2,3.0,0.0,3.0,50.81364548999992,0.3458000000000041,32
61424b5f4e27a1844a5f0742,low_MoS2,1.0,2.0,3.0,8.505408860000014,1.1509,32
61424b8831cf3ef3d4a9f43e,low_MoS2,2.0,1.0,3.0,40.972645470000046,0.1567999999999969,32
61424b8a4e27a1844a5f0744,low_MoS2,1.0,2.0,3.0,8.513859960000016,1.1462000000000003,32
61424bb531cf3ef3d4a9f440,low_MoS2,2.0,1.0,3.0,41.48194566000002,0.4122000000000057,32
61424bb94e27a1844a5f0746,low_MoS2,1.0,2.0,3.0,8.511835759999965,1.1452000000000029,32
61424bcb9cbada84a8676d05,low_MoS2,0.0,3.0,3.0,-0.8324517400000673,1.8096000000000032,32
61424be531cf3ef3d4a9f442,low_MoS2,2.0,1.0,3.0,41.4443454700001,0.4097000000000008,32
61424bf03ac25c70a5c6cb65,low_MoS2,3.0,0.0,3.0,50.79854238,0.3767999999999958,32
61424c064e27a1844a5f0748,low_MoS2,1.0,2.0,3.0,8.517420820000122,1.141999999999996,32
61424c0a9cbada84a8676d07,low_MoS2,0.0,3.0,3.0,-0.8012496799998985,1.8067999999999955,32
61424c324e27a1844a5f074a,low_MoS2,1.0,2.0,3.0,8.507031379999969,1.1495000000000033,32
61424c659cbada84a8676d09,low_MoS2,0.0,3.0,3.0,-0.8328191499999207,1.8086999999999944,32
61424c934e27a1844a5f074c,low_MoS2,1.0,2.0,3.0,8.538345539999934,1.1498999999999953,32
61424cbf4e27a1844a5f074e,low_MoS2,1.0,2.0,3.0,8.52868371000002,1.137900000000002,32
61424cd43ac25c70a5c6cb67,low_MoS2,3.0,0.0,3.0,50.77198458000013,0.4186000000000049,32
61424ce19cbada84a8676d0b,low_MoS2,0.0,3.0,3.0,-0.8038940799999068,1.8078000000000003,32
61424d094e27a1844a5f0750,low_MoS2,1.0,2.0,3.0,8.490594130000115,1.1395999999999944,32
61424d0c31cf3ef3d4a9f444,low_MoS2,2.0,1.0,3.0,41.46502868000012,0.3811000000000035,32
61424d10baaf234b352906aa,low_MoS2,2.0,1.0,3.0,17.864496449999926,1.0844000000000025,32
61424d209cbada84a8676d0d,low_MoS2,0.0,3.0,3.0,-0.8329076300000793,1.8059999999999972,32
61424d3e31cf3ef3d4a9f446,low_MoS2,2.0,1.0,3.0,41.43460025999998,0.4102999999999994,32
61424d439cbada84a8676d0f,low_MoS2,0.0,3.0,3.0,-0.8326722799999402,1.8093000000000004,32
61424d443ac25c70a5c6cb69,low_MoS2,3.0,0.0,3.0,50.78880659000007,0.3794000000000039,32
61424d5dbaaf234b352906ac,low_MoS2,2.0,1.0,3.0,17.867193960000115,1.0879000000000048,32
61424d8c31cf3ef3d4a9f448,low_MoS2,2.0,1.0,3.0,41.47611539999998,0.3332999999999941,32
61424d8c4e27a1844a5f0752,low_MoS2,1.0,2.0,3.0,8.514640350000061,1.147200000000005,32
61424d989cbada84a8676d11,low_MoS2,0.0,3.0,3.0,-0.8310648599999126,1.8095,32
61424db63ac25c70a5c6cb6b,low_MoS2,3.0,0.0,3.0,50.80592891000007,0.3449999999999988,32
61424dcf31cf3ef3d4a9f44a,low_MoS2,2.0,1.0,3.0,41.453559750000025,0.3930000000000007,32
61424dd84e27a1844a5f0754,low_MoS2,1.0,2.0,3.0,8.509575909999992,1.1451999999999956,32
61424df6baaf234b352906ae,low_MoS2,2.0,1.0,3.0,17.868471989999982,1.1096000000000004,32
61424e0131cf3ef3d4a9f44c,low_MoS2,2.0,1.0,3.0,41.46306276000014,0.4037000000000006,32
61424e054e27a1844a5f0756,low_MoS2,1.0,2.0,3.0,8.503119140000106,1.1462000000000003,32
61424e1dee0a3fd43fb47f29,low_MoS2,1.0,2.0,3.0,31.95056836999992,0.2504000000000062,32
61424e2b31cf3ef3d4a9f44e,low_MoS2,2.0,1.0,3.0,41.47006813000003,0.3347000000000051,32
61424e303ac25c70a5c6cb6d,low_MoS2,3.0,0.0,3.0,48.83213958999992,0.1529000000000024,32
61424e524e27a1844a5f0758,low_MoS2,1.0,2.0,3.0,8.502286810000012,1.1484000000000023,32
61424e5cee0a3fd43fb47f2b,low_MoS2,1.0,2.0,3.0,32.12035258000013,0.3483000000000018,32
61424ea13ac25c70a5c6cb6f,low_MoS2,3.0,0.0,3.0,50.821373760000064,0.4181000000000026,32
61424ebf31cf3ef3d4a9f450,low_MoS2,2.0,1.0,3.0,41.487942050000086,0.4106000000000023,32
61424ed64e27a1844a5f075a,low_MoS2,1.0,2.0,3.0,8.50235120999994,1.1381999999999977,32
61424f1e4e27a1844a5f075c,low_MoS2,1.0,2.0,3.0,8.511474960000012,1.144999999999996,32
61424f4231cf3ef3d4a9f452,low_MoS2,2.0,1.0,3.0,41.45462403999996,0.3622999999999976,32
61424f664e27a1844a5f075e,low_MoS2,1.0,2.0,3.0,8.505642390000073,1.1422000000000023,32
61424f663ac25c70a5c6cb71,low_MoS2,3.0,0.0,3.0,50.32254361999996,0.1530000000000058,32
61424f6d31cf3ef3d4a9f454,low_MoS2,2.0,1.0,3.0,41.43335158000009,0.4112999999999971,32
61424f7e9cbada84a8676d13,low_MoS2,0.0,3.0,3.0,-0.8280073099999186,1.808800000000005,32
61424fb94e27a1844a5f0760,low_MoS2,1.0,2.0,3.0,8.51099322000007,1.1452000000000029,32
61424fcb31cf3ef3d4a9f456,low_MoS2,2.0,1.0,3.0,41.40831033000013,0.4180000000000063,32
61424fd8ee0a3fd43fb47f2d,low_MoS2,1.0,2.0,3.0,32.14787885000008,0.4011999999999958,32
61424fdb3ac25c70a5c6cb73,low_MoS2,3.0,0.0,3.0,50.28808765,0.1433000000000035,32
61424fe64e27a1844a5f0762,low_MoS2,1.0,2.0,3.0,8.493916590000051,1.1382000000000048,32
61424fefbaaf234b352906b0,low_MoS2,2.0,1.0,3.0,17.888967220000033,1.109499999999997,32
61424ff931cf3ef3d4a9f458,low_MoS2,2.0,1.0,3.0,41.46029027000005,0.336199999999998,32
614250134e27a1844a5f0764,low_MoS2,1.0,2.0,3.0,8.523036640000125,1.142399999999995,32
614250434e27a1844a5f0766,low_MoS2,1.0,2.0,3.0,8.515125780000087,1.1465999999999994,32
6142504931cf3ef3d4a9f45a,low_MoS2,2.0,1.0,3.0,41.42607115999995,0.3829000000000064,32
614250523ac25c70a5c6cb75,low_MoS2,3.0,0.0,3.0,50.30168977999998,0.1606000000000023,32
61425053ee0a3fd43fb47f2f,low_MoS2,1.0,2.0,3.0,32.139451730000005,0.4037000000000006,32
6142509b31cf3ef3d4a9f45c,low_MoS2,2.0,1.0,3.0,41.455677780000045,0.377200000000002,32
6142509cbaaf234b352906b2,low_MoS2,2.0,1.0,3.0,17.894899379999963,0.9534999999999982,32
614250a3ee0a3fd43fb47f31,low_MoS2,1.0,2.0,3.0,32.14899788000001,0.3983999999999952,32
614250b24e27a1844a5f0768,low_MoS2,1.0,2.0,3.0,8.513238629999957,1.1462000000000003,32
614250c731cf3ef3d4a9f45e,low_MoS2,2.0,1.0,3.0,40.97839411000014,0.1575000000000059,32
614250d73ac25c70a5c6cb77,low_MoS2,3.0,0.0,3.0,50.79467162999996,0.3701000000000007,32
614250de4e27a1844a5f076a,low_MoS2,1.0,2.0,3.0,8.514136309999937,1.1455999999999946,32
614250eaee0a3fd43fb47f33,low_MoS2,1.0,2.0,3.0,32.15104160999998,0.4007000000000005,32
614250f131cf3ef3d4a9f460,low_MoS2,2.0,1.0,3.0,41.4029771,0.3708999999999989,32
6142510a4e27a1844a5f076c,low_MoS2,1.0,2.0,3.0,8.50955415000001,1.1445000000000007,32
6142511d31cf3ef3d4a9f462,low_MoS2,2.0,1.0,3.0,41.42398346,0.3803000000000054,32
6142514c31cf3ef3d4a9f464,low_MoS2,2.0,1.0,3.0,41.476447660000034,0.4081000000000045,32
614251654e27a1844a5f076e,low_MoS2,1.0,2.0,3.0,8.505566470000101,1.1405999999999992,32
6142518fee0a3fd43fb47f35,low_MoS2,1.0,2.0,3.0,32.145172760000136,0.4016999999999981,32
614251934e27a1844a5f0770,low_MoS2,1.0,2.0,3.0,8.507860780000126,1.1469000000000025,32
6142519a9cbada84a8676d15,low_MoS2,0.0,3.0,3.0,-0.8333901099999252,1.8074000000000008,32
6142519c31cf3ef3d4a9f466,low_MoS2,2.0,1.0,3.0,41.28450570000014,0.2709000000000046,32
614251be9cbada84a8676d17,low_MoS2,0.0,3.0,3.0,-0.831065249999881,1.8089999999999973,32
614251e39cbada84a8676d19,low_MoS2,0.0,3.0,3.0,-0.8311698699998828,1.808399999999999,32
614251ea4e27a1844a5f0772,low_MoS2,1.0,2.0,3.0,8.511703169999944,1.1448000000000036,32
614252204e27a1844a5f0774,low_MoS2,1.0,2.0,3.0,8.520681550000088,1.145699999999998,32
6142523b3ac25c70a5c6cb79,low_MoS2,3.0,0.0,3.0,50.7755566,0.3918999999999997,32
6142528731cf3ef3d4a9f468,low_MoS2,2.0,1.0,3.0,41.49000636000001,0.4057999999999993,32
6142528d4e27a1844a5f0776,low_MoS2,1.0,2.0,3.0,8.510987830000001,1.145699999999998,32
614252ae3ac25c70a5c6cb7b,low_MoS2,3.0,0.0,3.0,50.32693807000002,0.1535999999999973,32
614252c4baaf234b352906b4,low_MoS2,2.0,1.0,3.0,17.86711798999999,1.1064000000000007,32
614252e631cf3ef3d4a9f46a,low_MoS2,2.0,1.0,3.0,41.47091096000004,0.4125000000000014,32
6142531731cf3ef3d4a9f46c,low_MoS2,2.0,1.0,3.0,41.47850403999992,0.3318999999999974,32
6142531e4e27a1844a5f0778,low_MoS2,1.0,2.0,3.0,8.507827740000064,1.148299999999999,32
614253223ac25c70a5c6cb7d,low_MoS2,3.0,0.0,3.0,50.79354127999992,0.3888999999999996,32
6142535731cf3ef3d4a9f46e,low_MoS2,2.0,1.0,3.0,41.47689867000004,0.3333999999999975,32
61425380baaf234b352906b6,low_MoS2,2.0,1.0,3.0,17.926243079999942,0.6499999999999986,32
6142538131cf3ef3d4a9f470,low_MoS2,2.0,1.0,3.0,40.92799707000013,0.1846000000000032,32
6142539a3ac25c70a5c6cb7f,low_MoS2,3.0,0.0,3.0,50.82196938000008,0.416400000000003,32
614253a94e27a1844a5f077a,low_MoS2,1.0,2.0,3.0,8.513161079999943,1.1454999999999984,32
614253acbaaf234b352906b8,low_MoS2,2.0,1.0,3.0,17.869597549999973,1.109500000000004,32
614253b131cf3ef3d4a9f472,low_MoS2,2.0,1.0,3.0,39.49609432000007,0.1491000000000042,32
614253d7baaf234b352906ba,low_MoS2,2.0,1.0,3.0,17.886682479999983,1.1058999999999983,32
614254064e27a1844a5f077c,low_MoS2,1.0,2.0,3.0,8.512101220000002,1.1462000000000003,32
6142540d3ac25c70a5c6cb81,low_MoS2,3.0,0.0,3.0,50.811066039999936,0.3856999999999999,32
6142543c4e27a1844a5f077e,low_MoS2,1.0,2.0,3.0,8.499875409999984,1.1462000000000003,32
6142544031cf3ef3d4a9f474,low_MoS2,2.0,1.0,3.0,41.435499740000026,0.4095999999999975,32
614254429cbada84a8676d1b,low_MoS2,0.0,3.0,3.0,-0.8337145800000485,1.8078999999999965,32
614254669cbada84a8676d1d,low_MoS2,0.0,3.0,3.0,-0.8316674100000796,1.8091000000000008,32
6142547231cf3ef3d4a9f476,low_MoS2,2.0,1.0,3.0,41.29772743999997,0.2668999999999997,32
614254813ac25c70a5c6cb83,low_MoS2,3.0,0.0,3.0,50.80789560000009,0.4167000000000058,32
614254909cbada84a8676d1f,low_MoS2,0.0,3.0,3.0,-0.8340155200000368,1.8072000000000017,32
614254dc4e27a1844a5f0780,low_MoS2,1.0,2.0,3.0,8.512678390000044,1.1463000000000036,32
614254e231cf3ef3d4a9f478,low_MoS2,2.0,1.0,3.0,41.40305123000003,0.2842999999999946,32
61425508baaf234b352906bc,low_MoS2,2.0,1.0,3.0,17.855175440000032,1.0936999999999983,32
614255094e27a1844a5f0782,low_MoS2,1.0,2.0,3.0,8.513902250000026,1.1462999999999963,32
6142550d31cf3ef3d4a9f47a,low_MoS2,2.0,1.0,3.0,39.49522459999999,0.1538000000000039,32
614255173ac25c70a5c6cb85,low_MoS2,3.0,0.0,3.0,50.77776611000005,0.4166000000000025,32
61425534baaf234b352906be,low_MoS2,2.0,1.0,3.0,17.854852319999956,1.087699999999998,32
6142557531cf3ef3d4a9f47c,low_MoS2,2.0,1.0,3.0,41.47396306000015,0.3357000000000028,32
6142559c3ac25c70a5c6cb87,low_MoS2,3.0,0.0,3.0,50.72909581000014,0.311399999999999,32
614255a631cf3ef3d4a9f47e,low_MoS2,2.0,1.0,3.0,41.46251367999999,0.3629999999999995,32
614255a64e27a1844a5f0784,low_MoS2,1.0,2.0,3.0,8.508876249999982,1.1480999999999997,32
614255d431cf3ef3d4a9f480,low_MoS2,2.0,1.0,3.0,41.467857999999936,0.4142999999999972,32
614255dc4e27a1844a5f0786,low_MoS2,1.0,2.0,3.0,8.512488139999984,1.1475000000000009,32
6142560531cf3ef3d4a9f482,low_MoS2,2.0,1.0,3.0,41.491607160000015,0.4131,32
61425606ee0a3fd43fb47f37,low_MoS2,1.0,2.0,3.0,32.14582126999993,0.4009,32
614256113ac25c70a5c6cb89,low_MoS2,3.0,0.0,3.0,50.83112788999998,0.4247999999999976,32
6142561a4e27a1844a5f0788,low_MoS2,1.0,2.0,3.0,8.506965860000061,1.1488000000000014,32
6142563f31cf3ef3d4a9f484,low_MoS2,2.0,1.0,3.0,41.4678949000001,0.3956999999999979,32
6142565cbaaf234b352906c0,low_MoS2,2.0,1.0,3.0,17.851926240000004,1.0043000000000006,32
6142567031cf3ef3d4a9f486,low_MoS2,2.0,1.0,3.0,41.47771961999997,0.3372000000000028,32
614256893ac25c70a5c6cb8b,low_MoS2,3.0,0.0,3.0,50.3268418700001,0.1477000000000004,32
614256a131cf3ef3d4a9f488,low_MoS2,2.0,1.0,3.0,41.40573990000003,0.3855999999999966,32
614256ab4e27a1844a5f078a,low_MoS2,1.0,2.0,3.0,8.602383780000107,1.1292999999999935,32
614256bb9cbada84a8676d21,low_MoS2,0.0,3.0,3.0,-0.8326569400000494,1.808399999999999,32
614256ce31cf3ef3d4a9f48a,low_MoS2,2.0,1.0,3.0,40.97403823000009,0.1561000000000021,32
614256d5baaf234b352906c2,low_MoS2,2.0,1.0,3.0,17.851726640000145,1.094799999999999,32
614256d84e27a1844a5f078c,low_MoS2,1.0,2.0,3.0,8.528876460000017,1.1392000000000024,32
6142570431cf3ef3d4a9f48c,low_MoS2,2.0,1.0,3.0,41.45740449,0.3759999999999976,32
614257423ac25c70a5c6cb8d,low_MoS2,3.0,0.0,3.0,50.81522819000012,0.3939999999999983,32
6142574f31cf3ef3d4a9f48e,low_MoS2,2.0,1.0,3.0,39.49885482999999,0.1463000000000036,32
6142578331cf3ef3d4a9f490,low_MoS2,2.0,1.0,3.0,41.48527282999994,0.4125000000000014,32
614257acee0a3fd43fb47f39,low_MoS2,1.0,2.0,3.0,32.14601427000001,0.4024000000000001,32
614257b73ac25c70a5c6cb8f,low_MoS2,3.0,0.0,3.0,50.75308761000012,0.303600000000003,32
614257ef9cbada84a8676d23,low_MoS2,0.0,3.0,3.0,-0.831829500000083,1.809599999999996,32
6142580bee0a3fd43fb47f3b,low_MoS2,1.0,2.0,3.0,32.143209430000056,0.4039999999999963,32
6142580b31cf3ef3d4a9f492,low_MoS2,2.0,1.0,3.0,41.48763785000001,0.4129999999999967,32
614258284e27a1844a5f078e,low_MoS2,1.0,2.0,3.0,8.510939009999927,1.1439999999999984,32
6142582dee0a3fd43fb47f3d,low_MoS2,1.0,2.0,3.0,32.15060384000002,0.4009,32
614258363ac25c70a5c6cb91,low_MoS2,3.0,0.0,3.0,50.81244062000011,0.4022999999999967,32
6142585a4e27a1844a5f0790,low_MoS2,1.0,2.0,3.0,8.506011319999995,1.1426000000000016,32
614258a931cf3ef3d4a9f494,low_MoS2,2.0,1.0,3.0,40.92334335999995,0.1251999999999995,32
614258b34e27a1844a5f0792,low_MoS2,1.0,2.0,3.0,8.514015030000134,1.1458999999999977,32
614258e34e27a1844a5f0794,low_MoS2,1.0,2.0,3.0,8.50925071999998,1.1485999999999947,32
6142596331cf3ef3d4a9f496,low_MoS2,2.0,1.0,3.0,41.45761321999994,0.3873999999999995,32
6142599f31cf3ef3d4a9f498,low_MoS2,2.0,1.0,3.0,41.48370137000002,0.4060000000000059,32
614259a54e27a1844a5f0796,low_MoS2,1.0,2.0,3.0,8.512170499999936,1.1477000000000004,32
614259d74e27a1844a5f0798,low_MoS2,1.0,2.0,3.0,8.503718870000082,1.1482000000000028,32
614259db31cf3ef3d4a9f49a,low_MoS2,2.0,1.0,3.0,41.427353819999965,0.4186999999999941,32
614259f2ee0a3fd43fb47f3f,low_MoS2,1.0,2.0,3.0,32.08754118,0.4050000000000011,32
61425a159cbada84a8676d25,low_MoS2,0.0,3.0,3.0,-0.8323268700000312,1.8085999999999984,32
61425a604e27a1844a5f079a,low_MoS2,1.0,2.0,3.0,8.525131730000137,1.1304000000000016,32
61425a65ee0a3fd43fb47f41,low_MoS2,1.0,2.0,3.0,32.14693944999998,0.4049000000000049,32
61425a759cbada84a8676d27,low_MoS2,0.0,3.0,3.0,-0.828559329999905,1.8084999999999951,32
61425a7631cf3ef3d4a9f49c,low_MoS2,2.0,1.0,3.0,41.47572858000008,0.4144000000000005,32
61425aac31cf3ef3d4a9f49e,low_MoS2,2.0,1.0,3.0,40.97080636999995,0.1569999999999964,32
61425ab24e27a1844a5f079c,low_MoS2,1.0,2.0,3.0,8.503385730000016,1.146100000000004,32
61425ae631cf3ef3d4a9f4a0,low_MoS2,2.0,1.0,3.0,41.40367001,0.2974999999999994,32
61425b1631cf3ef3d4a9f4a2,low_MoS2,2.0,1.0,3.0,41.47527757000008,0.4135999999999953,32
61425b184e27a1844a5f079e,low_MoS2,1.0,2.0,3.0,8.533584950000002,1.1390999999999991,32
61425b223ac25c70a5c6cb93,low_MoS2,3.0,0.0,3.0,50.714717819999954,0.3607999999999975,32
61425b4e31cf3ef3d4a9f4a4,low_MoS2,2.0,1.0,3.0,41.43933060000013,0.4108000000000018,32
61425b6d4e27a1844a5f07a0,low_MoS2,1.0,2.0,3.0,8.525349140000142,1.1385000000000003,32
61425b9e4e27a1844a5f07a2,low_MoS2,1.0,2.0,3.0,8.54047958999993,1.144599999999997,32
61425bce31cf3ef3d4a9f4a6,low_MoS2,2.0,1.0,3.0,41.49630500000008,0.4150000000000062,32
61425bde9cbada84a8676d29,low_MoS2,0.0,3.0,3.0,-0.8300429999998755,1.808,32
61425be63ac25c70a5c6cb95,low_MoS2,3.0,0.0,3.0,50.82871538999999,0.4248000000000047,32
61425bf54e27a1844a5f07a4,low_MoS2,1.0,2.0,3.0,8.514827510000057,1.1477000000000004,32
61425c149cbada84a8676d2b,low_MoS2,0.0,3.0,3.0,-0.8041044599999054,1.809899999999999,32
61425c684e27a1844a5f07a6,low_MoS2,1.0,2.0,3.0,8.516514760000089,1.1372,32
61425c6bbaaf234b352906c4,low_MoS2,2.0,1.0,3.0,17.86084159999995,1.035499999999999,32
61425c7331cf3ef3d4a9f4a8,low_MoS2,2.0,1.0,3.0,41.41416051999995,0.4196000000000026,32
61425c819cbada84a8676d2d,low_MoS2,0.0,3.0,3.0,-0.8313867599999298,1.8096999999999996,32
61425c963ac25c70a5c6cb97,low_MoS2,3.0,0.0,3.0,50.76930811000003,0.4179999999999992,32
61425c974e27a1844a5f07a8,low_MoS2,1.0,2.0,3.0,8.53278877000005,1.1479,32
61425ca231cf3ef3d4a9f4aa,low_MoS2,2.0,1.0,3.0,41.47335620999998,0.4158000000000044,32
61425cdbbaaf234b352906c6,low_MoS2,2.0,1.0,3.0,17.82527427000013,0.9416000000000012,32
61425d0d3ac25c70a5c6cb99,low_MoS2,3.0,0.0,3.0,50.33203747000008,0.1608000000000018,32
61425d3a4e27a1844a5f07aa,low_MoS2,1.0,2.0,3.0,8.506124199999956,1.1454000000000022,32
61425da39cbada84a8676d2f,low_MoS2,0.0,3.0,3.0,-0.8288562199999774,1.8078999999999965,32
61425da44e27a1844a5f07ac,low_MoS2,1.0,2.0,3.0,8.511684920000132,1.1455999999999946,32
61425dcaee0a3fd43fb47f43,low_MoS2,1.0,2.0,3.0,32.15124869999998,0.4054999999999964,32
61425ddebaaf234b352906c8,low_MoS2,2.0,1.0,3.0,17.86686823000013,1.1067999999999998,32
61425de031cf3ef3d4a9f4ac,low_MoS2,2.0,1.0,3.0,41.28061702000009,0.262599999999999,32
61425e063ac25c70a5c6cb9b,low_MoS2,3.0,0.0,3.0,50.76726206000004,0.3751999999999995,32
61425e104e27a1844a5f07ae,low_MoS2,1.0,2.0,3.0,8.51774892999995,1.1433999999999995,32
61425e11baaf234b352906ca,low_MoS2,2.0,1.0,3.0,17.866922540000125,1.110199999999999,32
61425e4d31cf3ef3d4a9f4ae,low_MoS2,2.0,1.0,3.0,40.97193095000007,0.1539000000000001,32
61425e70baaf234b352906cc,low_MoS2,2.0,1.0,3.0,17.89132270000004,1.115400000000001,32
61425e7c31cf3ef3d4a9f4b0,low_MoS2,2.0,1.0,3.0,41.4492570500001,0.3785999999999987,32
61425e96ee0a3fd43fb47f45,low_MoS2,1.0,2.0,3.0,32.16826665999996,0.3814999999999955,32
61425ea83ac25c70a5c6cb9d,low_MoS2,3.0,0.0,3.0,50.33055389999996,0.1537999999999968,32
61425eaa31cf3ef3d4a9f4b2,low_MoS2,2.0,1.0,3.0,41.458435500000135,0.3780000000000001,32
61425eb84e27a1844a5f07b0,low_MoS2,1.0,2.0,3.0,8.508904040000086,1.147999999999996,32
61425eef9cbada84a8676d31,low_MoS2,0.0,3.0,3.0,-0.8319355799998789,1.8098000000000027,32
61425f203ac25c70a5c6cb9f,low_MoS2,3.0,0.0,3.0,50.77124216000008,0.3873000000000033,32
61425f434e27a1844a5f07b2,low_MoS2,1.0,2.0,3.0,8.504973990000078,1.1448999999999998,32
61425f9a3ac25c70a5c6cba1,low_MoS2,3.0,0.0,3.0,50.70836517000013,0.3092000000000041,32
61425fa24e27a1844a5f07b4,low_MoS2,1.0,2.0,3.0,8.511811620000142,1.146799999999999,32
61425fad31cf3ef3d4a9f4b4,low_MoS2,2.0,1.0,3.0,41.436255739999936,0.3855000000000004,32
61425fb79cbada84a8676d33,low_MoS2,0.0,3.0,3.0,-0.8329715599999759,1.808799999999998,32
61425ff09cbada84a8676d35,low_MoS2,0.0,3.0,3.0,-0.8034842100000219,1.8076000000000008,32
614260359cbada84a8676d37,low_MoS2,0.0,3.0,3.0,-0.8037155100000177,1.8078000000000003,32
6142606f4e27a1844a5f07b6,low_MoS2,1.0,2.0,3.0,8.512999380000135,1.1444999999999936,32
614260763ac25c70a5c6cba3,low_MoS2,3.0,0.0,3.0,50.76434284000008,0.3751999999999995,32
614260afee0a3fd43fb47f47,low_MoS2,1.0,2.0,3.0,32.12833575000012,0.3492999999999995,32
614260e64e27a1844a5f07b8,low_MoS2,1.0,2.0,3.0,8.543544120000004,1.1448000000000036,32
614260ebbaaf234b352906ce,low_MoS2,2.0,1.0,3.0,17.905715569999977,1.117900000000006,32
614260f731cf3ef3d4a9f4b6,low_MoS2,2.0,1.0,3.0,41.47121355000009,0.3359000000000023,32
6142610c9cbada84a8676d39,low_MoS2,0.0,3.0,3.0,-0.8318264700000668,1.8081999999999996,32
614261344e27a1844a5f07ba,low_MoS2,1.0,2.0,3.0,8.51376723000001,1.1418999999999997,32
6142615131cf3ef3d4a9f4b8,low_MoS2,2.0,1.0,3.0,41.42555065999996,0.4159999999999968,32
614261644e27a1844a5f07bc,low_MoS2,1.0,2.0,3.0,8.50941216999993,1.1447999999999965,32
614261954e27a1844a5f07be,low_MoS2,1.0,2.0,3.0,8.511440860000018,1.1477999999999966,32
614261b231cf3ef3d4a9f4ba,low_MoS2,2.0,1.0,3.0,41.460067720000055,0.3956000000000017,32
614261d49cbada84a8676d3b,low_MoS2,0.0,3.0,3.0,-0.822227509999891,1.8068999999999988,32
614261e231cf3ef3d4a9f4bc,low_MoS2,2.0,1.0,3.0,41.26055736999997,0.2582000000000022,32
614262023ac25c70a5c6cba5,low_MoS2,3.0,0.0,3.0,50.82535503,0.3412000000000006,32
614262264e27a1844a5f07c0,low_MoS2,1.0,2.0,3.0,8.505839590000075,1.1382000000000048,32
6142623531cf3ef3d4a9f4be,low_MoS2,2.0,1.0,3.0,40.971984219999925,0.1499000000000023,32
6142627631cf3ef3d4a9f4c0,low_MoS2,2.0,1.0,3.0,41.41566957000005,0.3435000000000059,32
614262a59cbada84a8676d3d,low_MoS2,0.0,3.0,3.0,-0.8318507199998635,1.8095,32
614262a531cf3ef3d4a9f4c2,low_MoS2,2.0,1.0,3.0,41.45303996000003,0.3639999999999972,32
614262f63ac25c70a5c6cba7,low_MoS2,3.0,0.0,3.0,50.79344677999999,0.4061999999999983,32
614262f931cf3ef3d4a9f4c4,low_MoS2,2.0,1.0,3.0,41.43012427999993,0.4092999999999946,32
6142631b4e27a1844a5f07c2,low_MoS2,1.0,2.0,3.0,8.51226477999992,1.145699999999998,32
6142632931cf3ef3d4a9f4c6,low_MoS2,2.0,1.0,3.0,39.5013771200001,0.152000000000001,32
6142634c4e27a1844a5f07c4,low_MoS2,1.0,2.0,3.0,8.514917360000052,1.1452999999999989,32
6142636331cf3ef3d4a9f4c8,low_MoS2,2.0,1.0,3.0,41.47083964999997,0.4154999999999944,32
6142636f3ac25c70a5c6cba9,low_MoS2,3.0,0.0,3.0,48.451991090000014,0.1667000000000058,32
61426378baaf234b352906d0,low_MoS2,2.0,1.0,3.0,17.951265140000025,0.6458000000000013,32
6142639331cf3ef3d4a9f4ca,low_MoS2,2.0,1.0,3.0,41.43823296000001,0.3804000000000016,32
614263c331cf3ef3d4a9f4cc,low_MoS2,2.0,1.0,3.0,41.46323365999997,0.3873000000000033,32
6142640dee0a3fd43fb47f49,low_MoS2,1.0,2.0,3.0,31.954963359999955,0.2640000000000029,32
6142643431cf3ef3d4a9f4ce,low_MoS2,2.0,1.0,3.0,41.4664643600001,0.4136999999999986,32
614264474e27a1844a5f07c6,low_MoS2,1.0,2.0,3.0,8.502311550000083,1.1488000000000014,32
6142648a9cbada84a8676d3f,low_MoS2,0.0,3.0,3.0,-0.8326441099999897,1.8093999999999968,32
614264a13ac25c70a5c6cbab,low_MoS2,3.0,0.0,3.0,50.81873278000004,0.4037000000000006,32
614264cb31cf3ef3d4a9f4d0,low_MoS2,2.0,1.0,3.0,41.29042086,0.2570999999999941,32
614264fe31cf3ef3d4a9f4d2,low_MoS2,2.0,1.0,3.0,41.46181128999997,0.3710000000000022,32
6142653ebaaf234b352906d2,low_MoS2,2.0,1.0,3.0,17.849220309999957,1.0017999999999958,32
6142654c31cf3ef3d4a9f4d4,low_MoS2,2.0,1.0,3.0,41.49029999,0.4165000000000063,32
6142654d3ac25c70a5c6cbad,low_MoS2,3.0,0.0,3.0,50.82077364000012,0.3406999999999982,32
614265604e27a1844a5f07c8,low_MoS2,1.0,2.0,3.0,8.50825949999992,1.1467000000000027,32
614265a431cf3ef3d4a9f4d6,low_MoS2,2.0,1.0,3.0,41.455155810000136,0.4009,32
614265b54e27a1844a5f07ca,low_MoS2,1.0,2.0,3.0,8.51404976000006,1.1480999999999997,32
614266539cbada84a8676d41,low_MoS2,0.0,3.0,3.0,-0.8329626799999801,1.8095,32
6142665fee0a3fd43fb47f4b,low_MoS2,1.0,2.0,3.0,32.14522263000002,0.4018000000000015,32
6142666131cf3ef3d4a9f4d8,low_MoS2,2.0,1.0,3.0,41.44815919000003,0.3423000000000016,32
6142669031cf3ef3d4a9f4da,low_MoS2,2.0,1.0,3.0,41.460054430000085,0.3930999999999969,32
614266963ac25c70a5c6cbaf,low_MoS2,3.0,0.0,3.0,50.79074071000006,0.3728000000000051,32
6142669cee0a3fd43fb47f4d,low_MoS2,1.0,2.0,3.0,32.14401704999999,0.4059000000000026,32
614266bf31cf3ef3d4a9f4dc,low_MoS2,2.0,1.0,3.0,40.99788441000005,0.1516999999999981,32
614266fabaaf234b352906d4,low_MoS2,2.0,1.0,3.0,17.860504669999948,1.1113,32
614267533ac25c70a5c6cbb1,low_MoS2,3.0,0.0,3.0,50.76073897999997,0.4162999999999996,32
6142676b31cf3ef3d4a9f4de,low_MoS2,2.0,1.0,3.0,41.4541375400001,0.3786999999999949,32
61426787ee0a3fd43fb47f4f,low_MoS2,1.0,2.0,3.0,32.14692218999993,0.4031999999999982,32
614267a74e27a1844a5f07cc,low_MoS2,1.0,2.0,3.0,8.51622296999997,1.1447999999999965,32
614267c1baaf234b352906d6,low_MoS2,2.0,1.0,3.0,17.890607479999964,1.1281999999999996,32
614267cd3ac25c70a5c6cbb3,low_MoS2,3.0,0.0,3.0,50.86289174999994,0.3678000000000025,32
614267d79cbada84a8676d43,low_MoS2,0.0,3.0,3.0,-0.8338499900000329,1.8085999999999984,32
614267eebaaf234b352906d8,low_MoS2,2.0,1.0,3.0,17.850025350000116,1.0829999999999984,32
6142680f4e27a1844a5f07ce,low_MoS2,1.0,2.0,3.0,8.505372260000083,1.1473999999999975,32
6142683eee0a3fd43fb47f51,low_MoS2,1.0,2.0,3.0,32.13988766999999,0.4035999999999973,32
614268493ac25c70a5c6cbb5,low_MoS2,3.0,0.0,3.0,48.83762042999994,0.1505999999999971,32
6142686231cf3ef3d4a9f4e0,low_MoS2,2.0,1.0,3.0,41.44779667999997,0.377200000000002,32
614268a631cf3ef3d4a9f4e2,low_MoS2,2.0,1.0,3.0,40.97485163000006,0.1563999999999978,32
614268b0ee0a3fd43fb47f53,low_MoS2,1.0,2.0,3.0,32.14196469000011,0.4027000000000029,32
614268bc4e27a1844a5f07d0,low_MoS2,1.0,2.0,3.0,8.514143399999991,1.142000000000003,32
614268db31cf3ef3d4a9f4e4,low_MoS2,2.0,1.0,3.0,39.50046413000014,0.1494999999999962,32
6142691a3ac25c70a5c6cbb7,low_MoS2,3.0,0.0,3.0,50.83629144000012,0.1511999999999957,32
6142692831cf3ef3d4a9f4e6,low_MoS2,2.0,1.0,3.0,39.49539949000014,0.1441000000000016,32
6142693dee0a3fd43fb47f55,low_MoS2,1.0,2.0,3.0,32.15219102000013,0.4029999999999987,32
614269594e27a1844a5f07d2,low_MoS2,1.0,2.0,3.0,8.53575436000008,1.1492000000000004,32
6142698531cf3ef3d4a9f4e8,low_MoS2,2.0,1.0,3.0,41.46916533000008,0.3898999999999972,32
614269993ac25c70a5c6cbb9,low_MoS2,3.0,0.0,3.0,50.805510410000046,0.340600000000002,32
61426a2031cf3ef3d4a9f4ea,low_MoS2,2.0,1.0,3.0,40.77917599999997,0.2040000000000006,32
61426a324e27a1844a5f07d4,low_MoS2,1.0,2.0,3.0,8.515143659999946,1.146799999999999,32
61426a4cee0a3fd43fb47f57,low_MoS2,1.0,2.0,3.0,31.94975741999996,0.2515,32
61426a8b4e27a1844a5f07d6,low_MoS2,1.0,2.0,3.0,8.514383579999983,1.1415000000000006,32
61426aa03ac25c70a5c6cbbb,low_MoS2,3.0,0.0,3.0,50.28878008000007,0.1500999999999948,32
61426abd31cf3ef3d4a9f4ec,low_MoS2,2.0,1.0,3.0,41.45729163000006,0.3892999999999986,32
61426ad8baaf234b352906da,low_MoS2,2.0,1.0,3.0,17.88410644000009,1.103900000000003,32
61426b004e27a1844a5f07d8,low_MoS2,1.0,2.0,3.0,8.503546339999982,1.1464,32
61426b1c3ac25c70a5c6cbbd,low_MoS2,3.0,0.0,3.0,48.85765144000008,0.126100000000001,32
61426b2231cf3ef3d4a9f4ee,low_MoS2,2.0,1.0,3.0,41.45348864000012,0.3796999999999997,32
61426b594e27a1844a5f07da,low_MoS2,1.0,2.0,3.0,8.511226769999919,1.1432000000000002,32
61426bd84e27a1844a5f07dc,low_MoS2,1.0,2.0,3.0,8.514418300000013,1.144999999999996,32
61426bdc31cf3ef3d4a9f4f0,low_MoS2,2.0,1.0,3.0,39.497007460000034,0.1525000000000034,32
61426bef9cbada84a8676d45,low_MoS2,0.0,3.0,3.0,-0.8303629500000511,1.8081999999999996,32
61426c06baaf234b352906dc,low_MoS2,2.0,1.0,3.0,17.872841439999995,1.1052999999999995,32
61426c429cbada84a8676d47,low_MoS2,0.0,3.0,3.0,-0.8236858099998585,1.8074000000000008,32
61426c604e27a1844a5f07de,low_MoS2,1.0,2.0,3.0,8.518496670000129,1.1421999999999954,32
61426c6431cf3ef3d4a9f4f2,low_MoS2,2.0,1.0,3.0,41.4844378100001,0.4140000000000015,32
61426c9431cf3ef3d4a9f4f4,low_MoS2,2.0,1.0,3.0,41.446204390000005,0.3894000000000019,32
61426cea31cf3ef3d4a9f4f6,low_MoS2,2.0,1.0,3.0,41.28560020999994,0.2689000000000021,32
61426d0b3ac25c70a5c6cbbf,low_MoS2,3.0,0.0,3.0,50.74115294000004,0.384999999999998,32
61426d284e27a1844a5f07e0,low_MoS2,1.0,2.0,3.0,8.596879770000012,1.129199999999997,32
61426d3f9cbada84a8676d49,low_MoS2,0.0,3.0,3.0,-0.8295947399998909,1.8071999999999944,32
61426d61baaf234b352906de,low_MoS2,2.0,1.0,3.0,17.885626649999942,1.1041999999999987,32
61426d624e27a1844a5f07e2,low_MoS2,1.0,2.0,3.0,8.50579889999997,1.137599999999999,32
61426d873ac25c70a5c6cbc1,low_MoS2,3.0,0.0,3.0,50.77467519000008,0.3695000000000021,32
61426daf4e27a1844a5f07e4,low_MoS2,1.0,2.0,3.0,8.509099950000088,1.1447000000000005,32
61426dea31cf3ef3d4a9f4f8,low_MoS2,2.0,1.0,3.0,41.42056504000011,0.4164999999999992,32
61426e033ac25c70a5c6cbc3,low_MoS2,3.0,0.0,3.0,50.82650234999998,0.4262999999999977,32
61426e4431cf3ef3d4a9f4fa,low_MoS2,2.0,1.0,3.0,41.42762088000013,0.3798999999999992,32
61426e454e27a1844a5f07e6,low_MoS2,1.0,2.0,3.0,8.515450180000041,1.1437999999999988,32
61426e803ac25c70a5c6cbc5,low_MoS2,3.0,0.0,3.0,50.82310434999992,0.427900000000001,32
61426e914e27a1844a5f07e8,low_MoS2,1.0,2.0,3.0,8.51120132000008,1.1443000000000012,32
61426ec64e27a1844a5f07ea,low_MoS2,1.0,2.0,3.0,8.513053100000004,1.1450999999999991,32
61426ec831cf3ef3d4a9f4fc,low_MoS2,2.0,1.0,3.0,41.42799142999998,0.4107000000000056,32
61426f34baaf234b352906e0,low_MoS2,2.0,1.0,3.0,17.86844607000011,1.0906999999999982,32
61426f3f31cf3ef3d4a9f4fe,low_MoS2,2.0,1.0,3.0,41.47972709999995,0.3304999999999936,32
61426f409cbada84a8676d4b,low_MoS2,0.0,3.0,3.0,-0.8335158799999931,1.8068000000000024,32
61426f414e27a1844a5f07ec,low_MoS2,1.0,2.0,3.0,8.528586550000025,1.138300000000001,32
61426f734e27a1844a5f07ee,low_MoS2,1.0,2.0,3.0,8.575398129999964,1.1311000000000035,32
61426f963ac25c70a5c6cbc7,low_MoS2,3.0,0.0,3.0,48.83464762999999,0.1717000000000013,32
61426fa64e27a1844a5f07f0,low_MoS2,1.0,2.0,3.0,8.514049110000112,1.1465999999999994,32
614270433ac25c70a5c6cbc9,low_MoS2,3.0,0.0,3.0,50.80253452000003,0.3906999999999954,32
6142706cbaaf234b352906e2,low_MoS2,2.0,1.0,3.0,17.869406320000046,1.1097000000000037,32
614270b44e27a1844a5f07f2,low_MoS2,1.0,2.0,3.0,8.512429240000099,1.1460000000000008,32
614270c33ac25c70a5c6cbcb,low_MoS2,3.0,0.0,3.0,50.74251937,0.3866999999999976,32
614270cf31cf3ef3d4a9f500,low_MoS2,2.0,1.0,3.0,41.42417023000003,0.3802999999999983,32
614270e3baaf234b352906e4,low_MoS2,2.0,1.0,3.0,17.898613020000077,1.1167999999999978,32
6142710b4e27a1844a5f07f4,low_MoS2,1.0,2.0,3.0,8.539315250000097,1.1450999999999991,32
6142715a3ac25c70a5c6cbcd,low_MoS2,3.0,0.0,3.0,50.80587838000012,0.389800000000001,32
6142718731cf3ef3d4a9f502,low_MoS2,2.0,1.0,3.0,41.42788259000004,0.3854000000000042,32
614271eb3ac25c70a5c6cbcf,low_MoS2,3.0,0.0,3.0,50.763636430000055,0.3917000000000001,32
614271ee31cf3ef3d4a9f504,low_MoS2,2.0,1.0,3.0,41.43646127000007,0.4118999999999957,32
614272024e27a1844a5f07f6,low_MoS2,1.0,2.0,3.0,8.51515315999998,1.1462000000000003,32
614272454e27a1844a5f07f8,low_MoS2,1.0,2.0,3.0,8.515289960000043,1.145300000000006,32
6142725fee0a3fd43fb47f59,low_MoS2,1.0,2.0,3.0,31.951791230000016,0.2702000000000026,32
614272693ac25c70a5c6cbd1,low_MoS2,3.0,0.0,3.0,48.84754650999995,0.1625999999999976,32
6142728431cf3ef3d4a9f506,low_MoS2,2.0,1.0,3.0,41.47150477999999,0.3346000000000018,32
614272ab4e27a1844a5f07fa,low_MoS2,1.0,2.0,3.0,8.513861590000058,1.1454999999999984,32
614272b331cf3ef3d4a9f508,low_MoS2,2.0,1.0,3.0,41.45855322999997,0.3734000000000037,32
614272e531cf3ef3d4a9f50a,low_MoS2,2.0,1.0,3.0,41.46225722000004,0.397199999999998,32
614272f2ee0a3fd43fb47f5b,low_MoS2,1.0,2.0,3.0,32.131710509999934,0.3973999999999975,32
6142730d3ac25c70a5c6cbd3,low_MoS2,3.0,0.0,3.0,50.80182742000003,0.3714000000000013,32
6142731531cf3ef3d4a9f50c,low_MoS2,2.0,1.0,3.0,41.42378267,0.3781999999999996,32
6142734831cf3ef3d4a9f50e,low_MoS2,2.0,1.0,3.0,41.43958407999999,0.3748999999999967,32
61427355baaf234b352906e6,low_MoS2,2.0,1.0,3.0,17.874348120000143,0.9610000000000056,32
6142738b3ac25c70a5c6cbd5,low_MoS2,3.0,0.0,3.0,50.80923464999993,0.3402000000000029,32
6142739931cf3ef3d4a9f510,low_MoS2,2.0,1.0,3.0,41.45987050000004,0.4134000000000029,32
614273aeee0a3fd43fb47f5d,low_MoS2,1.0,2.0,3.0,32.1540304,0.3977999999999966,32
614273c6baaf234b352906e8,low_MoS2,2.0,1.0,3.0,17.903675570000125,1.1173000000000002,32
614273c74e27a1844a5f07fc,low_MoS2,1.0,2.0,3.0,8.503909950000004,1.1458000000000013,32
614273d3ee0a3fd43fb47f5f,low_MoS2,1.0,2.0,3.0,32.15305353999996,0.4014999999999986,32
614274164e27a1844a5f07fe,low_MoS2,1.0,2.0,3.0,8.506660060000083,1.1481999999999957,32
6142743f31cf3ef3d4a9f512,low_MoS2,2.0,1.0,3.0,41.46035588000014,0.3819999999999979,32
614274464e27a1844a5f0800,low_MoS2,1.0,2.0,3.0,8.507099270000051,1.1432000000000002,32
614274b231cf3ef3d4a9f514,low_MoS2,2.0,1.0,3.0,41.44800238000012,0.3591999999999942,32
614274c03ac25c70a5c6cbd7,low_MoS2,3.0,0.0,3.0,48.8013384,0.1828000000000003,32
614274df4e27a1844a5f0802,low_MoS2,1.0,2.0,3.0,8.506696259999924,1.1370000000000005,32
614274e031cf3ef3d4a9f516,low_MoS2,2.0,1.0,3.0,40.9721717500001,0.1540000000000034,32
6142750f31cf3ef3d4a9f518,low_MoS2,2.0,1.0,3.0,41.48049677000013,0.4119000000000028,32
6142757031cf3ef3d4a9f51a,low_MoS2,2.0,1.0,3.0,41.43416096999995,0.3851000000000013,32
614275a34e27a1844a5f0804,low_MoS2,1.0,2.0,3.0,8.514672580000049,1.1462000000000003,32
614275af9cbada84a8676d4d,low_MoS2,0.0,3.0,3.0,-0.8324780199999964,1.809400000000004,32
614275bc3ac25c70a5c6cbd9,low_MoS2,3.0,0.0,3.0,50.82357042999994,0.4226999999999989,32
614275d631cf3ef3d4a9f51c,low_MoS2,2.0,1.0,3.0,41.469985749999935,0.3752999999999957,32
61427604baaf234b352906ea,low_MoS2,2.0,1.0,3.0,17.897998520000094,1.1274999999999975,32
6142763c4e27a1844a5f0806,low_MoS2,1.0,2.0,3.0,8.514040250000132,1.141600000000004,32
614276a631cf3ef3d4a9f51e,low_MoS2,2.0,1.0,3.0,41.46593367999999,0.3911999999999977,32
614277163ac25c70a5c6cbdb,low_MoS2,3.0,0.0,3.0,48.841755569999954,0.1551000000000044,32
614277844e27a1844a5f0808,low_MoS2,1.0,2.0,3.0,8.511619410000119,1.1437000000000026,32
6142779f31cf3ef3d4a9f520,low_MoS2,2.0,1.0,3.0,41.46583312000003,0.3372000000000028,32
614277b74e27a1844a5f080a,low_MoS2,1.0,2.0,3.0,8.50646370999996,1.149799999999999,32
614277dbee0a3fd43fb47f61,low_MoS2,1.0,2.0,3.0,31.95939822000013,0.2644000000000019,32
614277eb4e27a1844a5f080c,low_MoS2,1.0,2.0,3.0,8.51069664000013,1.1474000000000046,32
614277f09cbada84a8676d4f,low_MoS2,0.0,3.0,3.0,-0.8058145300000774,1.8093000000000004,32
6142786c4e27a1844a5f080e,low_MoS2,1.0,2.0,3.0,8.511460559999957,1.145700000000005,32
614278d0baaf234b352906ec,low_MoS2,2.0,1.0,3.0,17.887669610000096,0.9580000000000056,32
614278d631cf3ef3d4a9f522,low_MoS2,2.0,1.0,3.0,41.4510170600001,0.3886000000000038,32
6142791731cf3ef3d4a9f524,low_MoS2,2.0,1.0,3.0,41.390764030000085,0.290700000000001,32
614279304e27a1844a5f0810,low_MoS2,1.0,2.0,3.0,8.516064520000125,1.1450999999999991,32
61427945baaf234b352906ee,low_MoS2,2.0,1.0,3.0,17.859805960000124,1.0015,32
614279614e27a1844a5f0812,low_MoS2,1.0,2.0,3.0,8.513019680000095,1.1451999999999956,32
614279a131cf3ef3d4a9f526,low_MoS2,2.0,1.0,3.0,40.75976421000014,0.3087000000000017,32
614279ac3ac25c70a5c6cbdd,low_MoS2,3.0,0.0,3.0,50.33689676999999,0.1564999999999941,32
614279dd4e27a1844a5f0814,low_MoS2,1.0,2.0,3.0,8.505822699999978,1.1481999999999957,32
61427a0e31cf3ef3d4a9f528,low_MoS2,2.0,1.0,3.0,41.45908350999999,0.3962000000000003,32
61427a2d4e27a1844a5f0816,low_MoS2,1.0,2.0,3.0,8.552402650000001,1.1806999999999943,32
61427a8931cf3ef3d4a9f52a,low_MoS2,2.0,1.0,3.0,41.47390317999994,0.332100000000004,32
61427aa34e27a1844a5f0818,low_MoS2,1.0,2.0,3.0,8.505638460000025,1.1495999999999995,32
61427ad931cf3ef3d4a9f52c,low_MoS2,2.0,1.0,3.0,39.49911525000012,0.1483999999999952,32
61427af14e27a1844a5f081a,low_MoS2,1.0,2.0,3.0,8.512118619999935,1.147300000000001,32
61427b299cbada84a8676d51,low_MoS2,0.0,3.0,3.0,-0.8290048499999898,1.808,32
61427b6f31cf3ef3d4a9f52e,low_MoS2,2.0,1.0,3.0,41.45310751999996,0.3803000000000054,32
61427ba431cf3ef3d4a9f530,low_MoS2,2.0,1.0,3.0,41.45862370000005,0.358399999999996,32
61427bbf3ac25c70a5c6cbdf,low_MoS2,3.0,0.0,3.0,50.76914352999999,0.3752000000000066,32
61427c039cbada84a8676d53,low_MoS2,0.0,3.0,3.0,-0.8306599699998856,1.8076000000000008,32
61427c194e27a1844a5f081c,low_MoS2,1.0,2.0,3.0,8.513209010000107,1.1448999999999998,32
61427c3e31cf3ef3d4a9f532,low_MoS2,2.0,1.0,3.0,41.41137893000014,0.3997000000000028,32
61427c8031cf3ef3d4a9f534,low_MoS2,2.0,1.0,3.0,41.48352818000008,0.4117999999999995,32
61427c824e27a1844a5f081e,low_MoS2,1.0,2.0,3.0,8.505615370000012,1.1454999999999984,32
61427d074e27a1844a5f0820,low_MoS2,1.0,2.0,3.0,8.511906819999947,1.1452999999999989,32
61427d0f9cbada84a8676d55,low_MoS2,0.0,3.0,3.0,-0.8290859399998567,1.807299999999998,32
61427d484e27a1844a5f0822,low_MoS2,1.0,2.0,3.0,8.544333340000119,1.1433999999999995,32
61427d673ac25c70a5c6cbe1,low_MoS2,3.0,0.0,3.0,50.812318960000006,0.379800000000003,32
61427d7b31cf3ef3d4a9f536,low_MoS2,2.0,1.0,3.0,41.45090818000013,0.3742000000000018,32
61427db69cbada84a8676d57,low_MoS2,0.0,3.0,3.0,-0.832003279999924,1.8100999999999985,32
61427db94e27a1844a5f0824,low_MoS2,1.0,2.0,3.0,8.515341190000097,1.148299999999999,32
61427df2baaf234b352906f0,low_MoS2,2.0,1.0,3.0,17.870801609999937,1.1096999999999966,32
61427e0231cf3ef3d4a9f538,low_MoS2,2.0,1.0,3.0,41.48746660000002,0.4123000000000019,32
61427e249cbada84a8676d59,low_MoS2,0.0,3.0,3.0,-0.8314222500000028,1.809400000000004,32
61427e6131cf3ef3d4a9f53a,low_MoS2,2.0,1.0,3.0,41.36498548000005,0.2962999999999951,32
61427e954e27a1844a5f0826,low_MoS2,1.0,2.0,3.0,8.514095250000107,1.1479,32
61427eaa31cf3ef3d4a9f53c,low_MoS2,2.0,1.0,3.0,41.45321357000008,0.3785000000000025,32
61427edf31cf3ef3d4a9f53e,low_MoS2,2.0,1.0,3.0,41.48334923000012,0.4099000000000004,32
61427f064e27a1844a5f0828,low_MoS2,1.0,2.0,3.0,8.52850384000001,1.137999999999998,32
61427f4231cf3ef3d4a9f540,low_MoS2,2.0,1.0,3.0,41.49412382999999,0.4080999999999974,32
61427f6a4e27a1844a5f082a,low_MoS2,1.0,2.0,3.0,8.530119240000001,1.1357,32
61427fc731cf3ef3d4a9f542,low_MoS2,2.0,1.0,3.0,41.456883850000125,0.3830000000000026,32
614280113ac25c70a5c6cbe3,low_MoS2,3.0,0.0,3.0,50.815702929999965,0.3425999999999973,32
6142805d31cf3ef3d4a9f544,low_MoS2,2.0,1.0,3.0,41.46748821000001,0.419399999999996,32
614280794e27a1844a5f082c,low_MoS2,1.0,2.0,3.0,8.513790049999923,1.1464,32
614281114e27a1844a5f082e,low_MoS2,1.0,2.0,3.0,8.513851449999972,1.1452999999999989,32
6142812ebaaf234b352906f2,low_MoS2,2.0,1.0,3.0,17.884522459999964,0.9600000000000009,32
6142815b31cf3ef3d4a9f546,low_MoS2,2.0,1.0,3.0,41.39405256000005,0.2997999999999976,32
6142815e3ac25c70a5c6cbe5,low_MoS2,3.0,0.0,3.0,50.76284302000014,0.3667999999999978,32
614281ae4e27a1844a5f0830,low_MoS2,1.0,2.0,3.0,8.511101690000057,1.1469999999999985,32
614281e531cf3ef3d4a9f548,low_MoS2,2.0,1.0,3.0,41.47600439000003,0.4149999999999991,32
6142820d4e27a1844a5f0832,low_MoS2,1.0,2.0,3.0,8.514134000000038,1.1410000000000051,32
6142823d4e27a1844a5f0834,low_MoS2,1.0,2.0,3.0,8.50658971999999,1.1480000000000032,32
6142825131cf3ef3d4a9f54a,low_MoS2,2.0,1.0,3.0,41.46033564,0.3563000000000045,32
614282583ac25c70a5c6cbe7,low_MoS2,3.0,0.0,3.0,50.772116089999976,0.3841999999999999,32
6142829f4e27a1844a5f0836,low_MoS2,1.0,2.0,3.0,8.513319670000126,1.1469999999999985,32
614282d14e27a1844a5f0838,low_MoS2,1.0,2.0,3.0,8.510814280000002,1.1485000000000056,32
614282ffbaaf234b352906f4,low_MoS2,2.0,1.0,3.0,17.928898569999994,0.6529999999999987,32
614283033ac25c70a5c6cbe9,low_MoS2,3.0,0.0,3.0,50.32630007999993,0.1450999999999993,32
614283349cbada84a8676d5b,low_MoS2,0.0,3.0,3.0,-0.8321417100000303,1.8086999999999944,32
6142834931cf3ef3d4a9f54c,low_MoS2,2.0,1.0,3.0,40.944281870000125,0.1537000000000006,32
6142837e31cf3ef3d4a9f54e,low_MoS2,2.0,1.0,3.0,40.96623951000011,0.1509,32
6142839cee0a3fd43fb47f63,low_MoS2,1.0,2.0,3.0,32.1472531700001,0.4029000000000025,32
614284074e27a1844a5f083a,low_MoS2,1.0,2.0,3.0,8.515632170000142,1.147199999999998,32
6142844431cf3ef3d4a9f550,low_MoS2,2.0,1.0,3.0,41.46343580999992,0.3740000000000023,32
614284524e27a1844a5f083c,low_MoS2,1.0,2.0,3.0,8.516167629999952,1.1452000000000029,32
614284844e27a1844a5f083e,low_MoS2,1.0,2.0,3.0,8.506159450000066,1.142700000000005,32
61428491baaf234b352906f6,low_MoS2,2.0,1.0,3.0,17.884219870000145,0.9585000000000008,32
614284b84e27a1844a5f0840,low_MoS2,1.0,2.0,3.0,8.528351030000092,1.1388999999999996,32
614284bb3ac25c70a5c6cbeb,low_MoS2,3.0,0.0,3.0,50.79994939999998,0.3910000000000053,32
614284d331cf3ef3d4a9f552,low_MoS2,2.0,1.0,3.0,41.42787816000005,0.4181000000000026,32
614284d7ee0a3fd43fb47f65,low_MoS2,1.0,2.0,3.0,32.14699517999996,0.4042999999999992,32
614284fa4e27a1844a5f0842,low_MoS2,1.0,2.0,3.0,8.494287720000127,1.1372999999999962,32
6142852d31cf3ef3d4a9f554,low_MoS2,2.0,1.0,3.0,41.48958383999998,0.3337000000000003,32
614285344e27a1844a5f0844,low_MoS2,1.0,2.0,3.0,8.510423680000056,1.1458000000000013,32
6142853e3ac25c70a5c6cbed,low_MoS2,3.0,0.0,3.0,50.30871697000013,0.1473000000000013,32
614285654e27a1844a5f0846,low_MoS2,1.0,2.0,3.0,8.511880869999938,1.1415000000000006,32
6142856a31cf3ef3d4a9f556,low_MoS2,2.0,1.0,3.0,40.96791131000005,0.1542999999999992,32
6142859e31cf3ef3d4a9f558,low_MoS2,2.0,1.0,3.0,41.45527275000013,0.3659999999999996,32
614285c03ac25c70a5c6cbef,low_MoS2,3.0,0.0,3.0,50.32141728999992,0.1538000000000039,32
614285c84e27a1844a5f0848,low_MoS2,1.0,2.0,3.0,8.511327310000095,1.1443000000000012,32
614285d231cf3ef3d4a9f55a,low_MoS2,2.0,1.0,3.0,41.45623373999997,0.3875000000000028,32
614286443ac25c70a5c6cbf1,low_MoS2,3.0,0.0,3.0,50.81651271000002,0.4266000000000005,32
61428656ee0a3fd43fb47f67,low_MoS2,1.0,2.0,3.0,32.12883000999999,0.3483000000000018,32
6142868b4e27a1844a5f084a,low_MoS2,1.0,2.0,3.0,8.53867341999992,1.145699999999998,32
614286b69cbada84a8676d5d,low_MoS2,0.0,3.0,3.0,-0.8329274600000076,1.807299999999998,32
614286c831cf3ef3d4a9f55c,low_MoS2,2.0,1.0,3.0,39.49647382000008,0.1488999999999976,32
614286e33ac25c70a5c6cbf3,low_MoS2,3.0,0.0,3.0,50.28692816999993,0.1585999999999998,32
614286f04e27a1844a5f084c,low_MoS2,1.0,2.0,3.0,8.493516040000056,1.1385000000000003,32
6142870cee0a3fd43fb47f69,low_MoS2,1.0,2.0,3.0,32.15005287000007,0.3998999999999952,32
614287784e27a1844a5f084e,low_MoS2,1.0,2.0,3.0,8.491085460000047,1.1393999999999949,32
614287a931cf3ef3d4a9f55e,low_MoS2,2.0,1.0,3.0,41.45323232999995,0.3596999999999966,32
614287d04e27a1844a5f0850,low_MoS2,1.0,2.0,3.0,8.537783140000126,1.1814999999999998,32
6142880231cf3ef3d4a9f560,low_MoS2,2.0,1.0,3.0,40.97156046999994,0.1574999999999988,32
614288374e27a1844a5f0852,low_MoS2,1.0,2.0,3.0,8.508135100000143,1.1447999999999965,32
6142884bbaaf234b352906f8,low_MoS2,2.0,1.0,3.0,17.884602350000016,1.1015000000000017,32
614288a631cf3ef3d4a9f562,low_MoS2,2.0,1.0,3.0,39.51055627000001,0.1428000000000011,32
614288a79cbada84a8676d5f,low_MoS2,0.0,3.0,3.0,-0.8314379200000417,1.8090000000000048,32
614288c54e27a1844a5f0854,low_MoS2,1.0,2.0,3.0,8.536116420000123,1.1362999999999983,32
61428918baaf234b352906fa,low_MoS2,2.0,1.0,3.0,17.850658650000007,1.0974999999999966,32
614289564e27a1844a5f0856,low_MoS2,1.0,2.0,3.0,8.508004300000064,1.1454999999999984,32
61428960baaf234b352906fc,low_MoS2,2.0,1.0,3.0,17.853558819999982,1.0953000000000015,32
6142898a4e27a1844a5f0858,low_MoS2,1.0,2.0,3.0,8.515643369999932,1.145399999999995,32
614289aeee0a3fd43fb47f6b,low_MoS2,1.0,2.0,3.0,32.14276863000008,0.4035000000000011,32
614289bd4e27a1844a5f085a,low_MoS2,1.0,2.0,3.0,8.502996700000065,1.1462000000000003,32
614289ea31cf3ef3d4a9f564,low_MoS2,2.0,1.0,3.0,41.44559408999994,0.3708000000000027,32
614289edbaaf234b352906fe,low_MoS2,2.0,1.0,3.0,17.81664062999993,1.1081000000000003,32
61428a1f31cf3ef3d4a9f566,low_MoS2,2.0,1.0,3.0,40.9792336,0.1544999999999987,32
61428a2e4e27a1844a5f085c,low_MoS2,1.0,2.0,3.0,8.506452630000037,1.1458999999999977,32
61428a5431cf3ef3d4a9f568,low_MoS2,2.0,1.0,3.0,40.97345048000007,0.1565000000000012,32
61428a6dee0a3fd43fb47f6d,low_MoS2,1.0,2.0,3.0,32.1464724100001,0.4042999999999992,32
61428a8631cf3ef3d4a9f56a,low_MoS2,2.0,1.0,3.0,41.56686845999998,0.4161999999999963,32
61428ad94e27a1844a5f085e,low_MoS2,1.0,2.0,3.0,8.49427454000013,1.1370000000000005,32
61428adf3ac25c70a5c6cbf5,low_MoS2,3.0,0.0,3.0,50.90353851000001,0.1706000000000003,32
61428af4baaf234b35290700,low_MoS2,2.0,1.0,3.0,17.897989490000093,1.109499999999997,32
61428b0b4e27a1844a5f0860,low_MoS2,1.0,2.0,3.0,8.512748359999957,1.1454000000000022,32
61428b3831cf3ef3d4a9f56c,low_MoS2,2.0,1.0,3.0,41.47052712,0.4151999999999987,32
61428b684e27a1844a5f0862,low_MoS2,1.0,2.0,3.0,8.506808600000138,1.1454999999999984,32
61428b9b4e27a1844a5f0864,low_MoS2,1.0,2.0,3.0,8.600831790000054,1.1300999999999988,32
61428b9e31cf3ef3d4a9f56e,low_MoS2,2.0,1.0,3.0,41.46810741999998,0.3384999999999962,32
61428c13baaf234b35290702,low_MoS2,2.0,1.0,3.0,17.856140549999957,1.003299999999996,32
61428c5f3ac25c70a5c6cbf7,low_MoS2,3.0,0.0,3.0,50.88833842,0.1518000000000015,32
61428c6231cf3ef3d4a9f570,low_MoS2,2.0,1.0,3.0,41.27135313999993,0.240000000000002,32
61428c684e27a1844a5f0866,low_MoS2,1.0,2.0,3.0,8.510822420000093,1.1484999999999983,32
61428cb0baaf234b35290704,low_MoS2,2.0,1.0,3.0,17.927784530000046,0.6537000000000006,32
61428ceb9cbada84a8676d61,low_MoS2,0.0,3.0,3.0,-0.821746840000003,1.8070999999999984,32
61428d2331cf3ef3d4a9f572,low_MoS2,2.0,1.0,3.0,41.48293892000011,0.3945000000000007,32
61428d5a31cf3ef3d4a9f574,low_MoS2,2.0,1.0,3.0,41.4251483,0.3793000000000006,32
61428d5b4e27a1844a5f0868,low_MoS2,1.0,2.0,3.0,8.517076359999944,1.144200000000005,32
61428d659cbada84a8676d63,low_MoS2,0.0,3.0,3.0,-0.8012863599998923,1.807299999999998,32
61428d7d3ac25c70a5c6cbf9,low_MoS2,3.0,0.0,3.0,50.82298006000011,0.4236000000000004,32
61428da34e27a1844a5f086a,low_MoS2,1.0,2.0,3.0,8.55384641000003,1.1831000000000031,32
61428e5031cf3ef3d4a9f576,low_MoS2,2.0,1.0,3.0,39.49969935999998,0.1499999999999985,32
61428e723ac25c70a5c6cbfb,low_MoS2,3.0,0.0,3.0,50.30888008000003,0.1526999999999958,32
61428e9c31cf3ef3d4a9f578,low_MoS2,2.0,1.0,3.0,41.48735784000014,0.4142999999999972,32
61428ea84e27a1844a5f086c,low_MoS2,1.0,2.0,3.0,8.548866339999929,1.177500000000002,32
61428eb09cbada84a8676d65,low_MoS2,0.0,3.0,3.0,-0.8215558900000701,1.807300000000005,32
61428ed631cf3ef3d4a9f57a,low_MoS2,2.0,1.0,3.0,41.4017983400001,0.2967999999999975,32
61428edc4e27a1844a5f086e,low_MoS2,1.0,2.0,3.0,8.51441803000014,1.1413999999999973,32
61428ef73ac25c70a5c6cbfd,low_MoS2,3.0,0.0,3.0,50.7728614700001,0.3845999999999989,32
61428f53baaf234b35290706,low_MoS2,2.0,1.0,3.0,17.89759500000013,1.0589999999999975,32
61428f9b9cbada84a8676d67,low_MoS2,0.0,3.0,3.0,-0.8292031099999235,1.8085000000000024,32
61428faf4e27a1844a5f0870,low_MoS2,1.0,2.0,3.0,8.512019159999934,1.145699999999998,32
61428fd731cf3ef3d4a9f57c,low_MoS2,2.0,1.0,3.0,40.97497556000003,0.1565999999999974,32
61428fe84e27a1844a5f0872,low_MoS2,1.0,2.0,3.0,8.511760119999987,1.1486000000000018,32
6142900d31cf3ef3d4a9f57e,low_MoS2,2.0,1.0,3.0,41.45441593999995,0.3877999999999986,32
6142901e4e27a1844a5f0874,low_MoS2,1.0,2.0,3.0,8.513546879999947,1.1450999999999991,32
614290554e27a1844a5f0876,low_MoS2,1.0,2.0,3.0,8.512751499999947,1.1447000000000005,32
6142906e31cf3ef3d4a9f580,low_MoS2,2.0,1.0,3.0,41.473319870000026,0.4148999999999958,32
6142908d4e27a1844a5f0878,low_MoS2,1.0,2.0,3.0,8.513822720000032,1.1450000000000031,32
614290d431cf3ef3d4a9f582,low_MoS2,2.0,1.0,3.0,41.45698310999997,0.3899000000000043,32
6142910b31cf3ef3d4a9f584,low_MoS2,2.0,1.0,3.0,41.47052232000006,0.3312000000000026,32
6142910f4e27a1844a5f087a,low_MoS2,1.0,2.0,3.0,8.495572260000042,1.1413999999999973,32
6142913d3ac25c70a5c6cbff,low_MoS2,3.0,0.0,3.0,50.31654560999997,0.1584000000000003,32
614291714e27a1844a5f087c,low_MoS2,1.0,2.0,3.0,8.517881560000003,1.142400000000002,32
6142917231cf3ef3d4a9f586,low_MoS2,2.0,1.0,3.0,41.48506349999998,0.4155999999999977,32
614291d44e27a1844a5f087e,low_MoS2,1.0,2.0,3.0,8.511167169999933,1.1459000000000046,32
614291f39cbada84a8676d69,low_MoS2,0.0,3.0,3.0,-0.8325993799998628,1.8063,32
6142920531cf3ef3d4a9f588,low_MoS2,2.0,1.0,3.0,41.44187877000009,0.4073999999999955,32
6142920a3ac25c70a5c6cc01,low_MoS2,3.0,0.0,3.0,50.75114111000008,0.3896999999999977,32
6142926631cf3ef3d4a9f58a,low_MoS2,2.0,1.0,3.0,41.42421523999992,0.3873000000000033,32
6142928f3ac25c70a5c6cc03,low_MoS2,3.0,0.0,3.0,50.314025250000135,0.1507000000000005,32
6142929e31cf3ef3d4a9f58c,low_MoS2,2.0,1.0,3.0,41.47585838999994,0.3355000000000032,32
614292f14e27a1844a5f0880,low_MoS2,1.0,2.0,3.0,8.543398080000113,1.1448000000000036,32
614293143ac25c70a5c6cc05,low_MoS2,3.0,0.0,3.0,50.31319767999995,0.1505000000000009,32
61429380baaf234b35290708,low_MoS2,2.0,1.0,3.0,17.898393299999945,1.032299999999999,32
6142939d4e27a1844a5f0882,low_MoS2,1.0,2.0,3.0,8.52867369000003,1.139000000000003,32
614293d731cf3ef3d4a9f58e,low_MoS2,2.0,1.0,3.0,41.48684335000003,0.4152000000000058,32
614293f93ac25c70a5c6cc07,low_MoS2,3.0,0.0,3.0,50.80841445999992,0.388300000000001,32
614294044e27a1844a5f0884,low_MoS2,1.0,2.0,3.0,8.52895794000008,1.1388999999999996,32
6142942bbaaf234b3529070a,low_MoS2,2.0,1.0,3.0,17.851655460000067,1.0940999999999974,32
6142944a31cf3ef3d4a9f590,low_MoS2,2.0,1.0,3.0,41.49156605000003,0.3407000000000053,32
6142948131cf3ef3d4a9f592,low_MoS2,2.0,1.0,3.0,41.45147459999994,0.3930000000000007,32
614294843ac25c70a5c6cc09,low_MoS2,3.0,0.0,3.0,50.804759889999936,0.3833999999999946,32
614294c0baaf234b3529070c,low_MoS2,2.0,1.0,3.0,17.868625090000016,1.1113,32
6142955f9cbada84a8676d6b,low_MoS2,0.0,3.0,3.0,-0.8041904599999157,1.8093000000000004,32
614295834e27a1844a5f0886,low_MoS2,1.0,2.0,3.0,8.516441620000048,1.145699999999998,32
614295a79cbada84a8676d6d,low_MoS2,0.0,3.0,3.0,-0.8048586100000534,1.8093000000000004,32
614295f24e27a1844a5f0888,low_MoS2,1.0,2.0,3.0,8.50949642000003,1.1450999999999991,32
614295f231cf3ef3d4a9f594,low_MoS2,2.0,1.0,3.0,41.481178360000015,0.417199999999994,32
614296284e27a1844a5f088a,low_MoS2,1.0,2.0,3.0,8.510769250000092,1.144600000000004,32
6142965e31cf3ef3d4a9f596,low_MoS2,2.0,1.0,3.0,41.29059333999994,0.2645999999999944,32
614296b631cf3ef3d4a9f598,low_MoS2,2.0,1.0,3.0,41.42149672000001,0.3829999999999955,32
614296b84e27a1844a5f088c,low_MoS2,1.0,2.0,3.0,8.507378840000026,1.1494,32
614296ee4e27a1844a5f088e,low_MoS2,1.0,2.0,3.0,8.530042529999971,1.140500000000003,32
614297264e27a1844a5f0890,low_MoS2,1.0,2.0,3.0,8.513219060000008,1.145699999999998,32
61429754baaf234b3529070e,low_MoS2,2.0,1.0,3.0,17.866038370000062,1.1103999999999985,32
614297834e27a1844a5f0892,low_MoS2,1.0,2.0,3.0,8.51302254000009,1.1466999999999956,32
6142979931cf3ef3d4a9f59a,low_MoS2,2.0,1.0,3.0,40.97517559000012,0.1559999999999988,32
61429809ee0a3fd43fb47f6f,low_MoS2,1.0,2.0,3.0,32.08641764000002,0.404600000000002,32
614298104e27a1844a5f0894,low_MoS2,1.0,2.0,3.0,8.518380900000036,1.1422999999999988,32
6142981e31cf3ef3d4a9f59c,low_MoS2,2.0,1.0,3.0,41.45635196999997,0.3866000000000014,32
6142985231cf3ef3d4a9f59e,low_MoS2,2.0,1.0,3.0,41.38163658999993,0.2993000000000023,32
6142985c9cbada84a8676d6f,low_MoS2,0.0,3.0,3.0,-0.8045231999998919,1.8072000000000017,32
6142986d3ac25c70a5c6cc0b,low_MoS2,3.0,0.0,3.0,50.74883355000012,0.4147000000000034,32
6142987a4e27a1844a5f0896,low_MoS2,1.0,2.0,3.0,8.517419009999937,1.148299999999999,32
6142988731cf3ef3d4a9f5a0,low_MoS2,2.0,1.0,3.0,41.47099844000009,0.4161000000000001,32
614298cd4e27a1844a5f0898,low_MoS2,1.0,2.0,3.0,8.510204339999998,1.1516999999999982,32
614298fb3ac25c70a5c6cc0d,low_MoS2,3.0,0.0,3.0,50.76102157999996,0.3858999999999994,32
614299044e27a1844a5f089a,low_MoS2,1.0,2.0,3.0,8.518146019999929,1.1473999999999975,32
614299394e27a1844a5f089c,low_MoS2,1.0,2.0,3.0,8.516136239999948,1.1458000000000013,32
6142993a31cf3ef3d4a9f5a2,low_MoS2,2.0,1.0,3.0,41.45864228000001,0.3787999999999982,32
614299bebaaf234b35290710,low_MoS2,2.0,1.0,3.0,17.878463700000104,0.940100000000001,32
614299c54e27a1844a5f089e,low_MoS2,1.0,2.0,3.0,8.54634329000012,1.179300000000005,32
614299f94e27a1844a5f08a0,low_MoS2,1.0,2.0,3.0,8.540499819999948,1.1471000000000018,32
614299fd31cf3ef3d4a9f5a4,low_MoS2,2.0,1.0,3.0,41.451844039999926,0.336199999999998,32
61429a229cbada84a8676d71,low_MoS2,0.0,3.0,3.0,-0.8047284599999216,1.8085999999999984,32
61429a26ee0a3fd43fb47f71,low_MoS2,1.0,2.0,3.0,32.14573838,0.4023000000000039,32
61429a3531cf3ef3d4a9f5a6,low_MoS2,2.0,1.0,3.0,41.43216928000011,0.3758000000000052,32
61429a433ac25c70a5c6cc0f,low_MoS2,3.0,0.0,3.0,50.74276247999993,0.3899999999999934,32
61429a65baaf234b35290712,low_MoS2,2.0,1.0,3.0,17.883700560000072,0.9570000000000008,32
61429a794e27a1844a5f08a2,low_MoS2,1.0,2.0,3.0,8.513342460000128,1.1418999999999997,32
61429ad94e27a1844a5f08a4,low_MoS2,1.0,2.0,3.0,8.518242650000072,1.1477999999999966,32
61429adf31cf3ef3d4a9f5a8,low_MoS2,2.0,1.0,3.0,41.46249604000009,0.3793999999999968,32
61429b0f4e27a1844a5f08a6,low_MoS2,1.0,2.0,3.0,8.511408159999998,1.1428000000000011,32
61429b7dbaaf234b35290714,low_MoS2,2.0,1.0,3.0,17.886710550000082,1.0596999999999994,32
61429c714e27a1844a5f08a8,low_MoS2,1.0,2.0,3.0,8.535101050000119,1.1441000000000017,32
61429c9831cf3ef3d4a9f5aa,low_MoS2,2.0,1.0,3.0,41.45511230999996,0.3646999999999991,32
61429d0cbaaf234b35290716,low_MoS2,2.0,1.0,3.0,17.85924575000012,1.1121999999999943,32
61429d1f3ac25c70a5c6cc11,low_MoS2,3.0,0.0,3.0,48.83953018000003,0.1661999999999963,32
61429d3a31cf3ef3d4a9f5ac,low_MoS2,2.0,1.0,3.0,40.97305933000003,0.1557999999999992,32
61429d4c4e27a1844a5f08aa,low_MoS2,1.0,2.0,3.0,8.50548658000005,1.1462000000000003,32
61429d60ee0a3fd43fb47f73,low_MoS2,1.0,2.0,3.0,32.14707291000012,0.4021000000000043,32
61429da83ac25c70a5c6cc13,low_MoS2,3.0,0.0,3.0,50.79768296000013,0.3763999999999967,32
61429dcdee0a3fd43fb47f75,low_MoS2,1.0,2.0,3.0,32.14894520000006,0.4012999999999991,32
61429dcf31cf3ef3d4a9f5ae,low_MoS2,2.0,1.0,3.0,41.37788040000005,0.3023999999999986,32
61429dd0baaf234b35290718,low_MoS2,2.0,1.0,3.0,17.86607483000011,1.1111000000000004,32
61429df84e27a1844a5f08ac,low_MoS2,1.0,2.0,3.0,8.513035620000007,1.1418999999999997,32
61429e2f31cf3ef3d4a9f5b0,low_MoS2,2.0,1.0,3.0,41.48160453999999,0.4102999999999994,32
61429e914e27a1844a5f08ae,low_MoS2,1.0,2.0,3.0,8.511333299999958,1.1480999999999997,32
61429e9c31cf3ef3d4a9f5b2,low_MoS2,2.0,1.0,3.0,41.45560968000014,0.3783999999999992,32
61429ec64e27a1844a5f08b0,low_MoS2,1.0,2.0,3.0,8.509425839999974,1.1463000000000036,32
61429f0531cf3ef3d4a9f5b4,low_MoS2,2.0,1.0,3.0,41.483853550000006,0.4144000000000005,32
61429f0f4e27a1844a5f08b2,low_MoS2,1.0,2.0,3.0,8.54526278999995,1.1766999999999967,32
61429f243ac25c70a5c6cc15,low_MoS2,3.0,0.0,3.0,50.76737442999994,0.3877999999999986,32
61429fe231cf3ef3d4a9f5b6,low_MoS2,2.0,1.0,3.0,41.45829732000011,0.3697999999999979,32
6142a0184e27a1844a5f08b4,low_MoS2,1.0,2.0,3.0,8.514310690000027,1.1460000000000008,32
6142a01c3ac25c70a5c6cc17,low_MoS2,3.0,0.0,3.0,50.762521360000086,0.1628000000000042,32
6142a04e4e27a1844a5f08b6,low_MoS2,1.0,2.0,3.0,8.53884063000012,1.1436999999999955,32
6142a0dd4e27a1844a5f08b8,low_MoS2,1.0,2.0,3.0,8.517868859999933,1.1433999999999995,32
6142a16831cf3ef3d4a9f5b8,low_MoS2,2.0,1.0,3.0,41.48212120000012,0.4136000000000024,32
6142a18a4e27a1844a5f08ba,low_MoS2,1.0,2.0,3.0,8.51342251000008,1.1454000000000022,32
6142a1c53ac25c70a5c6cc19,low_MoS2,3.0,0.0,3.0,50.82648611999995,0.3427999999999969,32
6142a1e94e27a1844a5f08bc,low_MoS2,1.0,2.0,3.0,8.513590029999957,1.1458999999999977,32
6142a2494e27a1844a5f08be,low_MoS2,1.0,2.0,3.0,8.510032059999983,1.1440999999999946,32
6142a27331cf3ef3d4a9f5ba,low_MoS2,2.0,1.0,3.0,41.47253930999996,0.4147999999999996,32
6142a2d9baaf234b3529071a,low_MoS2,2.0,1.0,3.0,17.86807046000012,1.1043999999999985,32
6142a2fa31cf3ef3d4a9f5bc,low_MoS2,2.0,1.0,3.0,41.43933435999993,0.3685000000000045,32
6142a35831cf3ef3d4a9f5be,low_MoS2,2.0,1.0,3.0,41.48837500000009,0.4069999999999965,32
6142a3724e27a1844a5f08c0,low_MoS2,1.0,2.0,3.0,8.517115820000097,1.1450000000000031,32
6142a399ee0a3fd43fb47f77,low_MoS2,1.0,2.0,3.0,32.15034415000012,0.4039000000000001,32
6142a3c0ee0a3fd43fb47f79,low_MoS2,1.0,2.0,3.0,32.090314840000005,0.4037000000000006,32
6142a41e4e27a1844a5f08c2,low_MoS2,1.0,2.0,3.0,8.513527470000124,1.1465999999999994,32
6142a44d31cf3ef3d4a9f5c0,low_MoS2,2.0,1.0,3.0,41.28252313999992,0.2658999999999949,32
6142a4843ac25c70a5c6cc1b,low_MoS2,3.0,0.0,3.0,50.78798607000014,0.3436999999999983,32
6142a4924e27a1844a5f08c4,low_MoS2,1.0,2.0,3.0,8.540783330000092,1.1816999999999993,32
6142a51a4e27a1844a5f08c6,low_MoS2,1.0,2.0,3.0,8.514834280000084,1.1466999999999956,32
6142a5504e27a1844a5f08c8,low_MoS2,1.0,2.0,3.0,8.509748200000129,1.1448000000000036,32
6142a5743ac25c70a5c6cc1d,low_MoS2,3.0,0.0,3.0,50.307362339999976,0.1550000000000011,32
6142a58d31cf3ef3d4a9f5c2,low_MoS2,2.0,1.0,3.0,41.453340340000025,0.3785999999999987,32
6142a5964e27a1844a5f08ca,low_MoS2,1.0,2.0,3.0,8.513672459999977,1.1462999999999963,32
6142a5cc4e27a1844a5f08cc,low_MoS2,1.0,2.0,3.0,8.51165175000008,1.1454000000000022,32
6142a5e631cf3ef3d4a9f5c4,low_MoS2,2.0,1.0,3.0,41.47034978999996,0.411999999999999,32
6142a63b9cbada84a8676d73,low_MoS2,0.0,3.0,3.0,-0.8310689300000718,1.8081999999999996,32
6142a65b4e27a1844a5f08ce,low_MoS2,1.0,2.0,3.0,8.513772690000021,1.1443999999999974,32
6142a6b44e27a1844a5f08d0,low_MoS2,1.0,2.0,3.0,8.53975973000004,1.1448999999999998,32
6142a6b631cf3ef3d4a9f5c6,low_MoS2,2.0,1.0,3.0,41.45781598000004,0.3940000000000054,32
6142a6ee3ac25c70a5c6cc1f,low_MoS2,3.0,0.0,3.0,50.78599034000005,0.3833999999999946,32
6142a6fa31cf3ef3d4a9f5c8,low_MoS2,2.0,1.0,3.0,41.475742020000055,0.3357000000000028,32
6142a7044e27a1844a5f08d2,low_MoS2,1.0,2.0,3.0,8.548198839999966,1.1805999999999983,32
6142a7709cbada84a8676d75,low_MoS2,0.0,3.0,3.0,-0.8333636300000649,1.8091000000000008,32
6142a7bd3ac25c70a5c6cc21,low_MoS2,3.0,0.0,3.0,50.84156389000001,0.420499999999997,32
6142a7cb31cf3ef3d4a9f5ca,low_MoS2,2.0,1.0,3.0,41.38236980000006,0.3003,32
6142a80631cf3ef3d4a9f5cc,low_MoS2,2.0,1.0,3.0,41.434635349999965,0.3834000000000017,32
6142a8513ac25c70a5c6cc23,low_MoS2,3.0,0.0,3.0,50.77563683000009,0.3858000000000032,32
6142a863baaf234b3529071c,low_MoS2,2.0,1.0,3.0,17.867160989999995,1.1109000000000009,32
6142a8c831cf3ef3d4a9f5ce,low_MoS2,2.0,1.0,3.0,41.47652777999993,0.4144000000000005,32
6142a90331cf3ef3d4a9f5d0,low_MoS2,2.0,1.0,3.0,41.46490783000009,0.4168999999999982,32
6142a94f4e27a1844a5f08d4,low_MoS2,1.0,2.0,3.0,8.515152319999995,1.1447999999999965,32
6142a9bb3ac25c70a5c6cc25,low_MoS2,3.0,0.0,3.0,50.31272716999994,0.1491000000000042,32
6142aa743ac25c70a5c6cc27,low_MoS2,3.0,0.0,3.0,50.80315177999993,0.3815999999999988,32
6142aadb31cf3ef3d4a9f5d2,low_MoS2,2.0,1.0,3.0,41.289599390000106,0.2593999999999994,32
6142aaf24e27a1844a5f08d6,low_MoS2,1.0,2.0,3.0,8.513415740000053,1.1351999999999975,32
6142ab6d3ac25c70a5c6cc29,low_MoS2,3.0,0.0,3.0,50.8154314,0.3395999999999972,32
6142ab764e27a1844a5f08d8,low_MoS2,1.0,2.0,3.0,8.522384850000005,1.1400000000000006,32
6142ab9331cf3ef3d4a9f5d4,low_MoS2,2.0,1.0,3.0,41.43452821000001,0.4074999999999988,32
6142abcd31cf3ef3d4a9f5d6,low_MoS2,2.0,1.0,3.0,41.446541910000136,0.3601000000000027,32
6142abed4e27a1844a5f08da,low_MoS2,1.0,2.0,3.0,8.532253200000039,1.1389999999999958,32
6142ac794e27a1844a5f08dc,low_MoS2,1.0,2.0,3.0,8.508978000000095,1.1439999999999984,32
6142acae4e27a1844a5f08de,low_MoS2,1.0,2.0,3.0,8.50977085000002,1.1444000000000043,32
6142ad543ac25c70a5c6cc2b,low_MoS2,3.0,0.0,3.0,50.82968683000005,0.3455000000000012,32
6142ae0331cf3ef3d4a9f5d8,low_MoS2,2.0,1.0,3.0,41.47576898999996,0.4140000000000015,32
6142ae0eee0a3fd43fb47f7b,low_MoS2,1.0,2.0,3.0,32.151447850000054,0.3980999999999994,32
6142ae3b31cf3ef3d4a9f5da,low_MoS2,2.0,1.0,3.0,41.46067108000007,0.3936999999999955,32
6142ae684e27a1844a5f08e0,low_MoS2,1.0,2.0,3.0,8.51451305000003,1.1467000000000027,32
6142ae7d31cf3ef3d4a9f5dc,low_MoS2,2.0,1.0,3.0,41.42929872000009,0.3834000000000017,32
6142ae9e4e27a1844a5f08e2,low_MoS2,1.0,2.0,3.0,8.513569600000007,1.1454000000000022,32
6142aebc3ac25c70a5c6cc2d,low_MoS2,3.0,0.0,3.0,50.328109409999946,0.1597000000000008,32
6142af483ac25c70a5c6cc2f,low_MoS2,3.0,0.0,3.0,50.74773825000003,0.3783999999999992,32
6142af644e27a1844a5f08e4,low_MoS2,1.0,2.0,3.0,8.505711090000002,1.147300000000001,32
6142af6631cf3ef3d4a9f5de,low_MoS2,2.0,1.0,3.0,41.47313004000007,0.3359999999999985,32
6142afa131cf3ef3d4a9f5e0,low_MoS2,2.0,1.0,3.0,41.45481867999997,0.369800000000005,32
6142afb54e27a1844a5f08e6,low_MoS2,1.0,2.0,3.0,8.510225400000106,1.1458000000000013,32
6142afd43ac25c70a5c6cc31,low_MoS2,3.0,0.0,3.0,50.77787585000002,0.3815999999999988,32
6142b0464e27a1844a5f08e8,low_MoS2,1.0,2.0,3.0,8.51618970999996,1.1451000000000064,32
6142b0623ac25c70a5c6cc33,low_MoS2,3.0,0.0,3.0,50.30607571000011,0.1480000000000032,32
6142b0a331cf3ef3d4a9f5e2,low_MoS2,2.0,1.0,3.0,39.497510430000105,0.1495999999999995,32
6142b0de31cf3ef3d4a9f5e4,low_MoS2,2.0,1.0,3.0,41.43834291000003,0.4094999999999942,32
6142b1344e27a1844a5f08ea,low_MoS2,1.0,2.0,3.0,8.513104019999925,1.1418000000000037,32
6142b13d31cf3ef3d4a9f5e6,low_MoS2,2.0,1.0,3.0,41.47389158000006,0.4148999999999958,32
6142b150ee0a3fd43fb47f7d,low_MoS2,1.0,2.0,3.0,32.13933715000006,0.4065000000000012,32
6142b1adbaaf234b3529071e,low_MoS2,2.0,1.0,3.0,17.818947250000058,0.9425000000000026,32
6142b20d31cf3ef3d4a9f5e8,low_MoS2,2.0,1.0,3.0,41.462440109999946,0.3836000000000013,32
6142b2654e27a1844a5f08ec,low_MoS2,1.0,2.0,3.0,8.507280810000136,1.1452999999999989,32
6142b29e31cf3ef3d4a9f5ea,low_MoS2,2.0,1.0,3.0,41.43335640000005,0.4097000000000008,32
6142b30f31cf3ef3d4a9f5ec,low_MoS2,2.0,1.0,3.0,40.97253480000013,0.1516000000000019,32
6142b31fbaaf234b35290720,low_MoS2,2.0,1.0,3.0,17.855612419999936,1.0016999999999996,32
6142b38831cf3ef3d4a9f5ee,low_MoS2,2.0,1.0,3.0,41.43449714000003,0.3778000000000006,32
6142b3bf4e27a1844a5f08ee,low_MoS2,1.0,2.0,3.0,8.519852260000132,1.1411999999999978,32
6142b3e43ac25c70a5c6cc35,low_MoS2,3.0,0.0,3.0,50.29496991000011,0.1589999999999989,32
6142b4024e27a1844a5f08f0,low_MoS2,1.0,2.0,3.0,8.536914009999943,1.147099999999995,32
6142b40b31cf3ef3d4a9f5f0,low_MoS2,2.0,1.0,3.0,41.45585941999998,0.3804999999999978,32
6142b4d34e27a1844a5f08f2,low_MoS2,1.0,2.0,3.0,8.506228550000085,1.1488999999999976,32
6142b50e31cf3ef3d4a9f5f2,low_MoS2,2.0,1.0,3.0,41.47139510000007,0.3372000000000028,32
6142b5594e27a1844a5f08f4,low_MoS2,1.0,2.0,3.0,8.50348312000008,1.1469999999999985,32
6142b57f31cf3ef3d4a9f5f4,low_MoS2,2.0,1.0,3.0,41.44696461000008,0.3526999999999987,32
6142b5bb4e27a1844a5f08f6,low_MoS2,1.0,2.0,3.0,8.514631669999996,1.143099999999997,32
6142b60a31cf3ef3d4a9f5f6,low_MoS2,2.0,1.0,3.0,41.46440154000011,0.3907000000000025,32
6142b625ee0a3fd43fb47f7f,low_MoS2,1.0,2.0,3.0,32.1517334,0.4000000000000057,32
6142b65331cf3ef3d4a9f5f8,low_MoS2,2.0,1.0,3.0,41.46134150999997,0.3802000000000021,32
6142b6824e27a1844a5f08f8,low_MoS2,1.0,2.0,3.0,8.51340669999993,1.1460000000000008,32
6142b6ce4e27a1844a5f08fa,low_MoS2,1.0,2.0,3.0,8.51166192999997,1.1456000000000015,32
6142b6ef31cf3ef3d4a9f5fa,low_MoS2,2.0,1.0,3.0,41.45738851000006,0.3714999999999975,32
6142b73bbaaf234b35290722,low_MoS2,2.0,1.0,3.0,17.868393550000057,1.0890999999999948,32
6142b740ee0a3fd43fb47f81,low_MoS2,1.0,2.0,3.0,31.86128529000006,0.2010000000000005,32
6142b76f31cf3ef3d4a9f5fc,low_MoS2,2.0,1.0,3.0,41.4731415400001,0.4138000000000019,32
6142b79c3ac25c70a5c6cc37,low_MoS2,3.0,0.0,3.0,50.79714036000011,0.3415999999999997,32
6142b7b5baaf234b35290724,low_MoS2,2.0,1.0,3.0,17.88746018999995,1.0951999999999984,32
6142b8194e27a1844a5f08fc,low_MoS2,1.0,2.0,3.0,8.504055200000064,1.1465999999999994,32
6142b820ee0a3fd43fb47f83,low_MoS2,1.0,2.0,3.0,32.15781906000005,0.4029000000000025,32
6142b88431cf3ef3d4a9f5fe,low_MoS2,2.0,1.0,3.0,41.454945720000026,0.3659999999999996,32
6142ba053ac25c70a5c6cc39,low_MoS2,3.0,0.0,3.0,50.82886747000013,0.3337000000000003,32
6142ba3031cf3ef3d4a9f600,low_MoS2,2.0,1.0,3.0,39.49825254999992,0.1510000000000033,32
6142ba964e27a1844a5f08fe,low_MoS2,1.0,2.0,3.0,8.515243249999937,1.1437000000000026,32
6142baadee0a3fd43fb47f85,low_MoS2,1.0,2.0,3.0,32.14650260000006,0.4029999999999987,32
6142bb1c31cf3ef3d4a9f602,low_MoS2,2.0,1.0,3.0,40.96954805000014,0.1514999999999986,32
6142bb564e27a1844a5f0900,low_MoS2,1.0,2.0,3.0,8.514889009999958,1.1443000000000012,32
6142bb8d4e27a1844a5f0902,low_MoS2,1.0,2.0,3.0,8.53960959000008,1.147300000000001,32
6142bbee4e27a1844a5f0904,low_MoS2,1.0,2.0,3.0,8.51358342999995,1.1460000000000008,32
6142bbf731cf3ef3d4a9f604,low_MoS2,2.0,1.0,3.0,41.435272189999935,0.3823999999999969,32
6142bcbd4e27a1844a5f0906,low_MoS2,1.0,2.0,3.0,8.615440230000129,1.1212000000000018,32
6142bd594e27a1844a5f0908,low_MoS2,1.0,2.0,3.0,8.505215970000133,1.1485999999999947,32
6142bd8bbaaf234b35290726,low_MoS2,2.0,1.0,3.0,17.884730299999994,1.0999000000000052,32
6142bdf84e27a1844a5f090a,low_MoS2,1.0,2.0,3.0,8.512377419999918,1.147300000000001,32
6142bdfc31cf3ef3d4a9f606,low_MoS2,2.0,1.0,3.0,40.95876538000012,0.1495000000000033,32
6142be594e27a1844a5f090c,low_MoS2,1.0,2.0,3.0,8.513822130000133,1.141300000000001,32
6142bec83ac25c70a5c6cc3b,low_MoS2,3.0,0.0,3.0,50.76765549000008,0.3892999999999986,32
6142bf1c31cf3ef3d4a9f608,low_MoS2,2.0,1.0,3.0,41.44658061000014,0.3525999999999953,32
6142bf2e4e27a1844a5f090e,low_MoS2,1.0,2.0,3.0,8.519279280000116,1.1452000000000029,32
6142bf5531cf3ef3d4a9f60a,low_MoS2,2.0,1.0,3.0,40.99768375999993,0.148299999999999,32
6142bf864e27a1844a5f0910,low_MoS2,1.0,2.0,3.0,8.507692460000069,1.144600000000004,32
6142c0344e27a1844a5f0912,low_MoS2,1.0,2.0,3.0,8.511600690000048,1.1437000000000026,32
6142c06b4e27a1844a5f0914,low_MoS2,1.0,2.0,3.0,8.516347620000058,1.1454999999999984,32
6142c0a131cf3ef3d4a9f60c,low_MoS2,2.0,1.0,3.0,39.49675838000003,0.1473000000000013,32
6142c0a54e27a1844a5f0916,low_MoS2,1.0,2.0,3.0,8.506364439999995,1.1372,32
6142c1b64e27a1844a5f0918,low_MoS2,1.0,2.0,3.0,8.510394030000068,1.1454999999999984,32
6142c22e31cf3ef3d4a9f60e,low_MoS2,2.0,1.0,3.0,41.46888243000008,0.3844000000000065,32
6142c22f3ac25c70a5c6cc3d,low_MoS2,3.0,0.0,3.0,50.860296929999926,0.4224000000000032,32
6142c2e131cf3ef3d4a9f610,low_MoS2,2.0,1.0,3.0,41.40475261000002,0.3842999999999961,32
6142c3584e27a1844a5f091a,low_MoS2,1.0,2.0,3.0,8.514677200000076,1.1452000000000029,32
6142c3b04e27a1844a5f091c,low_MoS2,1.0,2.0,3.0,8.502020930000096,1.1511999999999958,32
6142c3b231cf3ef3d4a9f612,low_MoS2,2.0,1.0,3.0,41.31384049000003,0.3230000000000004,32
6142c3bd9cbada84a8676d77,low_MoS2,0.0,3.0,3.0,-0.832654859999991,1.810299999999998,32
6142c41231cf3ef3d4a9f614,low_MoS2,2.0,1.0,3.0,41.46220521999994,0.3833999999999946,32
6142c4753ac25c70a5c6cc3f,low_MoS2,3.0,0.0,3.0,50.80054639000006,0.3434000000000026,32
6142c4a5baaf234b35290728,low_MoS2,2.0,1.0,3.0,17.851287449999965,1.0884999999999962,32
6142c4de31cf3ef3d4a9f616,low_MoS2,2.0,1.0,3.0,41.48489693999996,0.4163999999999959,32
6142c4ef4e27a1844a5f091e,low_MoS2,1.0,2.0,3.0,8.5404004100001,1.179399999999994,32
6142c53a31cf3ef3d4a9f618,low_MoS2,2.0,1.0,3.0,41.46272592999999,0.4114000000000004,32
6142c5414e27a1844a5f0920,low_MoS2,1.0,2.0,3.0,8.513653430000002,1.1469000000000025,32
6142c5914e27a1844a5f0922,low_MoS2,1.0,2.0,3.0,8.510284729999992,1.1483999999999952,32
6142c5a531cf3ef3d4a9f61a,low_MoS2,2.0,1.0,3.0,40.96949136999997,0.1554999999999964,32
6142c5e131cf3ef3d4a9f61c,low_MoS2,2.0,1.0,3.0,41.24169846000014,0.2451999999999969,32
6142c5f94e27a1844a5f0924,low_MoS2,1.0,2.0,3.0,8.514667749999969,1.1450000000000031,32
6142c62d31cf3ef3d4a9f61e,low_MoS2,2.0,1.0,3.0,41.46012583000011,0.3729000000000013,32
6142c6969cbada84a8676d79,low_MoS2,0.0,3.0,3.0,-0.8331870900000808,1.8070999999999984,32
6142c69a31cf3ef3d4a9f620,low_MoS2,2.0,1.0,3.0,41.45176512999997,0.3711000000000055,32
6142c70831cf3ef3d4a9f622,low_MoS2,2.0,1.0,3.0,41.45165489000006,0.3783999999999992,32
6142c7134e27a1844a5f0926,low_MoS2,1.0,2.0,3.0,8.521686479999996,1.133900000000004,32
6142c73f31cf3ef3d4a9f624,low_MoS2,2.0,1.0,3.0,41.412634929999925,0.4146000000000001,32
6142c7733ac25c70a5c6cc41,low_MoS2,3.0,0.0,3.0,50.79492145999999,0.3834000000000017,32
6142c8ba3ac25c70a5c6cc43,low_MoS2,3.0,0.0,3.0,50.81696806999995,0.4040999999999997,32
6142c8db4e27a1844a5f0928,low_MoS2,1.0,2.0,3.0,8.504152870000123,1.139199999999995,32
6142c9564e27a1844a5f092a,low_MoS2,1.0,2.0,3.0,8.506110269999933,1.1482000000000028,32
6142c9733ac25c70a5c6cc45,low_MoS2,3.0,0.0,3.0,50.79633387000005,0.3317999999999941,32
6142c9eb31cf3ef3d4a9f626,low_MoS2,2.0,1.0,3.0,41.47012568999999,0.3331000000000017,32
6142c9ff4e27a1844a5f092c,low_MoS2,1.0,2.0,3.0,8.601544480000054,1.1298999999999992,32
6142ca6b31cf3ef3d4a9f628,low_MoS2,2.0,1.0,3.0,41.42356276999995,0.4136000000000024,32
6142caa431cf3ef3d4a9f62a,low_MoS2,2.0,1.0,3.0,41.428241049999954,0.3828000000000031,32
6142cad83ac25c70a5c6cc47,low_MoS2,3.0,0.0,3.0,50.727883510000005,0.3068999999999988,32
6142cb3131cf3ef3d4a9f62c,low_MoS2,2.0,1.0,3.0,41.405785050000034,0.3866999999999976,32
6142cb6a31cf3ef3d4a9f62e,low_MoS2,2.0,1.0,3.0,41.422339039999954,0.3787999999999982,32
6142cbb59cbada84a8676d7b,low_MoS2,0.0,3.0,3.0,-0.8045092899998849,1.8081000000000031,32
6142cc274e27a1844a5f092e,low_MoS2,1.0,2.0,3.0,8.536570720000125,1.146100000000004,32
6142cca731cf3ef3d4a9f630,low_MoS2,2.0,1.0,3.0,40.97212514999997,0.1567000000000007,32
6142cca89cbada84a8676d7d,low_MoS2,0.0,3.0,3.0,-0.8039967899998715,1.8061000000000007,32
6142cccd4e27a1844a5f0930,low_MoS2,1.0,2.0,3.0,8.529200180000114,1.1780999999999937,32
6142cce031cf3ef3d4a9f632,low_MoS2,2.0,1.0,3.0,41.44988024000004,0.3888999999999996,32
6142ccec3ac25c70a5c6cc49,low_MoS2,3.0,0.0,3.0,50.786622109999975,0.409799999999997,32
6142cd064e27a1844a5f0932,low_MoS2,1.0,2.0,3.0,8.540200919999986,1.1462000000000003,32
6142cd2831cf3ef3d4a9f634,low_MoS2,2.0,1.0,3.0,41.47056783000012,0.4140999999999977,32
6142cd6931cf3ef3d4a9f636,low_MoS2,2.0,1.0,3.0,41.34828736999994,0.2922999999999973,32
6142cd6d4e27a1844a5f0934,low_MoS2,1.0,2.0,3.0,8.511718819999967,1.144599999999997,32
6142cd7f3ac25c70a5c6cc4b,low_MoS2,3.0,0.0,3.0,50.78104223000006,0.4210999999999956,32
6142cdf84e27a1844a5f0936,low_MoS2,1.0,2.0,3.0,8.513080770000013,1.1456000000000015,32
6142ce514e27a1844a5f0938,low_MoS2,1.0,2.0,3.0,8.504710120000052,1.1464,32
6142ce7231cf3ef3d4a9f638,low_MoS2,2.0,1.0,3.0,41.48490505000014,0.4160000000000039,32
6142ce833ac25c70a5c6cc4d,low_MoS2,3.0,0.0,3.0,50.313628880000046,0.1377000000000023,32
6142cedb4e27a1844a5f093a,low_MoS2,1.0,2.0,3.0,8.512835940000084,1.1452000000000029,32
6142cf134e27a1844a5f093c,low_MoS2,1.0,2.0,3.0,8.540967030000072,1.1452000000000029,32
6142cf173ac25c70a5c6cc4f,low_MoS2,3.0,0.0,3.0,50.80188033000005,0.3781999999999996,32
6142cf4bbaaf234b3529072a,low_MoS2,2.0,1.0,3.0,17.866997920000124,1.1110000000000042,32
6142cfb33ac25c70a5c6cc51,low_MoS2,3.0,0.0,3.0,50.78530476999996,0.4001000000000019,32
6142d0eb31cf3ef3d4a9f63a,low_MoS2,2.0,1.0,3.0,41.47158235000002,0.3326999999999955,32
6142d13a3ac25c70a5c6cc53,low_MoS2,3.0,0.0,3.0,50.75735214000012,0.389800000000001,32
6142d1b74e27a1844a5f093e,low_MoS2,1.0,2.0,3.0,8.505377660000047,1.1428000000000011,32
6142d21f4e27a1844a5f0940,low_MoS2,1.0,2.0,3.0,8.551647990000017,1.1375000000000028,32
6142d257baaf234b3529072c,low_MoS2,2.0,1.0,3.0,17.865370960000057,1.1059999999999943,32
6142d2644e27a1844a5f0942,low_MoS2,1.0,2.0,3.0,8.51386864000008,1.1413999999999973,32
6142d29f31cf3ef3d4a9f63c,low_MoS2,2.0,1.0,3.0,41.4578924500001,0.3873000000000033,32
6142d2a73ac25c70a5c6cc55,low_MoS2,3.0,0.0,3.0,50.35367454999997,0.1379999999999981,32
6142d2b34e27a1844a5f0944,low_MoS2,1.0,2.0,3.0,8.528114490000032,1.1396000000000015,32
6142d3963ac25c70a5c6cc57,low_MoS2,3.0,0.0,3.0,50.81303130999997,0.3895000000000053,32
6142d3f74e27a1844a5f0946,low_MoS2,1.0,2.0,3.0,8.506077640000083,1.1414000000000044,32
6142d40931cf3ef3d4a9f63e,low_MoS2,2.0,1.0,3.0,41.45907198000005,0.3959000000000046,32
6142d47a31cf3ef3d4a9f640,low_MoS2,2.0,1.0,3.0,41.45632824000013,0.3677999999999954,32
6142d48f4e27a1844a5f0948,low_MoS2,1.0,2.0,3.0,8.510104980000076,1.1465999999999994,32
6142d51631cf3ef3d4a9f642,low_MoS2,2.0,1.0,3.0,41.401994960000096,0.3912000000000049,32
6142d56c31cf3ef3d4a9f644,low_MoS2,2.0,1.0,3.0,41.45928356999998,0.3631999999999991,32
6142d620ee0a3fd43fb47f87,low_MoS2,1.0,2.0,3.0,32.14549634000012,0.4046999999999983,32
6142d6c631cf3ef3d4a9f646,low_MoS2,2.0,1.0,3.0,41.48607033000003,0.4050999999999973,32
6142d81031cf3ef3d4a9f648,low_MoS2,2.0,1.0,3.0,41.47529073000005,0.3353999999999999,32
6142d84831cf3ef3d4a9f64a,low_MoS2,2.0,1.0,3.0,41.45570384999992,0.3869000000000042,32
6142d8693ac25c70a5c6cc59,low_MoS2,3.0,0.0,3.0,50.77839566000004,0.3841999999999999,32
6142d8e831cf3ef3d4a9f64c,low_MoS2,2.0,1.0,3.0,41.456166959999976,0.3815000000000026,32
6142d8ff4e27a1844a5f094a,low_MoS2,1.0,2.0,3.0,8.506286540000044,1.1377000000000024,32
6142d94531cf3ef3d4a9f64e,low_MoS2,2.0,1.0,3.0,41.379809279999975,0.3027000000000015,32
6142d96f4e27a1844a5f094c,low_MoS2,1.0,2.0,3.0,8.514215200000105,1.145699999999998,32
6142d9c44e27a1844a5f094e,low_MoS2,1.0,2.0,3.0,8.515364750000142,1.1464,32
6142d9dc3ac25c70a5c6cc5b,low_MoS2,3.0,0.0,3.0,50.83225574999998,0.415700000000001,32
6142da0c31cf3ef3d4a9f650,low_MoS2,2.0,1.0,3.0,41.48423608000003,0.4072000000000031,32
6142da654e27a1844a5f0950,low_MoS2,1.0,2.0,3.0,8.493665709999984,1.137599999999999,32
6142da6731cf3ef3d4a9f652,low_MoS2,2.0,1.0,3.0,41.46610125000002,0.3992000000000004,32
6142dad231cf3ef3d4a9f654,low_MoS2,2.0,1.0,3.0,41.42397761000002,0.3795999999999964,32
6142dad34e27a1844a5f0952,low_MoS2,1.0,2.0,3.0,8.513037640000018,1.1452999999999989,32
6142db32ee0a3fd43fb47f89,low_MoS2,1.0,2.0,3.0,32.144514620000095,0.4037999999999968,32
6142db3c4e27a1844a5f0954,low_MoS2,1.0,2.0,3.0,8.511695400000033,1.1473999999999975,32
6142db4e3ac25c70a5c6cc5d,low_MoS2,3.0,0.0,3.0,50.328331730000095,0.1539000000000001,32
6142db6bbaaf234b3529072e,low_MoS2,2.0,1.0,3.0,17.902029719999966,1.1195000000000022,32
6142db7c31cf3ef3d4a9f656,low_MoS2,2.0,1.0,3.0,40.97590529999998,0.1572999999999993,32
6142dbea3ac25c70a5c6cc5f,low_MoS2,3.0,0.0,3.0,50.79669905000007,0.3826000000000036,32
6142dc664e27a1844a5f0956,low_MoS2,1.0,2.0,3.0,8.504942400000143,1.1425000000000054,32
6142dc7d3ac25c70a5c6cc61,low_MoS2,3.0,0.0,3.0,50.82766464000012,0.3251999999999952,32
6142dc9e31cf3ef3d4a9f658,low_MoS2,2.0,1.0,3.0,41.47371061000008,0.3338999999999998,32
6142dca4baaf234b35290730,low_MoS2,2.0,1.0,3.0,17.872450269999938,1.098700000000001,32
6142dcd74e27a1844a5f0958,low_MoS2,1.0,2.0,3.0,8.510201500000019,1.146799999999999,32
6142dd0a31cf3ef3d4a9f65a,low_MoS2,2.0,1.0,3.0,41.48702184000008,0.405300000000004,32
6142dd4f4e27a1844a5f095a,low_MoS2,1.0,2.0,3.0,8.507814520000036,1.144999999999996,32
6142dd6331cf3ef3d4a9f65c,low_MoS2,2.0,1.0,3.0,41.32248717000012,0.1465999999999994,32
6142dd9f31cf3ef3d4a9f65e,low_MoS2,2.0,1.0,3.0,41.47899447999994,0.4166999999999987,32
6142deb54e27a1844a5f095c,low_MoS2,1.0,2.0,3.0,8.600297680000065,1.130200000000002,32
6142dfa53ac25c70a5c6cc63,low_MoS2,3.0,0.0,3.0,50.307770150000046,0.1567000000000007,32
6142dfd24e27a1844a5f095e,low_MoS2,1.0,2.0,3.0,8.531570659999968,1.137599999999999,32
6142dfec31cf3ef3d4a9f660,low_MoS2,2.0,1.0,3.0,41.48162300999998,0.4058999999999955,32
6142dff4baaf234b35290732,low_MoS2,2.0,1.0,3.0,17.847688589999954,1.0050999999999988,32
6142e06c4e27a1844a5f0960,low_MoS2,1.0,2.0,3.0,8.513390439999991,1.1447000000000005,32
6142e07b31cf3ef3d4a9f662,low_MoS2,2.0,1.0,3.0,41.46795352,0.3370000000000033,32
6142e0c84e27a1844a5f0962,low_MoS2,1.0,2.0,3.0,8.511561009999948,1.143500000000003,32
6142e0df31cf3ef3d4a9f664,low_MoS2,2.0,1.0,3.0,41.41959532999995,0.3628,32
6142e1014e27a1844a5f0964,low_MoS2,1.0,2.0,3.0,8.507318819999934,1.1459000000000046,32
6142e15431cf3ef3d4a9f666,low_MoS2,2.0,1.0,3.0,41.48106531999993,0.4121000000000023,32
6142e1d73ac25c70a5c6cc65,low_MoS2,3.0,0.0,3.0,50.720609290000006,0.314700000000002,32
6142e22fbaaf234b35290734,low_MoS2,2.0,1.0,3.0,17.823504449999966,1.108699999999999,32
6142e26f3ac25c70a5c6cc67,low_MoS2,3.0,0.0,3.0,50.88489012999995,0.1881000000000057,32
6142e312baaf234b35290736,low_MoS2,2.0,1.0,3.0,17.87136123000004,1.099899999999998,32
6142e35c31cf3ef3d4a9f668,low_MoS2,2.0,1.0,3.0,41.44592894000012,0.3615999999999957,32
6142e3d831cf3ef3d4a9f66a,low_MoS2,2.0,1.0,3.0,41.39094723000012,0.3033000000000001,32
6142e42331cf3ef3d4a9f66c,low_MoS2,2.0,1.0,3.0,41.47416876000007,0.4043999999999954,32
6142e4d231cf3ef3d4a9f66e,low_MoS2,2.0,1.0,3.0,41.45283803000002,0.4127000000000009,32
6142e4d34e27a1844a5f0966,low_MoS2,1.0,2.0,3.0,8.51216191999995,1.147099999999995,32
6142e50d4e27a1844a5f0968,low_MoS2,1.0,2.0,3.0,8.511744169999954,1.1433000000000035,32
6142e59131cf3ef3d4a9f670,low_MoS2,2.0,1.0,3.0,41.46835641000003,0.3843000000000032,32
6142e5a24e27a1844a5f096a,low_MoS2,1.0,2.0,3.0,8.512164150000014,1.1437999999999988,32
6142e5de4e27a1844a5f096c,low_MoS2,1.0,2.0,3.0,8.51365766000006,1.1454999999999984,32
6142e6093ac25c70a5c6cc69,low_MoS2,3.0,0.0,3.0,50.78659499000006,0.4137999999999948,32
6142e69c3ac25c70a5c6cc6b,low_MoS2,3.0,0.0,3.0,50.68047003000007,0.3203999999999993,32
6142e6fc31cf3ef3d4a9f672,low_MoS2,2.0,1.0,3.0,41.4502226900001,0.3562000000000012,32
6142e70c4e27a1844a5f096e,low_MoS2,1.0,2.0,3.0,8.504282310000033,1.1486000000000018,32
6142e7c94e27a1844a5f0970,low_MoS2,1.0,2.0,3.0,8.513431650000054,1.1455999999999946,32
6142e8583ac25c70a5c6cc6d,low_MoS2,3.0,0.0,3.0,50.7997418900001,0.382799999999996,32
6142e87e4e27a1844a5f0972,low_MoS2,1.0,2.0,3.0,8.53513096999998,1.1817000000000064,32
6142e88d31cf3ef3d4a9f674,low_MoS2,2.0,1.0,3.0,41.43436285000003,0.4102999999999994,32
6142e8b84e27a1844a5f0974,low_MoS2,1.0,2.0,3.0,8.506584610000143,1.1422999999999988,32
6142e9183ac25c70a5c6cc6f,low_MoS2,3.0,0.0,3.0,50.71452198000012,0.3856999999999999,32
6142e95931cf3ef3d4a9f676,low_MoS2,2.0,1.0,3.0,41.47320249000013,0.411999999999999,32
6142e9c331cf3ef3d4a9f678,low_MoS2,2.0,1.0,3.0,41.45982844999999,0.3712000000000017,32
6142ea1f4e27a1844a5f0976,low_MoS2,1.0,2.0,3.0,8.502380960000007,1.1482000000000028,32
6142ea65ee0a3fd43fb47f8b,low_MoS2,1.0,2.0,3.0,32.15870225000002,0.3970000000000055,32
6142ea7631cf3ef3d4a9f67a,low_MoS2,2.0,1.0,3.0,41.478405300000034,0.3325999999999993,32
6142eae64e27a1844a5f0978,low_MoS2,1.0,2.0,3.0,8.512810330000118,1.1428000000000011,32
6142eb2331cf3ef3d4a9f67c,low_MoS2,2.0,1.0,3.0,41.45602546000005,0.3890999999999991,32
6142eb474e27a1844a5f097a,low_MoS2,1.0,2.0,3.0,8.50884414000009,1.148699999999998,32
6142eb973ac25c70a5c6cc71,low_MoS2,3.0,0.0,3.0,46.82446399999996,0.5032999999999959,32
6142ec0c31cf3ef3d4a9f67e,low_MoS2,2.0,1.0,3.0,41.47222475000008,0.3340999999999994,32
6142ecbc3ac25c70a5c6cc73,low_MoS2,3.0,0.0,3.0,48.83483456000014,0.1681999999999988,32
6142eccd4e27a1844a5f097c,low_MoS2,1.0,2.0,3.0,8.506069040000082,1.141600000000004,32
6142edc94e27a1844a5f097e,low_MoS2,1.0,2.0,3.0,8.529805390000117,1.139800000000001,32
6142edd931cf3ef3d4a9f680,low_MoS2,2.0,1.0,3.0,41.45314325,0.3813999999999993,32
6142ee024e27a1844a5f0980,low_MoS2,1.0,2.0,3.0,8.508623089999926,1.1475000000000009,32
6142ee1431cf3ef3d4a9f682,low_MoS2,2.0,1.0,3.0,41.469428070000006,0.415700000000001,32
6142ee4b3ac25c70a5c6cc75,low_MoS2,3.0,0.0,3.0,50.87384424999997,0.1620999999999952,32
6142ee8f31cf3ef3d4a9f684,low_MoS2,2.0,1.0,3.0,40.97545264000014,0.1559000000000026,32
6142eee03ac25c70a5c6cc77,low_MoS2,3.0,0.0,3.0,50.32525299,0.1101999999999989,32
6142eee64e27a1844a5f0982,low_MoS2,1.0,2.0,3.0,8.494146519999983,1.1377999999999986,32
6142ef0e31cf3ef3d4a9f686,low_MoS2,2.0,1.0,3.0,41.47079535000008,0.4132999999999995,32
6142ef773ac25c70a5c6cc79,low_MoS2,3.0,0.0,3.0,50.81322083000001,0.4251000000000005,32
6142f01c3ac25c70a5c6cc7b,low_MoS2,3.0,0.0,3.0,50.81095569000005,0.3425000000000011,32
6142f02631cf3ef3d4a9f688,low_MoS2,2.0,1.0,3.0,40.96962271000002,0.1552000000000006,32
6142f06231cf3ef3d4a9f68a,low_MoS2,2.0,1.0,3.0,41.37833087999998,0.3881999999999976,32
6142f06dee0a3fd43fb47f8d,low_MoS2,1.0,2.0,3.0,32.1366979700001,0.402000000000001,32
6142f09f31cf3ef3d4a9f68c,low_MoS2,2.0,1.0,3.0,41.48127532000008,0.4129999999999967,32
6142f0ea31cf3ef3d4a9f68e,low_MoS2,2.0,1.0,3.0,41.39922020000013,0.2994000000000056,32
6142f13a4e27a1844a5f0984,low_MoS2,1.0,2.0,3.0,8.556980009999986,1.1349000000000018,32
6142f15aee0a3fd43fb47f8f,low_MoS2,1.0,2.0,3.0,32.14470873000003,0.4055000000000035,32
6142f18d31cf3ef3d4a9f690,low_MoS2,2.0,1.0,3.0,41.39063436000011,0.2962999999999951,32
6142f1ee3ac25c70a5c6cc7d,low_MoS2,3.0,0.0,3.0,50.79548459999993,0.3759999999999976,32
6142f1ef31cf3ef3d4a9f692,low_MoS2,2.0,1.0,3.0,41.46009258,0.3719999999999999,32
6142f229baaf234b35290738,low_MoS2,2.0,1.0,3.0,17.85793175999992,1.1062000000000012,32
6142f23f4e27a1844a5f0986,low_MoS2,1.0,2.0,3.0,8.527977040000021,1.1473999999999975,32
6142f30d31cf3ef3d4a9f694,low_MoS2,2.0,1.0,3.0,41.418709740000125,0.3840000000000003,32
6142f3373ac25c70a5c6cc7f,low_MoS2,3.0,0.0,3.0,50.82114524,0.4263999999999939,32
6142f3ce3ac25c70a5c6cc81,low_MoS2,3.0,0.0,3.0,50.77188274000006,0.3993000000000037,32
6142f3d231cf3ef3d4a9f696,low_MoS2,2.0,1.0,3.0,41.39998783999995,0.2971000000000003,32
6142f4673ac25c70a5c6cc83,low_MoS2,3.0,0.0,3.0,50.81288697999995,0.3841999999999999,32
6142f46931cf3ef3d4a9f698,low_MoS2,2.0,1.0,3.0,41.5702138000001,0.4170999999999978,32
6142f47c9cbada84a8676d7f,low_MoS2,0.0,3.0,3.0,-0.8332571600000733,1.8065,32
6142f4aa31cf3ef3d4a9f69a,low_MoS2,2.0,1.0,3.0,41.402068560000046,0.3798999999999992,32
6142f57b4e27a1844a5f0988,low_MoS2,1.0,2.0,3.0,8.510844610000074,1.1424999999999983,32
6142f594baaf234b3529073a,low_MoS2,2.0,1.0,3.0,17.85575818000006,1.0390000000000017,32
6142f5e84e27a1844a5f098a,low_MoS2,1.0,2.0,3.0,8.507137840000066,1.141300000000001,32
6142f63d4e27a1844a5f098c,low_MoS2,1.0,2.0,3.0,8.514035310000079,1.1411000000000016,32
6142f63e31cf3ef3d4a9f69c,low_MoS2,2.0,1.0,3.0,41.46393142999996,0.3703999999999965,32
6142f67d31cf3ef3d4a9f69e,low_MoS2,2.0,1.0,3.0,41.46137902999995,0.3862999999999985,32
6142f6bc4e27a1844a5f098e,low_MoS2,1.0,2.0,3.0,8.514106910000034,1.1456000000000015,32
6142f73f4e27a1844a5f0990,low_MoS2,1.0,2.0,3.0,8.514844979999932,1.1474000000000046,32
6142f77031cf3ef3d4a9f6a0,low_MoS2,2.0,1.0,3.0,41.42823727000014,0.3753000000000028,32
6142f7d54e27a1844a5f0992,low_MoS2,1.0,2.0,3.0,8.510386489999998,1.1433999999999995,32
6142f86531cf3ef3d4a9f6a2,low_MoS2,2.0,1.0,3.0,41.44246392999999,0.3939000000000021,32
6142f8723ac25c70a5c6cc85,low_MoS2,3.0,0.0,3.0,50.76382654,0.4348999999999989,32
6142f8a431cf3ef3d4a9f6a4,low_MoS2,2.0,1.0,3.0,41.46011854000013,0.3990000000000009,32
6142f8df4e27a1844a5f0994,low_MoS2,1.0,2.0,3.0,8.512767760000113,1.1460000000000008,32
6142f8e831cf3ef3d4a9f6a6,low_MoS2,2.0,1.0,3.0,41.38817932000002,0.2991000000000028,32
6142f9254e27a1844a5f0996,low_MoS2,1.0,2.0,3.0,8.506089129999989,1.1422000000000023,32
6142f9793ac25c70a5c6cc87,low_MoS2,3.0,0.0,3.0,50.78968094999997,0.3675999999999959,32
6142fa6e31cf3ef3d4a9f6a8,low_MoS2,2.0,1.0,3.0,41.43270700000012,0.4098000000000041,32
6142fa9e4e27a1844a5f0998,low_MoS2,1.0,2.0,3.0,8.520053760000135,1.147300000000001,32
6142fab83ac25c70a5c6cc89,low_MoS2,3.0,0.0,3.0,50.80895950999994,0.379099999999994,32
6142fb4d4e27a1844a5f099a,low_MoS2,1.0,2.0,3.0,8.515768860000005,1.1445000000000007,32
6142fc5aee0a3fd43fb47f91,low_MoS2,1.0,2.0,3.0,32.09150141000008,0.4029999999999987,32
6142fc6f4e27a1844a5f099c,low_MoS2,1.0,2.0,3.0,8.510590590000017,1.1445000000000007,32
6142fc9eee0a3fd43fb47f93,low_MoS2,1.0,2.0,3.0,32.15622232999998,0.4025000000000034,32
6142fcea4e27a1844a5f099e,low_MoS2,1.0,2.0,3.0,8.5154968300001,1.1443000000000012,32
6142fd2731cf3ef3d4a9f6aa,low_MoS2,2.0,1.0,3.0,41.396781040000135,0.2912999999999996,32
6142fd6a4e27a1844a5f09a0,low_MoS2,1.0,2.0,3.0,8.51142407,1.1448000000000036,32
6142fe5b31cf3ef3d4a9f6ac,low_MoS2,2.0,1.0,3.0,41.45042759000008,0.373899999999999,32
6142febc31cf3ef3d4a9f6ae,low_MoS2,2.0,1.0,3.0,41.47239050000003,0.3359000000000023,32
6142ff0f4e27a1844a5f09a2,low_MoS2,1.0,2.0,3.0,8.505061719999983,1.1424999999999983,32
6142ff7a4e27a1844a5f09a4,low_MoS2,1.0,2.0,3.0,8.514740589999999,1.147200000000005,32
6142ffab31cf3ef3d4a9f6b0,low_MoS2,2.0,1.0,3.0,41.39360241000004,0.3021000000000029,32
6142ffd83ac25c70a5c6cc8b,low_MoS2,3.0,0.0,3.0,50.787511500000086,0.3832000000000022,32
6143002631cf3ef3d4a9f6b2,low_MoS2,2.0,1.0,3.0,41.429603510000064,0.3823999999999969,32
6143006631cf3ef3d4a9f6b4,low_MoS2,2.0,1.0,3.0,41.462893880000095,0.4106999999999985,32
6143008a4e27a1844a5f09a6,low_MoS2,1.0,2.0,3.0,8.495364189999943,1.1510999999999996,32
614300a531cf3ef3d4a9f6b6,low_MoS2,2.0,1.0,3.0,41.45833975000001,0.3592999999999975,32
614300d8baaf234b3529073c,low_MoS2,2.0,1.0,3.0,17.86187676000008,1.1114000000000033,32
614301263ac25c70a5c6cc8d,low_MoS2,3.0,0.0,3.0,50.76647194000012,0.3802000000000021,32
6143017a4e27a1844a5f09a8,low_MoS2,1.0,2.0,3.0,8.498507400000133,1.1491000000000042,32
6143025b31cf3ef3d4a9f6b8,low_MoS2,2.0,1.0,3.0,41.46941946000011,0.4088999999999956,32
614302884e27a1844a5f09aa,low_MoS2,1.0,2.0,3.0,8.543118770000117,1.1443000000000012,32
614302d24e27a1844a5f09ac,low_MoS2,1.0,2.0,3.0,8.512755429999995,1.1452000000000029,32
61430347baaf234b3529073e,low_MoS2,2.0,1.0,3.0,17.8592087500001,1.1045999999999978,32
614303b84e27a1844a5f09ae,low_MoS2,1.0,2.0,3.0,8.503720460000093,1.1484999999999983,32
614303c831cf3ef3d4a9f6ba,low_MoS2,2.0,1.0,3.0,41.44727617000008,0.3939999999999983,32
614304623ac25c70a5c6cc8f,low_MoS2,3.0,0.0,3.0,50.722096099999966,0.280700000000003,32
614304c04e27a1844a5f09b0,low_MoS2,1.0,2.0,3.0,8.51415077000004,1.147200000000005,32
614304c19cbada84a8676d81,low_MoS2,0.0,3.0,3.0,-0.8219782699999882,1.8059999999999972,32
6143052231cf3ef3d4a9f6bc,low_MoS2,2.0,1.0,3.0,41.467508090000095,0.3342000000000027,32
6143054e4e27a1844a5f09b2,low_MoS2,1.0,2.0,3.0,8.514676710000028,1.1450999999999991,32
6143059f31cf3ef3d4a9f6be,low_MoS2,2.0,1.0,3.0,41.48614037000012,0.4156000000000048,32
6143068c4e27a1844a5f09b4,low_MoS2,1.0,2.0,3.0,8.512555260000024,1.1460000000000008,32
6143070831cf3ef3d4a9f6c0,low_MoS2,2.0,1.0,3.0,41.47030831000002,0.4050000000000011,32
6143077c31cf3ef3d4a9f6c2,low_MoS2,2.0,1.0,3.0,41.263264899999925,0.2796999999999983,32
6143088a3ac25c70a5c6cc91,low_MoS2,3.0,0.0,3.0,50.803545260000114,0.3708999999999989,32
614309ca31cf3ef3d4a9f6c4,low_MoS2,2.0,1.0,3.0,39.49347748999999,0.1550000000000011,32
614309f04e27a1844a5f09b6,low_MoS2,1.0,2.0,3.0,8.511706120000124,1.1445000000000007,32
61430acf4e27a1844a5f09b8,low_MoS2,1.0,2.0,3.0,8.496104560000074,1.140900000000002,32
61430ba831cf3ef3d4a9f6c6,low_MoS2,2.0,1.0,3.0,41.48323418000014,0.4059999999999988,32
61430bae3ac25c70a5c6cc93,low_MoS2,3.0,0.0,3.0,50.80087436,0.3708000000000027,32
61430c4a3ac25c70a5c6cc95,low_MoS2,3.0,0.0,3.0,50.99754382000007,0.2415999999999982,32
61430d204e27a1844a5f09ba,low_MoS2,1.0,2.0,3.0,8.514417509999955,1.145699999999998,32
61430d7e4e27a1844a5f09bc,low_MoS2,1.0,2.0,3.0,8.544948369999954,1.177500000000002,32
61430d843ac25c70a5c6cc97,low_MoS2,3.0,0.0,3.0,50.75270414000003,0.361699999999999,32
61430e4c31cf3ef3d4a9f6c8,low_MoS2,2.0,1.0,3.0,41.41591269999999,0.3790000000000049,32
614310313ac25c70a5c6cc99,low_MoS2,3.0,0.0,3.0,50.32618719000008,0.1505999999999971,32
6143106131cf3ef3d4a9f6ca,low_MoS2,2.0,1.0,3.0,41.44909438999999,0.3922999999999987,32
614310b94e27a1844a5f09be,low_MoS2,1.0,2.0,3.0,8.52478814000008,1.1356000000000035,32
614311c44e27a1844a5f09c0,low_MoS2,1.0,2.0,3.0,8.510764030000043,1.1451999999999956,32
6143120a31cf3ef3d4a9f6cc,low_MoS2,2.0,1.0,3.0,39.49589368999996,0.1505000000000009,32
614312c331cf3ef3d4a9f6ce,low_MoS2,2.0,1.0,3.0,39.49514195000002,0.1572000000000031,32
614312ff31cf3ef3d4a9f6d0,low_MoS2,2.0,1.0,3.0,41.46920253999993,0.4020999999999972,32
6143133e31cf3ef3d4a9f6d2,low_MoS2,2.0,1.0,3.0,41.42662044999993,0.3795000000000001,32
614314893ac25c70a5c6cc9b,low_MoS2,3.0,0.0,3.0,50.794700020000086,0.3763000000000005,32
6143151d31cf3ef3d4a9f6d4,low_MoS2,2.0,1.0,3.0,39.497307309999954,0.171999999999997,32
614315234e27a1844a5f09c2,low_MoS2,1.0,2.0,3.0,8.531533659999948,1.1393999999999949,32
6143153d3ac25c70a5c6cc9d,low_MoS2,3.0,0.0,3.0,50.79838388,0.3798999999999992,32
6143160731cf3ef3d4a9f6d6,low_MoS2,2.0,1.0,3.0,41.28899973000007,0.2692999999999941,32
614316123ac25c70a5c6cc9f,low_MoS2,3.0,0.0,3.0,50.77000805000004,0.3974000000000046,32
614317784e27a1844a5f09c4,low_MoS2,1.0,2.0,3.0,8.493543770000112,1.1373000000000033,32
6143178631cf3ef3d4a9f6d8,low_MoS2,2.0,1.0,3.0,41.45696272000005,0.3885000000000005,32
614317d53ac25c70a5c6cca1,low_MoS2,3.0,0.0,3.0,50.75851086999993,0.304399999999994,32
614318284e27a1844a5f09c6,low_MoS2,1.0,2.0,3.0,8.51064678000014,1.1451999999999956,32
61431840ee0a3fd43fb47f95,low_MoS2,1.0,2.0,3.0,32.14258390000008,0.4027999999999991,32
614318624e27a1844a5f09c8,low_MoS2,1.0,2.0,3.0,8.50291130999997,1.1492000000000004,32
614318743ac25c70a5c6cca3,low_MoS2,3.0,0.0,3.0,50.78456337000004,0.3858999999999994,32
614318f34e27a1844a5f09ca,low_MoS2,1.0,2.0,3.0,8.538670030000073,1.1443000000000012,32
614319b031cf3ef3d4a9f6da,low_MoS2,2.0,1.0,3.0,41.43217152000007,0.3825000000000003,32
61431a044e27a1844a5f09cc,low_MoS2,1.0,2.0,3.0,8.505572119999922,1.1503999999999976,32
61431a2d3ac25c70a5c6cca5,low_MoS2,3.0,0.0,3.0,50.837696870000094,0.4266000000000005,32
61431aff4e27a1844a5f09ce,low_MoS2,1.0,2.0,3.0,8.50178249000012,1.151299999999999,32
61431bab4e27a1844a5f09d0,low_MoS2,1.0,2.0,3.0,8.503217590000101,1.1481999999999957,32
61431c6231cf3ef3d4a9f6dc,low_MoS2,2.0,1.0,3.0,41.40485505000011,0.3826999999999998,32
61431c8a4e27a1844a5f09d2,low_MoS2,1.0,2.0,3.0,8.50269731999995,1.1469999999999985,32
61431c9e31cf3ef3d4a9f6de,low_MoS2,2.0,1.0,3.0,41.45502004000009,0.3887999999999962,32
61431cc64e27a1844a5f09d4,low_MoS2,1.0,2.0,3.0,8.538582910000084,1.1447000000000005,32
61431e5931cf3ef3d4a9f6e0,low_MoS2,2.0,1.0,3.0,41.39476146000011,0.2979999999999947,32
61431e8d3ac25c70a5c6cca7,low_MoS2,3.0,0.0,3.0,50.281419399999926,0.1484999999999985,32
61431e904e27a1844a5f09d6,low_MoS2,1.0,2.0,3.0,8.5059534100001,1.1454999999999984,32
61431ecf4e27a1844a5f09d8,low_MoS2,1.0,2.0,3.0,8.50333486000002,1.1458000000000013,32
61431edc31cf3ef3d4a9f6e2,low_MoS2,2.0,1.0,3.0,41.45780277000013,0.3974999999999937,32
6143204531cf3ef3d4a9f6e4,low_MoS2,2.0,1.0,3.0,41.49474570999992,0.4051000000000044,32
614320943ac25c70a5c6cca9,low_MoS2,3.0,0.0,3.0,50.81395233000004,0.3429000000000002,32
614321863ac25c70a5c6ccab,low_MoS2,3.0,0.0,3.0,50.800593099999936,0.3806000000000011,32
6143219831cf3ef3d4a9f6e6,low_MoS2,2.0,1.0,3.0,41.46618896000014,0.4153999999999982,32
614321b44e27a1844a5f09da,low_MoS2,1.0,2.0,3.0,8.499735809999972,1.1455999999999946,32
614322e631cf3ef3d4a9f6e8,low_MoS2,2.0,1.0,3.0,40.97165287999992,0.1569999999999964,32
614323714e27a1844a5f09dc,low_MoS2,1.0,2.0,3.0,8.50670868,1.1477999999999966,32
6143238c3ac25c70a5c6ccad,low_MoS2,3.0,0.0,3.0,50.76400204999997,0.2997999999999976,32
614324094e27a1844a5f09de,low_MoS2,1.0,2.0,3.0,8.522187199999987,1.1396000000000015,32
6143243331cf3ef3d4a9f6ea,low_MoS2,2.0,1.0,3.0,40.97653925999994,0.1529000000000024,32
614324444e27a1844a5f09e0,low_MoS2,1.0,2.0,3.0,8.49401753000009,1.1381999999999977,32
614324ca31cf3ef3d4a9f6ec,low_MoS2,2.0,1.0,3.0,41.45205348000009,0.3909999999999982,32
614325034e27a1844a5f09e2,low_MoS2,1.0,2.0,3.0,8.505131630000076,1.1506000000000045,32
614325203ac25c70a5c6ccaf,low_MoS2,3.0,0.0,3.0,48.89760461000007,0.2485999999999961,32
6143258c4e27a1844a5f09e4,low_MoS2,1.0,2.0,3.0,8.511263979999992,1.1469000000000025,32
614326443ac25c70a5c6ccb1,low_MoS2,3.0,0.0,3.0,50.81092260000006,0.3449000000000026,32
614326714e27a1844a5f09e6,low_MoS2,1.0,2.0,3.0,8.508539899999985,1.1462000000000003,32
6143268731cf3ef3d4a9f6ee,low_MoS2,2.0,1.0,3.0,39.50110523999997,0.1450999999999993,32
6143273231cf3ef3d4a9f6f0,low_MoS2,2.0,1.0,3.0,41.45882460999992,0.3952999999999989,32
6143280131cf3ef3d4a9f6f2,low_MoS2,2.0,1.0,3.0,39.49585810000004,0.1523000000000038,32
614328494e27a1844a5f09e8,low_MoS2,1.0,2.0,3.0,8.498589820000031,1.1418000000000037,32
6143299a3ac25c70a5c6ccb3,low_MoS2,3.0,0.0,3.0,50.794939629999966,0.3737999999999957,32
61432a194e27a1844a5f09ea,low_MoS2,1.0,2.0,3.0,8.52447744000008,1.1412000000000049,32
61432a393ac25c70a5c6ccb5,low_MoS2,3.0,0.0,3.0,50.30217101999998,0.155300000000004,32
61432a4731cf3ef3d4a9f6f4,low_MoS2,2.0,1.0,3.0,41.463290999999984,0.3726000000000056,32
61432b2d3ac25c70a5c6ccb7,low_MoS2,3.0,0.0,3.0,48.83197778000014,0.1489000000000047,32
61432b5931cf3ef3d4a9f6f6,low_MoS2,2.0,1.0,3.0,41.44705448000009,0.3887,32
61432b744e27a1844a5f09ec,low_MoS2,1.0,2.0,3.0,8.543098359999956,1.1443999999999974,32
61432baf4e27a1844a5f09ee,low_MoS2,1.0,2.0,3.0,8.516138600000001,1.1437000000000026,32
61432bb631cf3ef3d4a9f6f8,low_MoS2,2.0,1.0,3.0,41.45862050000001,0.4016999999999981,32
61432c5f31cf3ef3d4a9f6fa,low_MoS2,2.0,1.0,3.0,41.36399372000001,0.2939000000000007,32
61432cc53ac25c70a5c6ccb9,low_MoS2,3.0,0.0,3.0,48.84189189999999,0.1565999999999974,32
61432d60baaf234b35290740,low_MoS2,2.0,1.0,3.0,17.84897019000004,1.0837000000000003,32
61432d864e27a1844a5f09f0,low_MoS2,1.0,2.0,3.0,8.511025459999953,1.1445000000000007,32
61432e7b3ac25c70a5c6ccbb,low_MoS2,3.0,0.0,3.0,50.27978614000009,0.3846999999999951,32
61432ed931cf3ef3d4a9f6fc,low_MoS2,2.0,1.0,3.0,41.47079713000012,0.417900000000003,32
61432fa04e27a1844a5f09f2,low_MoS2,1.0,2.0,3.0,8.49927860000005,1.146100000000004,32
614330803ac25c70a5c6ccbd,low_MoS2,3.0,0.0,3.0,50.77806806999994,0.3918000000000035,32
614330cd9cbada84a8676d83,low_MoS2,0.0,3.0,3.0,-0.8295159799999396,1.808799999999998,32
614331254e27a1844a5f09f4,low_MoS2,1.0,2.0,3.0,8.506501490000144,1.1509,32
614331614e27a1844a5f09f6,low_MoS2,1.0,2.0,3.0,8.507380560000026,1.144600000000004,32
6143316631cf3ef3d4a9f6fe,low_MoS2,2.0,1.0,3.0,41.48302933000009,0.408699999999996,32
614331c93ac25c70a5c6ccbf,low_MoS2,3.0,0.0,3.0,50.79409101999992,0.3762000000000043,32
6143328031cf3ef3d4a9f700,low_MoS2,2.0,1.0,3.0,41.46027111000008,0.3847000000000022,32
614332d54e27a1844a5f09f8,low_MoS2,1.0,2.0,3.0,8.515337529999922,1.1478000000000037,32
614333103ac25c70a5c6ccc1,low_MoS2,3.0,0.0,3.0,50.82254887000014,0.3401999999999958,32
6143332c31cf3ef3d4a9f702,low_MoS2,2.0,1.0,3.0,41.47673647999996,0.4058000000000064,32
6143338031cf3ef3d4a9f704,low_MoS2,2.0,1.0,3.0,41.48764176999994,0.4115999999999999,32
614333ae3ac25c70a5c6ccc3,low_MoS2,3.0,0.0,3.0,50.70767169000002,0.3100999999999985,32
614334d631cf3ef3d4a9f706,low_MoS2,2.0,1.0,3.0,41.39713285000012,0.3640000000000043,32
614335b23ac25c70a5c6ccc5,low_MoS2,3.0,0.0,3.0,50.82096856000013,0.4127999999999971,32
614335d231cf3ef3d4a9f708,low_MoS2,2.0,1.0,3.0,40.96610154000014,0.1578000000000017,32
6143362731cf3ef3d4a9f70a,low_MoS2,2.0,1.0,3.0,40.97321585999994,0.1538000000000039,32
614336933ac25c70a5c6ccc7,low_MoS2,3.0,0.0,3.0,50.31005898000004,0.146800000000006,32
6143374b3ac25c70a5c6ccc9,low_MoS2,3.0,0.0,3.0,48.865039559999936,0.2055000000000006,32
6143386031cf3ef3d4a9f70c,low_MoS2,2.0,1.0,3.0,41.43875217,0.4100999999999999,32
614338b54e27a1844a5f09fa,low_MoS2,1.0,2.0,3.0,8.504182270000026,1.146099999999997,32
6143390f9cbada84a8676d85,low_MoS2,0.0,3.0,3.0,-0.8314700899999821,1.808399999999999,32
614339484e27a1844a5f09fc,low_MoS2,1.0,2.0,3.0,8.529391309999962,1.1387999999999965,32
614339f231cf3ef3d4a9f70e,low_MoS2,2.0,1.0,3.0,41.46488203999998,0.3962000000000003,32
61433b684e27a1844a5f09fe,low_MoS2,1.0,2.0,3.0,8.493431249999983,1.1377999999999986,32
61433b863ac25c70a5c6cccb,low_MoS2,3.0,0.0,3.0,50.36927344999996,0.1197000000000017,32
61433bcd4e27a1844a5f0a00,low_MoS2,1.0,2.0,3.0,8.513084850000066,1.144599999999997,32
61433c1231cf3ef3d4a9f710,low_MoS2,2.0,1.0,3.0,41.43261823000008,0.3800999999999987,32
61433c364e27a1844a5f0a02,low_MoS2,1.0,2.0,3.0,8.540489590000131,1.1454999999999984,32
61433c724e27a1844a5f0a04,low_MoS2,1.0,2.0,3.0,8.540661880000041,1.1465000000000032,32
61433cb04e27a1844a5f0a06,low_MoS2,1.0,2.0,3.0,8.510336070000019,1.1444000000000043,32
61433eb44e27a1844a5f0a08,low_MoS2,1.0,2.0,3.0,8.509695969999964,1.1468999999999951,32
61433eb631cf3ef3d4a9f712,low_MoS2,2.0,1.0,3.0,41.41256257999994,0.417900000000003,32
61433f2631cf3ef3d4a9f714,low_MoS2,2.0,1.0,3.0,39.48739253000004,0.1580000000000012,32
61433f774e27a1844a5f0a0a,low_MoS2,1.0,2.0,3.0,8.511248540000022,1.1456000000000015,32
61433f7e31cf3ef3d4a9f716,low_MoS2,2.0,1.0,3.0,41.46389967,0.3629999999999995,32
61433fb03ac25c70a5c6cccd,low_MoS2,3.0,0.0,3.0,50.38439261,0.1604999999999989,32
61433fe1baaf234b35290742,low_MoS2,2.0,1.0,3.0,17.82131171000014,1.1088999999999984,32
61433ff531cf3ef3d4a9f718,low_MoS2,2.0,1.0,3.0,41.48642663000005,0.4115000000000037,32
6143407c3ac25c70a5c6cccf,low_MoS2,3.0,0.0,3.0,50.86958177000012,0.181999999999995,32
614340aa31cf3ef3d4a9f71a,low_MoS2,2.0,1.0,3.0,41.48092274000005,0.409399999999998,32
614341194e27a1844a5f0a0c,low_MoS2,1.0,2.0,3.0,8.502714239999957,1.1469999999999985,32
614341633ac25c70a5c6ccd1,low_MoS2,3.0,0.0,3.0,50.737644890000105,0.2912000000000034,32
614341814e27a1844a5f0a0e,low_MoS2,1.0,2.0,3.0,8.509804300000066,1.1447000000000005,32
61434443baaf234b35290744,low_MoS2,2.0,1.0,3.0,17.860550620000133,1.113899999999994,32
6143444d4e27a1844a5f0a10,low_MoS2,1.0,2.0,3.0,8.513119180000128,1.1458999999999977,32
6143445331cf3ef3d4a9f71c,low_MoS2,2.0,1.0,3.0,41.48513521000014,0.4128000000000043,32
6143453a3ac25c70a5c6ccd3,low_MoS2,3.0,0.0,3.0,50.64152299999993,0.3785999999999987,32
614345b34e27a1844a5f0a12,low_MoS2,1.0,2.0,3.0,8.510126500000094,1.1448000000000036,32
6143461abaaf234b35290746,low_MoS2,2.0,1.0,3.0,17.86525574000006,1.0831000000000015,32
614346254e27a1844a5f0a14,low_MoS2,1.0,2.0,3.0,8.495689310000014,1.140500000000003,32
6143465f31cf3ef3d4a9f71e,low_MoS2,2.0,1.0,3.0,41.46738124999997,0.3344999999999984,32
614346653ac25c70a5c6ccd5,low_MoS2,3.0,0.0,3.0,50.793233080000086,0.3746000000000009,32
6143479d31cf3ef3d4a9f720,low_MoS2,2.0,1.0,3.0,41.46003201999993,0.3771999999999949,32
6143483831cf3ef3d4a9f722,low_MoS2,2.0,1.0,3.0,41.4819586600001,0.4134000000000029,32
614348454e27a1844a5f0a16,low_MoS2,1.0,2.0,3.0,8.54376630000004,1.1784000000000034,32
6143487831cf3ef3d4a9f724,low_MoS2,2.0,1.0,3.0,41.46083560999996,0.4134000000000029,32
614348833ac25c70a5c6ccd7,low_MoS2,3.0,0.0,3.0,50.79978453999994,0.1717000000000013,32
6143491631cf3ef3d4a9f726,low_MoS2,2.0,1.0,3.0,41.48711315999999,0.4146000000000001,32
614349994e27a1844a5f0a18,low_MoS2,1.0,2.0,3.0,8.51065524000003,1.144299999999994,32
614349dc31cf3ef3d4a9f728,low_MoS2,2.0,1.0,3.0,41.2985636800001,0.267399999999995,32
61434b773ac25c70a5c6ccd9,low_MoS2,3.0,0.0,3.0,48.82045867000003,0.1735000000000042,32
61434c294e27a1844a5f0a1a,low_MoS2,1.0,2.0,3.0,8.512764200000017,1.1447999999999965,32
61434c5f3ac25c70a5c6ccdb,low_MoS2,3.0,0.0,3.0,50.79141640000004,0.3847999999999985,32
61434cd731cf3ef3d4a9f72a,low_MoS2,2.0,1.0,3.0,41.46928642999997,0.3795999999999964,32
61434d8e3ac25c70a5c6ccdd,low_MoS2,3.0,0.0,3.0,50.81306428999998,0.3933999999999997,32
61434e6431cf3ef3d4a9f72c,low_MoS2,2.0,1.0,3.0,41.48740756000002,0.4063999999999979,32
61434e763ac25c70a5c6ccdf,low_MoS2,3.0,0.0,3.0,50.807335720000005,0.3879000000000019,32
61434ea431cf3ef3d4a9f72e,low_MoS2,2.0,1.0,3.0,41.45397421000003,0.3815000000000026,32
61434f183ac25c70a5c6cce1,low_MoS2,3.0,0.0,3.0,50.77373350000008,0.4305999999999983,32
61434fc631cf3ef3d4a9f730,low_MoS2,2.0,1.0,3.0,41.42670739,0.3745000000000047,32
6143501dee0a3fd43fb47f97,low_MoS2,1.0,2.0,3.0,32.1416454,0.4048999999999978,32
614350543ac25c70a5c6cce3,low_MoS2,3.0,0.0,3.0,50.327173139999935,0.1521999999999934,32
614350bd4e27a1844a5f0a1c,low_MoS2,1.0,2.0,3.0,8.506337080000119,1.137599999999999,32
614350f73ac25c70a5c6cce5,low_MoS2,3.0,0.0,3.0,49.864745430000006,0.1988000000000056,32
6143510531cf3ef3d4a9f732,low_MoS2,2.0,1.0,3.0,41.44835794000001,0.3626999999999967,32
614351224e27a1844a5f0a1e,low_MoS2,1.0,2.0,3.0,8.51655335000012,1.1451999999999956,32
6143514531cf3ef3d4a9f734,low_MoS2,2.0,1.0,3.0,39.49641168000012,0.1501999999999981,32
6143519e31cf3ef3d4a9f736,low_MoS2,2.0,1.0,3.0,41.46112630000012,0.3680000000000021,32
614351d34e27a1844a5f0a20,low_MoS2,1.0,2.0,3.0,8.509880180000007,1.1447000000000005,32
614351f93ac25c70a5c6cce7,low_MoS2,3.0,0.0,3.0,50.74219656999996,0.2950000000000017,32
6143540631cf3ef3d4a9f738,low_MoS2,2.0,1.0,3.0,41.38532490000007,0.2832000000000008,32
6143551031cf3ef3d4a9f73a,low_MoS2,2.0,1.0,3.0,41.45783221000006,0.3746999999999971,32
6143557c31cf3ef3d4a9f73c,low_MoS2,2.0,1.0,3.0,41.47196890999994,0.4057999999999993,32
614355f5ee0a3fd43fb47f99,low_MoS2,1.0,2.0,3.0,32.14728385000011,0.4033000000000015,32
614356233ac25c70a5c6cce9,low_MoS2,3.0,0.0,3.0,50.80845529000013,0.3928999999999973,32
614356a94e27a1844a5f0a22,low_MoS2,1.0,2.0,3.0,8.514238000000002,1.1457999999999942,32
614356d73ac25c70a5c6cceb,low_MoS2,3.0,0.0,3.0,50.3162509800001,0.1533000000000015,32
61435770baaf234b35290748,low_MoS2,2.0,1.0,3.0,17.885216099999973,1.1062000000000012,32
614357bc31cf3ef3d4a9f73e,low_MoS2,2.0,1.0,3.0,41.48386143000012,0.4159999999999968,32
614358f931cf3ef3d4a9f740,low_MoS2,2.0,1.0,3.0,41.475309410000094,0.4117000000000033,32
614359159cbada84a8676d87,low_MoS2,0.0,3.0,3.0,-0.8337274200000024,1.8076000000000008,32
614359553ac25c70a5c6cced,low_MoS2,3.0,0.0,3.0,48.78484562999999,0.1647000000000034,32
614359764e27a1844a5f0a24,low_MoS2,1.0,2.0,3.0,8.487280880000096,1.1390999999999991,32
6143597b31cf3ef3d4a9f742,low_MoS2,2.0,1.0,3.0,41.46683745000014,0.408699999999996,32
61435ad44e27a1844a5f0a26,low_MoS2,1.0,2.0,3.0,8.527562680000099,1.1392000000000024,32
61435bbb4e27a1844a5f0a28,low_MoS2,1.0,2.0,3.0,8.501748670000122,1.145699999999998,32
61435bf931cf3ef3d4a9f744,low_MoS2,2.0,1.0,3.0,41.47388145000009,0.4136999999999986,32
61435cf63ac25c70a5c6ccef,low_MoS2,3.0,0.0,3.0,50.80187097000013,0.3620000000000019,32
61435cfc31cf3ef3d4a9f746,low_MoS2,2.0,1.0,3.0,41.39210003000012,0.2916999999999987,32
61435d5e4e27a1844a5f0a2a,low_MoS2,1.0,2.0,3.0,8.531884700000116,1.140499999999996,32
61435d9c4e27a1844a5f0a2c,low_MoS2,1.0,2.0,3.0,8.509025520000048,1.1462999999999963,32
61435e6c31cf3ef3d4a9f748,low_MoS2,2.0,1.0,3.0,41.475893020000015,0.4131999999999962,32
61435e6d3ac25c70a5c6ccf1,low_MoS2,3.0,0.0,3.0,50.78506669000004,0.3841999999999999,32
61435ee24e27a1844a5f0a2e,low_MoS2,1.0,2.0,3.0,8.51474119000002,1.1477999999999966,32
61435f5a4e27a1844a5f0a30,low_MoS2,1.0,2.0,3.0,8.51716437000007,1.1432000000000002,32
6143630f31cf3ef3d4a9f74a,low_MoS2,2.0,1.0,3.0,41.455876200000105,0.3695999999999984,32
6143633f4e27a1844a5f0a32,low_MoS2,1.0,2.0,3.0,8.502511080000001,1.1467000000000027,32
6143641131cf3ef3d4a9f74c,low_MoS2,2.0,1.0,3.0,39.45382577000005,0.1794000000000011,32
6143647531cf3ef3d4a9f74e,low_MoS2,2.0,1.0,3.0,41.4728971900001,0.4140000000000015,32
614364c03ac25c70a5c6ccf3,low_MoS2,3.0,0.0,3.0,50.82825511000002,0.4177000000000035,32
614365b74e27a1844a5f0a34,low_MoS2,1.0,2.0,3.0,8.513625049999998,1.144600000000004,32
614366a431cf3ef3d4a9f750,low_MoS2,2.0,1.0,3.0,41.43089972999992,0.3782999999999958,32
614366e04e27a1844a5f0a36,low_MoS2,1.0,2.0,3.0,8.511678280000094,1.1447000000000005,32
614366ef3ac25c70a5c6ccf5,low_MoS2,3.0,0.0,3.0,50.31491809000014,0.1545000000000058,32
614368b431cf3ef3d4a9f752,low_MoS2,2.0,1.0,3.0,41.45640715999998,0.3879000000000019,32
6143696c4e27a1844a5f0a38,low_MoS2,1.0,2.0,3.0,8.507622760000029,1.147199999999998,32
61436a594e27a1844a5f0a3a,low_MoS2,1.0,2.0,3.0,8.542786120000098,1.1447000000000005,32
61436b0a3ac25c70a5c6ccf7,low_MoS2,3.0,0.0,3.0,50.80566931000013,0.3939999999999983,32
61436b8531cf3ef3d4a9f754,low_MoS2,2.0,1.0,3.0,41.43982408000007,0.3740999999999985,32
61436bb03ac25c70a5c6ccf9,low_MoS2,3.0,0.0,3.0,50.76712359000013,0.381299999999996,32
61436bfe31cf3ef3d4a9f756,low_MoS2,2.0,1.0,3.0,39.500947429999954,0.1478999999999999,32
61436d9d4e27a1844a5f0a3c,low_MoS2,1.0,2.0,3.0,8.517628999999967,1.142300000000006,32
61436de731cf3ef3d4a9f758,low_MoS2,2.0,1.0,3.0,41.473229440000026,0.4046999999999983,32
61436f1f4e27a1844a5f0a3e,low_MoS2,1.0,2.0,3.0,8.543980780000108,1.177900000000001,32
61436f8131cf3ef3d4a9f75a,low_MoS2,2.0,1.0,3.0,41.44871819999999,0.3586999999999989,32
614371e931cf3ef3d4a9f75c,low_MoS2,2.0,1.0,3.0,41.42743794999997,0.3853999999999971,32
6143724c4e27a1844a5f0a40,low_MoS2,1.0,2.0,3.0,8.51127879000003,1.1445000000000007,32
614372f43ac25c70a5c6ccfb,low_MoS2,3.0,0.0,3.0,50.81154684000004,0.3782999999999958,32
6143736231cf3ef3d4a9f75e,low_MoS2,2.0,1.0,3.0,41.474985880000034,0.4138999999999981,32
6143739f3ac25c70a5c6ccfd,low_MoS2,3.0,0.0,3.0,50.2925847600001,0.1561999999999983,32
614374483ac25c70a5c6ccff,low_MoS2,3.0,0.0,3.0,50.81500870999995,0.3876999999999952,32
614374f13ac25c70a5c6cd01,low_MoS2,3.0,0.0,3.0,50.81895573000012,0.4226000000000027,32
6143755b4e27a1844a5f0a42,low_MoS2,1.0,2.0,3.0,8.51740092999992,1.1480999999999997,32
614375dcbaaf234b3529074a,low_MoS2,2.0,1.0,3.0,17.911051490000084,1.007399999999997,32
614375fd31cf3ef3d4a9f760,low_MoS2,2.0,1.0,3.0,41.46210785000012,0.3746000000000009,32
614376a431cf3ef3d4a9f762,low_MoS2,2.0,1.0,3.0,41.45239641000008,0.3806999999999974,32
614376c84e27a1844a5f0a44,low_MoS2,1.0,2.0,3.0,8.510693610000114,1.1447000000000005,32
614377e331cf3ef3d4a9f764,low_MoS2,2.0,1.0,3.0,41.51379517000005,0.3750999999999962,32
614377ff4e27a1844a5f0a46,low_MoS2,1.0,2.0,3.0,8.512900839999954,1.1443000000000012,32
614378e99cbada84a8676d89,low_MoS2,0.0,3.0,3.0,-0.8223184999998807,1.8077999999999927,32
614379f831cf3ef3d4a9f766,low_MoS2,2.0,1.0,3.0,41.42420336000005,0.3845999999999989,32
61437c3f3ac25c70a5c6cd03,low_MoS2,3.0,0.0,3.0,50.738271439999984,0.3068000000000026,32
61437dc1ee0a3fd43fb47f9b,low_MoS2,1.0,2.0,3.0,32.141560369999965,0.4052000000000006,32
61437e12ee0a3fd43fb47f9d,low_MoS2,1.0,2.0,3.0,32.13923900999997,0.4044999999999987,32
61437e914e27a1844a5f0a48,low_MoS2,1.0,2.0,3.0,8.519285379999953,1.1429000000000045,32
61437f8531cf3ef3d4a9f768,low_MoS2,2.0,1.0,3.0,41.39624414999999,0.3939000000000021,32
61437ff331cf3ef3d4a9f76a,low_MoS2,2.0,1.0,3.0,41.48474924000011,0.416400000000003,32
61437ff94e27a1844a5f0a4a,low_MoS2,1.0,2.0,3.0,8.511340710000038,1.1445000000000007,32
614380093ac25c70a5c6cd05,low_MoS2,3.0,0.0,3.0,50.27825567999995,0.1518000000000015,32
6143806031cf3ef3d4a9f76c,low_MoS2,2.0,1.0,3.0,39.493335210000126,0.1550000000000011,32
614380cd3ac25c70a5c6cd07,low_MoS2,3.0,0.0,3.0,48.838359830000094,0.1649000000000029,32
6143820a4e27a1844a5f0a4c,low_MoS2,1.0,2.0,3.0,8.520364590000124,1.1418000000000037,32
614383d631cf3ef3d4a9f76e,low_MoS2,2.0,1.0,3.0,41.43945931000003,0.4089999999999989,32
614384863ac25c70a5c6cd09,low_MoS2,3.0,0.0,3.0,50.69642209000009,0.4133999999999957,32
614384cb4e27a1844a5f0a4e,low_MoS2,1.0,2.0,3.0,8.502766739999995,1.1465000000000032,32
614385094e27a1844a5f0a50,low_MoS2,1.0,2.0,3.0,8.510816080000065,1.1452999999999989,32
6143857a3ac25c70a5c6cd0b,low_MoS2,3.0,0.0,3.0,50.7885246,0.3899000000000043,32
6143867d4e27a1844a5f0a52,low_MoS2,1.0,2.0,3.0,8.505314550000119,1.147199999999998,32
614388324e27a1844a5f0a54,low_MoS2,1.0,2.0,3.0,8.51219971000003,1.1450999999999991,32
614388ac31cf3ef3d4a9f770,low_MoS2,2.0,1.0,3.0,41.42084822000011,0.349499999999999,32
6143894631cf3ef3d4a9f772,low_MoS2,2.0,1.0,3.0,41.455121980000015,0.3763000000000005,32
614389f73ac25c70a5c6cd0d,low_MoS2,3.0,0.0,3.0,50.80831771000013,0.3830999999999989,32
61438ab13ac25c70a5c6cd0f,low_MoS2,3.0,0.0,3.0,50.801685029999966,0.375,32
61438b5e3ac25c70a5c6cd11,low_MoS2,3.0,0.0,3.0,50.80885866000009,0.3754999999999953,32
61438cee31cf3ef3d4a9f774,low_MoS2,2.0,1.0,3.0,41.47873120000004,0.4170999999999978,32
61438ee84e27a1844a5f0a56,low_MoS2,1.0,2.0,3.0,8.532111730000022,1.137900000000002,32
61438fde31cf3ef3d4a9f776,low_MoS2,2.0,1.0,3.0,41.45576225999999,0.3667999999999978,32
6143902f3ac25c70a5c6cd13,low_MoS2,3.0,0.0,3.0,48.84800600000009,0.5165000000000006,32
614391014e27a1844a5f0a58,low_MoS2,1.0,2.0,3.0,8.54307646000009,1.184200000000004,32
614391c43ac25c70a5c6cd15,low_MoS2,3.0,0.0,3.0,50.762131500000045,0.3847999999999985,32
61439247ee0a3fd43fb47f9f,low_MoS2,1.0,2.0,3.0,32.14446601999997,0.4039000000000001,32
614392773ac25c70a5c6cd17,low_MoS2,3.0,0.0,3.0,50.825969330000056,0.4270000000000067,32
614392a3baaf234b3529074c,low_MoS2,2.0,1.0,3.0,17.930463260000117,0.6533000000000015,32
6143932d31cf3ef3d4a9f778,low_MoS2,2.0,1.0,3.0,41.46470876999997,0.4024000000000001,32
614393f44e27a1844a5f0a5a,low_MoS2,1.0,2.0,3.0,8.503603820000105,1.1458000000000013,32
6143964f3ac25c70a5c6cd19,low_MoS2,3.0,0.0,3.0,50.77849206000011,0.3398000000000039,32
614396e64e27a1844a5f0a5c,low_MoS2,1.0,2.0,3.0,8.549176609999929,1.1770999999999958,32
614397163ac25c70a5c6cd1b,low_MoS2,3.0,0.0,3.0,50.78333723999996,0.3762000000000043,32
614398c631cf3ef3d4a9f77a,low_MoS2,2.0,1.0,3.0,41.48111916000012,0.4033000000000015,32
614399bdbaaf234b3529074e,low_MoS2,2.0,1.0,3.0,17.812077850000144,1.1060000000000016,32
61439a1331cf3ef3d4a9f77c,low_MoS2,2.0,1.0,3.0,41.4575468,0.3763999999999967,32
61439c723ac25c70a5c6cd1d,low_MoS2,3.0,0.0,3.0,50.76672909000005,0.3861000000000061,32
61439d894e27a1844a5f0a5e,low_MoS2,1.0,2.0,3.0,8.507834430000027,1.149000000000001,32
61439f1a4e27a1844a5f0a60,low_MoS2,1.0,2.0,3.0,8.548927520000031,1.1776000000000053,32
61439f574e27a1844a5f0a62,low_MoS2,1.0,2.0,3.0,8.514361640000086,1.1411000000000016,32
6143a28631cf3ef3d4a9f77e,low_MoS2,2.0,1.0,3.0,41.45507964000008,0.3903000000000034,32
6143a3fb3ac25c70a5c6cd1f,low_MoS2,3.0,0.0,3.0,50.785909990000086,0.3963999999999998,32
6143a4a73ac25c70a5c6cd21,low_MoS2,3.0,0.0,3.0,50.31632131000007,0.1492000000000004,32
6143a5533ac25c70a5c6cd23,low_MoS2,3.0,0.0,3.0,50.84433711000012,0.4136000000000024,32
6143a5ec31cf3ef3d4a9f780,low_MoS2,2.0,1.0,3.0,41.41351026999992,0.4011999999999958,32
6143a6b04e27a1844a5f0a64,low_MoS2,1.0,2.0,3.0,8.512980320000022,1.1452000000000029,32
6143a7914e27a1844a5f0a66,low_MoS2,1.0,2.0,3.0,8.542938699999947,1.1822000000000017,32
6143a84831cf3ef3d4a9f782,low_MoS2,2.0,1.0,3.0,41.45283113000001,0.3826000000000036,32
6143a8a231cf3ef3d4a9f784,low_MoS2,2.0,1.0,3.0,41.38983154000012,0.2982000000000013,32
6143a9d64e27a1844a5f0a68,low_MoS2,1.0,2.0,3.0,8.543850060000093,1.1773000000000025,32
6143aa554e27a1844a5f0a6a,low_MoS2,1.0,2.0,3.0,8.515365470000031,1.1452999999999989,32
6143abb231cf3ef3d4a9f786,low_MoS2,2.0,1.0,3.0,41.42943978000012,0.3836000000000013,32
6143ad094e27a1844a5f0a6c,low_MoS2,1.0,2.0,3.0,8.511135380000066,1.1476000000000042,32
6143add84e27a1844a5f0a6e,low_MoS2,1.0,2.0,3.0,8.513590090000005,1.1414000000000044,32
6143adeb31cf3ef3d4a9f788,low_MoS2,2.0,1.0,3.0,41.46508644000001,0.3958000000000012,32
6143ae403ac25c70a5c6cd25,low_MoS2,3.0,0.0,3.0,50.81219228000001,0.3404999999999987,32
6143af9d4e27a1844a5f0a70,low_MoS2,1.0,2.0,3.0,8.505674219999971,1.1464,32
6143b0079cbada84a8676d8b,low_MoS2,0.0,3.0,3.0,-0.8338290700000357,1.8096000000000032,32
6143b04131cf3ef3d4a9f78a,low_MoS2,2.0,1.0,3.0,40.977200519999954,0.1587000000000031,32
6143b0c74e27a1844a5f0a72,low_MoS2,1.0,2.0,3.0,8.505630019999924,1.137900000000002,32
6143b18631cf3ef3d4a9f78c,low_MoS2,2.0,1.0,3.0,41.46237824000009,0.3869000000000042,32
6143b24631cf3ef3d4a9f78e,low_MoS2,2.0,1.0,3.0,41.45140876000001,0.3845999999999989,32
6143b4c53ac25c70a5c6cd27,low_MoS2,3.0,0.0,3.0,50.71815338999992,0.3039999999999949,32
6143b5014e27a1844a5f0a74,low_MoS2,1.0,2.0,3.0,8.531892210000048,1.139400000000002,32
6143b54331cf3ef3d4a9f790,low_MoS2,2.0,1.0,3.0,41.47462902000002,0.4100999999999999,32
6143b5843ac25c70a5c6cd29,low_MoS2,3.0,0.0,3.0,50.78926173999995,0.3729000000000013,32
6143b7d63ac25c70a5c6cd2b,low_MoS2,3.0,0.0,3.0,50.84011873000001,0.1617000000000032,32
6143b8874e27a1844a5f0a76,low_MoS2,1.0,2.0,3.0,8.500375670000064,1.1495000000000033,32
6143ba8f3ac25c70a5c6cd2d,low_MoS2,3.0,0.0,3.0,50.82020604000005,0.3383000000000038,32
6143bc5931cf3ef3d4a9f792,low_MoS2,2.0,1.0,3.0,41.47566954000008,0.3342999999999989,32
6143bd0f31cf3ef3d4a9f794,low_MoS2,2.0,1.0,3.0,39.49363790000002,0.1527999999999991,32
6143bdca3ac25c70a5c6cd2f,low_MoS2,3.0,0.0,3.0,50.72130825000014,0.3056999999999945,32
6143be0c4e27a1844a5f0a78,low_MoS2,1.0,2.0,3.0,8.505825389999952,1.1462999999999963,32
6143c0063ac25c70a5c6cd31,low_MoS2,3.0,0.0,3.0,50.78272179000002,0.3847999999999985,32
6143c01031cf3ef3d4a9f796,low_MoS2,2.0,1.0,3.0,41.43392003000004,0.4078999999999979,32
6143c1d44e27a1844a5f0a7a,low_MoS2,1.0,2.0,3.0,8.530037969999992,1.1369000000000042,32
6143c75731cf3ef3d4a9f798,low_MoS2,2.0,1.0,3.0,40.96812640000003,0.1535999999999973,32
6143c7bf31cf3ef3d4a9f79a,low_MoS2,2.0,1.0,3.0,41.47530058000002,0.4136999999999986,32
6143c9ac31cf3ef3d4a9f79c,low_MoS2,2.0,1.0,3.0,41.38764826000006,0.3025999999999982,32
6143c9ed31cf3ef3d4a9f79e,low_MoS2,2.0,1.0,3.0,41.39380939999997,0.298099999999998,32
6143ca2f4e27a1844a5f0a7c,low_MoS2,1.0,2.0,3.0,8.50604645000001,1.1372999999999962,32
6143cad34e27a1844a5f0a7e,low_MoS2,1.0,2.0,3.0,8.54341875999992,1.1784000000000034,32
6143caea3ac25c70a5c6cd33,low_MoS2,3.0,0.0,3.0,50.82208509000012,0.4150999999999953,32
6143cb9a3ac25c70a5c6cd35,low_MoS2,3.0,0.0,3.0,50.83202670999996,0.4195000000000064,32
6143cf8d3ac25c70a5c6cd37,low_MoS2,3.0,0.0,3.0,48.63604733000003,0.1923999999999992,32
6143cf9c31cf3ef3d4a9f7a0,low_MoS2,2.0,1.0,3.0,41.36828946999999,0.3006999999999991,32
6143cfe031cf3ef3d4a9f7a2,low_MoS2,2.0,1.0,3.0,41.45804655000002,0.3849000000000018,32
6143d03e3ac25c70a5c6cd39,low_MoS2,3.0,0.0,3.0,50.81710826000009,0.3426000000000044,32
6143d18f3ac25c70a5c6cd3b,low_MoS2,3.0,0.0,3.0,50.64483278000004,0.1598000000000041,32
6143d24431cf3ef3d4a9f7a4,low_MoS2,2.0,1.0,3.0,41.45789785000007,0.3885000000000005,32
6143d2cb3ac25c70a5c6cd3d,low_MoS2,3.0,0.0,3.0,50.18309682999999,0.1794999999999973,32
6143d37e3ac25c70a5c6cd3f,low_MoS2,3.0,0.0,3.0,50.80044852000007,0.4099000000000004,32
6143d5573ac25c70a5c6cd41,low_MoS2,3.0,0.0,3.0,50.81425056000004,0.3464000000000027,32
6143d5dc4e27a1844a5f0a80,low_MoS2,1.0,2.0,3.0,8.51071236999999,1.145399999999995,32
6143da0e3ac25c70a5c6cd43,low_MoS2,3.0,0.0,3.0,50.854818930000114,0.4065999999999974,32
6143dbd34e27a1844a5f0a82,low_MoS2,1.0,2.0,3.0,8.539476830000037,1.1318000000000057,32
6143e0364e27a1844a5f0a84,low_MoS2,1.0,2.0,3.0,8.514531869999953,1.1476000000000042,32
6143e4c831cf3ef3d4a9f7a6,low_MoS2,2.0,1.0,3.0,39.49535947,0.1536000000000044,32
6143e6339cbada84a8676d8d,low_MoS2,0.0,3.0,3.0,-0.8318192500000237,1.8096999999999996,32
6143e6553ac25c70a5c6cd45,low_MoS2,3.0,0.0,3.0,50.8267652000001,0.4291999999999945,32
6143e71031cf3ef3d4a9f7a8,low_MoS2,2.0,1.0,3.0,41.417076879999925,0.4170999999999978,32
6143e83f4e27a1844a5f0a86,low_MoS2,1.0,2.0,3.0,8.536436829999982,1.147199999999998,32
6143eaf031cf3ef3d4a9f7aa,low_MoS2,2.0,1.0,3.0,41.45428503000012,0.3793000000000006,32
6143ecd631cf3ef3d4a9f7ac,low_MoS2,2.0,1.0,3.0,41.46075830000014,0.3512999999999948,32
6143ee2c31cf3ef3d4a9f7ae,low_MoS2,2.0,1.0,3.0,41.47044247999993,0.3339999999999961,32
6143efc23ac25c70a5c6cd47,low_MoS2,3.0,0.0,3.0,50.31261286999999,0.1503000000000014,32
6143f1d54e27a1844a5f0a88,low_MoS2,1.0,2.0,3.0,8.510590090000075,1.1437999999999988,32
6143f2ab31cf3ef3d4a9f7b0,low_MoS2,2.0,1.0,3.0,39.42634863000008,0.1912999999999982,32
6143f3f84e27a1844a5f0a8a,low_MoS2,1.0,2.0,3.0,8.507357010000103,1.1433000000000035,32
6143f4714e27a1844a5f0a8c,low_MoS2,1.0,2.0,3.0,8.51432902000013,1.1452999999999989,32
6143f5af31cf3ef3d4a9f7b2,low_MoS2,2.0,1.0,3.0,41.49017034999993,0.4140999999999977,32
6143f5fc3ac25c70a5c6cd49,low_MoS2,3.0,0.0,3.0,50.77521629999993,0.3822999999999936,32
6143f62631cf3ef3d4a9f7b4,low_MoS2,2.0,1.0,3.0,41.47063647,0.3359999999999985,32
6143f8083ac25c70a5c6cd4b,low_MoS2,3.0,0.0,3.0,50.798194720000005,0.3798999999999992,32
6143f85231cf3ef3d4a9f7b6,low_MoS2,2.0,1.0,3.0,40.97297847,0.1565000000000012,32
6143f93131cf3ef3d4a9f7b8,low_MoS2,2.0,1.0,3.0,41.432679559999954,0.3832000000000022,32
6143fae931cf3ef3d4a9f7ba,low_MoS2,2.0,1.0,3.0,41.48524915999992,0.4169999999999945,32
6143fc4a31cf3ef3d4a9f7bc,low_MoS2,2.0,1.0,3.0,41.46824609000005,0.3345000000000055,32
6143fc5f3ac25c70a5c6cd4d,low_MoS2,3.0,0.0,3.0,50.78484790000008,0.3867000000000047,32
6143fcd131cf3ef3d4a9f7be,low_MoS2,2.0,1.0,3.0,41.37519594999999,0.3031000000000006,32
6143fd1331cf3ef3d4a9f7c0,low_MoS2,2.0,1.0,3.0,41.46235668000004,0.3899000000000043,32
6143fd9831cf3ef3d4a9f7c2,low_MoS2,2.0,1.0,3.0,41.46032697000005,0.3448999999999955,32
6143fdd731cf3ef3d4a9f7c4,low_MoS2,2.0,1.0,3.0,41.47538344000005,0.4052999999999969,32
614401833ac25c70a5c6cd4f,low_MoS2,3.0,0.0,3.0,48.83029748000005,0.1911999999999949,32
614401db31cf3ef3d4a9f7c6,low_MoS2,2.0,1.0,3.0,40.96599837999993,0.1533000000000015,32
614402124e27a1844a5f0a8e,low_MoS2,1.0,2.0,3.0,8.504994480000075,1.1458999999999977,32
6144036731cf3ef3d4a9f7c8,low_MoS2,2.0,1.0,3.0,41.44883881999995,0.3680999999999983,32
614405953ac25c70a5c6cd51,low_MoS2,3.0,0.0,3.0,50.81155421000009,0.3406999999999982,32
6144059f4e27a1844a5f0a90,low_MoS2,1.0,2.0,3.0,8.502560400000018,1.1452000000000029,32
614406494e27a1844a5f0a92,low_MoS2,1.0,2.0,3.0,8.510564980000051,1.1435999999999993,32
614409cc4e27a1844a5f0a94,low_MoS2,1.0,2.0,3.0,8.506589280000096,1.1373999999999995,32
61440a4731cf3ef3d4a9f7ca,low_MoS2,2.0,1.0,3.0,41.485902439999975,0.404600000000002,32
61440b0a3ac25c70a5c6cd53,low_MoS2,3.0,0.0,3.0,50.89512333000008,0.1480000000000032,32
61440b454e27a1844a5f0a96,low_MoS2,1.0,2.0,3.0,8.517642020000064,1.1422000000000023,32
61440c683ac25c70a5c6cd55,low_MoS2,3.0,0.0,3.0,50.8250384300001,0.3196999999999974,32
61440cde31cf3ef3d4a9f7cc,low_MoS2,2.0,1.0,3.0,41.38771605999996,0.2995999999999981,32
61440ddc31cf3ef3d4a9f7ce,low_MoS2,2.0,1.0,3.0,41.45179118000006,0.3641999999999967,32
61440e703ac25c70a5c6cd57,low_MoS2,3.0,0.0,3.0,50.32934057999993,0.1522000000000005,32
61440fee31cf3ef3d4a9f7d0,low_MoS2,2.0,1.0,3.0,41.45248876000001,0.3819000000000017,32
614411563ac25c70a5c6cd59,low_MoS2,3.0,0.0,3.0,48.85061454999997,0.1388000000000033,32
614411684e27a1844a5f0a98,low_MoS2,1.0,2.0,3.0,8.52454175000005,1.1372999999999962,32
614412b03ac25c70a5c6cd5b,low_MoS2,3.0,0.0,3.0,50.82587511000012,0.4243000000000023,32
614412ee4e27a1844a5f0a9a,low_MoS2,1.0,2.0,3.0,8.50664580000014,1.1485999999999947,32
614413cf4e27a1844a5f0a9c,low_MoS2,1.0,2.0,3.0,8.507349380000075,1.1492999999999969,32
614414694e27a1844a5f0a9e,low_MoS2,1.0,2.0,3.0,8.514651200000142,1.1411999999999978,32
614415593ac25c70a5c6cd5d,low_MoS2,3.0,0.0,3.0,50.806521659999966,0.377200000000002,32
614415764e27a1844a5f0aa0,low_MoS2,1.0,2.0,3.0,8.509487060000108,1.147599999999997,32
614416103ac25c70a5c6cd5f,low_MoS2,3.0,0.0,3.0,50.80552359999994,0.3424000000000049,32
614417db31cf3ef3d4a9f7d2,low_MoS2,2.0,1.0,3.0,41.48157871000008,0.4157999999999973,32
614418d04e27a1844a5f0aa2,low_MoS2,1.0,2.0,3.0,8.508358660000138,1.147999999999996,32
61441d234e27a1844a5f0aa4,low_MoS2,1.0,2.0,3.0,8.510284700000081,1.1465000000000032,32
61441e4d31cf3ef3d4a9f7d4,low_MoS2,2.0,1.0,3.0,39.49394816000013,0.1552999999999968,32
61441f2c31cf3ef3d4a9f7d6,low_MoS2,2.0,1.0,3.0,41.461511650000105,0.3800000000000025,32
61441fe83ac25c70a5c6cd61,low_MoS2,3.0,0.0,3.0,50.730153140000006,0.3068999999999988,32
61441ffa4e27a1844a5f0aa6,low_MoS2,1.0,2.0,3.0,8.51344063000013,1.1473999999999975,32
614420c44e27a1844a5f0aa8,low_MoS2,1.0,2.0,3.0,8.515551259999963,1.1448999999999998,32
614425294e27a1844a5f0aaa,low_MoS2,1.0,2.0,3.0,8.528990929999988,1.139000000000003,32
614426d331cf3ef3d4a9f7d8,low_MoS2,2.0,1.0,3.0,41.26358431000013,0.2248000000000019,32
614429fe31cf3ef3d4a9f7da,low_MoS2,2.0,1.0,3.0,39.48545378000013,0.1585999999999998,32
61442bfc4e27a1844a5f0aac,low_MoS2,1.0,2.0,3.0,8.53214839,1.1503999999999976,32
61442d83ee0a3fd43fb47fa1,low_MoS2,1.0,2.0,3.0,32.15040048000013,0.4044999999999987,32
61442e763ac25c70a5c6cd63,low_MoS2,3.0,0.0,3.0,50.80120645000003,0.3853999999999971,32
61442f2d3ac25c70a5c6cd65,low_MoS2,3.0,0.0,3.0,50.32177648000008,0.1388999999999995,32
61442f4131cf3ef3d4a9f7dc,low_MoS2,2.0,1.0,3.0,41.42950121000008,0.4112000000000009,32
61442f584e27a1844a5f0aae,low_MoS2,1.0,2.0,3.0,8.521444190000036,1.143500000000003,32
614430b44e27a1844a5f0ab0,low_MoS2,1.0,2.0,3.0,8.528117060000138,1.1396999999999975,32
6144312931cf3ef3d4a9f7de,low_MoS2,2.0,1.0,3.0,41.47351105000003,0.3362000000000051,32
614431da3ac25c70a5c6cd67,low_MoS2,3.0,0.0,3.0,50.770316430000015,0.3802000000000021,32
6144333531cf3ef3d4a9f7e0,low_MoS2,2.0,1.0,3.0,41.46482633000001,0.3684999999999974,32
6144347d31cf3ef3d4a9f7e2,low_MoS2,2.0,1.0,3.0,41.45806516000012,0.3961000000000041,32
614434883ac25c70a5c6cd69,low_MoS2,3.0,0.0,3.0,50.31067498000008,0.1552000000000006,32
614435cf3ac25c70a5c6cd6b,low_MoS2,3.0,0.0,3.0,50.799278249999965,0.3834999999999979,32
6144378f3ac25c70a5c6cd6d,low_MoS2,3.0,0.0,3.0,50.81288936000002,0.3838000000000008,32
6144390e3ac25c70a5c6cd6f,low_MoS2,3.0,0.0,3.0,50.78478297000007,0.4176999999999964,32
6144391c31cf3ef3d4a9f7e4,low_MoS2,2.0,1.0,3.0,41.433886890000124,0.3780000000000001,32
614439aa31cf3ef3d4a9f7e6,low_MoS2,2.0,1.0,3.0,41.44084321999999,0.3796000000000035,32
61443acc4e27a1844a5f0ab2,low_MoS2,1.0,2.0,3.0,8.542234929999974,1.1445000000000007,32
61443b0331cf3ef3d4a9f7e8,low_MoS2,2.0,1.0,3.0,41.47306017000001,0.3327999999999989,32
61443e6e31cf3ef3d4a9f7ea,low_MoS2,2.0,1.0,3.0,41.484347720000144,0.4143000000000043,32
6144403c4e27a1844a5f0ab4,low_MoS2,1.0,2.0,3.0,8.510599340000024,1.1452000000000029,32
61444142baaf234b35290750,low_MoS2,2.0,1.0,3.0,17.903329320000005,1.0808999999999995,32
6144425b4e27a1844a5f0ab6,low_MoS2,1.0,2.0,3.0,8.513029270000086,1.1452999999999989,32
614445824e27a1844a5f0ab8,low_MoS2,1.0,2.0,3.0,8.528572910000118,1.1395000000000053,32
614446fc4e27a1844a5f0aba,low_MoS2,1.0,2.0,3.0,8.530481360000092,1.139800000000001,32
614449ea4e27a1844a5f0abc,low_MoS2,1.0,2.0,3.0,8.533010280000124,1.135100000000001,32
61444e083ac25c70a5c6cd71,low_MoS2,3.0,0.0,3.0,50.79236705999998,0.4174000000000006,32
614451783ac25c70a5c6cd73,low_MoS2,3.0,0.0,3.0,50.70440836999993,0.3207999999999984,32
61445327baaf234b35290752,low_MoS2,2.0,1.0,3.0,17.828011309999958,1.1058999999999983,32
6144545e31cf3ef3d4a9f7ec,low_MoS2,2.0,1.0,3.0,41.45235605000012,0.3699000000000012,32
614455f031cf3ef3d4a9f7ee,low_MoS2,2.0,1.0,3.0,41.45492007000003,0.3704999999999998,32
6144568d31cf3ef3d4a9f7f0,low_MoS2,2.0,1.0,3.0,39.49631738000012,0.1484999999999985,32
6144582d4e27a1844a5f0abe,low_MoS2,1.0,2.0,3.0,8.51117337999997,1.144600000000004,32
614458a04e27a1844a5f0ac0,low_MoS2,1.0,2.0,3.0,8.512651410000014,1.1457999999999942,32
61445a8e3ac25c70a5c6cd75,low_MoS2,3.0,0.0,3.0,50.82674678000004,0.4171000000000049,32
61445b664e27a1844a5f0ac2,low_MoS2,1.0,2.0,3.0,8.526166679999985,1.1392000000000024,32
61445fa83ac25c70a5c6cd77,low_MoS2,3.0,0.0,3.0,50.78140382000007,0.3427000000000006,32
6144631f3ac25c70a5c6cd79,low_MoS2,3.0,0.0,3.0,48.83820084000005,0.1572999999999993,32
6144666c31cf3ef3d4a9f7f2,low_MoS2,2.0,1.0,3.0,41.47350456,0.4127000000000009,32
614466fb3ac25c70a5c6cd7b,low_MoS2,3.0,0.0,3.0,48.842827269999965,0.1564000000000049,32
6144670431cf3ef3d4a9f7f4,low_MoS2,2.0,1.0,3.0,41.45214652,0.3796999999999997,32
614468303ac25c70a5c6cd7d,low_MoS2,3.0,0.0,3.0,47.00043440999995,0.4834000000000031,32
61446ae231cf3ef3d4a9f7f6,low_MoS2,2.0,1.0,3.0,41.482473040000016,0.4136000000000024,32
6144734f31cf3ef3d4a9f7f8,low_MoS2,2.0,1.0,3.0,41.46227397000003,0.3783000000000029,32
6144804c4e27a1844a5f0ac4,low_MoS2,1.0,2.0,3.0,8.528877770000033,1.1392000000000024,32
614481394e27a1844a5f0ac6,low_MoS2,1.0,2.0,3.0,8.51678597999992,1.1432000000000002,32
614482343ac25c70a5c6cd7f,low_MoS2,3.0,0.0,3.0,50.74016098000008,0.3887,32
614484203ac25c70a5c6cd81,low_MoS2,3.0,0.0,3.0,50.79784940000005,0.382799999999996,32
614484a24e27a1844a5f0ac8,low_MoS2,1.0,2.0,3.0,8.512693709999919,1.1448999999999998,32
614484fc31cf3ef3d4a9f7fa,low_MoS2,2.0,1.0,3.0,41.41563624999999,0.3656000000000006,32
61448be83ac25c70a5c6cd83,low_MoS2,3.0,0.0,3.0,50.76561269000005,0.3822000000000045,32
61448c2231cf3ef3d4a9f7fc,low_MoS2,2.0,1.0,3.0,41.47663905999998,0.4146000000000001,32
614491ce4e27a1844a5f0aca,low_MoS2,1.0,2.0,3.0,8.529664740000069,1.1358999999999997,32
614497243ac25c70a5c6cd85,low_MoS2,3.0,0.0,3.0,50.70213656999992,0.3053999999999988,32
614499e33ac25c70a5c6cd87,low_MoS2,3.0,0.0,3.0,50.73727726999997,0.3982000000000028,32
61449a9b3ac25c70a5c6cd89,low_MoS2,3.0,0.0,3.0,50.30297013999999,0.1430000000000006,32
61449abf31cf3ef3d4a9f7fe,low_MoS2,2.0,1.0,3.0,39.48944131000003,0.1452000000000026,32
61449ea231cf3ef3d4a9f800,low_MoS2,2.0,1.0,3.0,41.47425386999994,0.4108000000000018,32
6144a3094e27a1844a5f0acc,low_MoS2,1.0,2.0,3.0,8.543365389999988,1.1448999999999998,32
6144a45c4e27a1844a5f0ace,low_MoS2,1.0,2.0,3.0,8.517642510000112,1.1479,32
6144a50e31cf3ef3d4a9f802,low_MoS2,2.0,1.0,3.0,41.46380365,0.3804999999999978,32
6144a68f9cbada84a8676d8f,low_MoS2,0.0,3.0,3.0,-0.831610919999946,1.8096000000000032,32
6144a7944e27a1844a5f0ad0,low_MoS2,1.0,2.0,3.0,8.516982370000076,1.1429000000000045,32
6144a8fb3ac25c70a5c6cd8b,low_MoS2,3.0,0.0,3.0,50.81227499999992,0.3823000000000007,32
6144aa6b3ac25c70a5c6cd8d,low_MoS2,3.0,0.0,3.0,50.80788216000011,0.3430999999999997,32
6144ab2031cf3ef3d4a9f804,low_MoS2,2.0,1.0,3.0,41.38976502999999,0.3016999999999967,32
6144acb53ac25c70a5c6cd8f,low_MoS2,3.0,0.0,3.0,50.30589503000002,0.1488000000000013,32
6144b0893ac25c70a5c6cd91,low_MoS2,3.0,0.0,3.0,50.769429330000015,0.383899999999997,32
6144b1573ac25c70a5c6cd93,low_MoS2,3.0,0.0,3.0,50.7989279,0.3915999999999968,32
6144b21431cf3ef3d4a9f806,low_MoS2,2.0,1.0,3.0,41.465710899999934,0.3855999999999966,32
6144b4283ac25c70a5c6cd95,low_MoS2,3.0,0.0,3.0,50.80501489999998,0.3791000000000011,32
6144bcd23ac25c70a5c6cd97,low_MoS2,3.0,0.0,3.0,50.79708586999997,0.3932999999999964,32
6144bce431cf3ef3d4a9f808,low_MoS2,2.0,1.0,3.0,41.44456011000007,0.3915000000000006,32
6144be423ac25c70a5c6cd99,low_MoS2,3.0,0.0,3.0,50.31420261000009,0.1525000000000034,32
6144c11231cf3ef3d4a9f80a,low_MoS2,2.0,1.0,3.0,41.28134306000011,0.2616999999999976,32
6144c5004e27a1844a5f0ad2,low_MoS2,1.0,2.0,3.0,8.545431250000117,1.1818999999999988,32
6144c7103ac25c70a5c6cd9b,low_MoS2,3.0,0.0,3.0,50.77906169000008,0.4198000000000021,32
6144cb273ac25c70a5c6cd9d,low_MoS2,3.0,0.0,3.0,50.78485625,0.3423000000000016,32
6144cd263ac25c70a5c6cd9f,low_MoS2,3.0,0.0,3.0,48.870688440000016,0.5307000000000031,32
6144cf9a31cf3ef3d4a9f80c,low_MoS2,2.0,1.0,3.0,41.46032714000008,0.3682000000000016,32
6144d0924e27a1844a5f0ad4,low_MoS2,1.0,2.0,3.0,8.535957880000094,1.1465999999999994,32
6144d1a34e27a1844a5f0ad6,low_MoS2,1.0,2.0,3.0,8.505780669999947,1.1484999999999983,32
6144d5cc4e27a1844a5f0ad8,low_MoS2,1.0,2.0,3.0,8.516744000000042,1.142400000000002,32
6144de9f3ac25c70a5c6cda1,low_MoS2,3.0,0.0,3.0,50.77077404999992,0.3411000000000044,32
6144e13031cf3ef3d4a9f80e,low_MoS2,2.0,1.0,3.0,41.43411162000002,0.3796999999999997,32
6144e2694e27a1844a5f0ada,low_MoS2,1.0,2.0,3.0,8.53058162999994,1.137099999999997,32
6144e3be31cf3ef3d4a9f810,low_MoS2,2.0,1.0,3.0,41.45728056999992,0.3943000000000012,32
6144e4d331cf3ef3d4a9f812,low_MoS2,2.0,1.0,3.0,41.39586123,0.2995000000000019,32
6144e5ba3ac25c70a5c6cda3,low_MoS2,3.0,0.0,3.0,50.888291039999935,0.1598000000000041,32
6144e7b13ac25c70a5c6cda5,low_MoS2,3.0,0.0,3.0,50.78110587000007,0.4152999999999949,32
6144f4eb3ac25c70a5c6cda7,low_MoS2,3.0,0.0,3.0,50.81490902000011,0.4245000000000019,32
6144f9ad3ac25c70a5c6cda9,low_MoS2,3.0,0.0,3.0,48.83123317999995,0.1527999999999991,32
6144fb533ac25c70a5c6cdab,low_MoS2,3.0,0.0,3.0,50.84017716000009,0.4144000000000005,32
6144fbfe31cf3ef3d4a9f814,low_MoS2,2.0,1.0,3.0,41.41210156999996,0.4185000000000016,32
6144fd68ee0a3fd43fb47fa3,low_MoS2,1.0,2.0,3.0,32.15291819999992,0.3888999999999996,32
6144fd8b31cf3ef3d4a9f816,low_MoS2,2.0,1.0,3.0,41.40621226000003,0.3997000000000028,32
614501264e27a1844a5f0adc,low_MoS2,1.0,2.0,3.0,8.510891749999953,1.1460000000000008,32
614502123ac25c70a5c6cdad,low_MoS2,3.0,0.0,3.0,50.81428275,0.3435000000000059,32
6145083c3ac25c70a5c6cdaf,low_MoS2,3.0,0.0,3.0,50.30601571000003,0.1580000000000012,32
61450d0331cf3ef3d4a9f818,low_MoS2,2.0,1.0,3.0,41.37902211000001,0.3051999999999992,32
61450dc74e27a1844a5f0ade,low_MoS2,1.0,2.0,3.0,8.509783649999942,1.1458000000000013,32
61450e4d31cf3ef3d4a9f81a,low_MoS2,2.0,1.0,3.0,40.97802326000006,0.1593000000000017,32
61450fc43ac25c70a5c6cdb1,low_MoS2,3.0,0.0,3.0,50.77081076000005,0.4235000000000042,32
6145179731cf3ef3d4a9f81c,low_MoS2,2.0,1.0,3.0,41.455967979999926,0.3853000000000008,32
614517f14e27a1844a5f0ae0,low_MoS2,1.0,2.0,3.0,8.517603289999922,1.1484999999999983,32
61451f733ac25c70a5c6cdb3,low_MoS2,3.0,0.0,3.0,50.8609058000001,0.3828999999999993,32
614521924e27a1844a5f0ae2,low_MoS2,1.0,2.0,3.0,8.54675460000001,1.178200000000004,32
6145223a3ac25c70a5c6cdb5,low_MoS2,3.0,0.0,3.0,50.84393620999996,0.4272999999999953,32
6145283a31cf3ef3d4a9f81e,low_MoS2,2.0,1.0,3.0,41.44933686999998,0.3603000000000023,32
61452a0431cf3ef3d4a9f820,low_MoS2,2.0,1.0,3.0,41.44172891000012,0.408699999999996,32
61452a2b3ac25c70a5c6cdb7,low_MoS2,3.0,0.0,3.0,50.826027190000026,0.4172000000000011,32
61452a9e4e27a1844a5f0ae4,low_MoS2,1.0,2.0,3.0,8.51371393000002,1.1462000000000003,32
61452da33ac25c70a5c6cdb9,low_MoS2,3.0,0.0,3.0,50.81123083000004,0.4239000000000033,32
6145333531cf3ef3d4a9f822,low_MoS2,2.0,1.0,3.0,41.47914034000014,0.346199999999996,32
614536c031cf3ef3d4a9f824,low_MoS2,2.0,1.0,3.0,41.47769813000009,0.4140000000000015,32
61453fc231cf3ef3d4a9f826,low_MoS2,2.0,1.0,3.0,41.459206180000095,0.3925000000000054,32
6145492b3ac25c70a5c6cdbb,low_MoS2,3.0,0.0,3.0,50.82539039999998,0.4277000000000015,32
6145568d4e27a1844a5f0ae6,low_MoS2,1.0,2.0,3.0,8.515531970000008,1.143900000000002,32
61455a754e27a1844a5f0ae8,low_MoS2,1.0,2.0,3.0,8.512051010000075,1.1454000000000022,32
61455da531cf3ef3d4a9f828,low_MoS2,2.0,1.0,3.0,41.46410994000003,0.3353000000000037,32
614564aa3ac25c70a5c6cdbd,low_MoS2,3.0,0.0,3.0,50.31917887000001,0.1627999999999971,32
614577c93ac25c70a5c6cdbf,low_MoS2,3.0,0.0,3.0,50.79922387000003,0.3489999999999966,32
61457b3131cf3ef3d4a9f82a,low_MoS2,2.0,1.0,3.0,40.96758700000005,0.1529999999999987,32
61458cf84e27a1844a5f0aea,low_MoS2,1.0,2.0,3.0,8.516780169999972,1.1450999999999991,32
6145917b4e27a1844a5f0aec,low_MoS2,1.0,2.0,3.0,8.515565080000012,1.1462000000000003,32
6145921a3ac25c70a5c6cdc1,low_MoS2,3.0,0.0,3.0,50.84121021999992,0.416400000000003,32
614594a74e27a1844a5f0aee,low_MoS2,1.0,2.0,3.0,8.50483908999993,1.1474000000000046,32
6145973a4e27a1844a5f0af0,low_MoS2,1.0,2.0,3.0,8.495881990000068,1.1403999999999996,32
61459b804e27a1844a5f0af2,low_MoS2,1.0,2.0,3.0,8.54433485999996,1.1792999999999978,32
61459c7d3ac25c70a5c6cdc3,low_MoS2,3.0,0.0,3.0,50.81702467999995,0.4038000000000039,32
61459ea04e27a1844a5f0af4,low_MoS2,1.0,2.0,3.0,8.594132369999922,1.133499999999998,32
6145a7c531cf3ef3d4a9f82c,low_MoS2,2.0,1.0,3.0,41.47966822999997,0.4061999999999983,32
6145aae831cf3ef3d4a9f82e,low_MoS2,2.0,1.0,3.0,39.49621840999994,0.154200000000003,32
6145ab413ac25c70a5c6cdc5,low_MoS2,3.0,0.0,3.0,50.84026755999995,0.4080000000000012,32
6145ae7f3ac25c70a5c6cdc7,low_MoS2,3.0,0.0,3.0,50.80758499999994,0.3791999999999973,32
6145b22e3ac25c70a5c6cdc9,low_MoS2,3.0,0.0,3.0,50.81721718999999,0.4305000000000021,32
6145b3773ac25c70a5c6cdcb,low_MoS2,3.0,0.0,3.0,50.819580349999946,0.3415000000000034,32
6145b8f24e27a1844a5f0af6,low_MoS2,1.0,2.0,3.0,8.505243569999973,1.1485000000000056,32
6145c1a131cf3ef3d4a9f830,low_MoS2,2.0,1.0,3.0,41.470445410000096,0.4162000000000034,32
6145c3fa4e27a1844a5f0af8,low_MoS2,1.0,2.0,3.0,8.514831360000041,1.1467000000000027,32
6145c4e43ac25c70a5c6cdcd,low_MoS2,3.0,0.0,3.0,50.32953364000006,0.1512999999999991,32
6145c7034e27a1844a5f0afa,low_MoS2,1.0,2.0,3.0,8.508349960000057,1.1373999999999995,32
6145ddc531cf3ef3d4a9f832,low_MoS2,2.0,1.0,3.0,41.38232452000007,0.3015000000000043,32
6145edc43ac25c70a5c6cdcf,low_MoS2,3.0,0.0,3.0,50.81777318999995,0.4253999999999962,32
6145f1fb3ac25c70a5c6cdd1,low_MoS2,3.0,0.0,3.0,48.67821158000008,0.3802000000000021,32
6145f9484e27a1844a5f0afc,low_MoS2,1.0,2.0,3.0,8.513913410000011,1.146499999999996,32
614600c231cf3ef3d4a9f834,low_MoS2,2.0,1.0,3.0,40.795427570000086,0.1566000000000045,32
6146069a4e27a1844a5f0afe,low_MoS2,1.0,2.0,3.0,8.502842560000115,1.1495000000000033,32
614633e63ac25c70a5c6cdd3,low_MoS2,3.0,0.0,3.0,48.81346449999993,0.1284999999999954,32
61463ed331cf3ef3d4a9f836,low_MoS2,2.0,1.0,3.0,41.473960409999975,0.414200000000001,32
614643503ac25c70a5c6cdd5,low_MoS2,3.0,0.0,3.0,50.79931686000001,0.4162999999999996,32
61464e873ac25c70a5c6cdd7,low_MoS2,3.0,0.0,3.0,50.772523000000014,0.4183999999999983,32
614661c53ac25c70a5c6cdd9,low_MoS2,3.0,0.0,3.0,50.78302591000003,0.3453999999999979,32
61466e8731cf3ef3d4a9f838,low_MoS2,2.0,1.0,3.0,41.46358944000004,0.3628999999999962,32
6146726f3ac25c70a5c6cddb,low_MoS2,3.0,0.0,3.0,50.81095868999993,0.3847000000000022,32
61467a723ac25c70a5c6cddd,low_MoS2,3.0,0.0,3.0,50.27295381000014,0.1724999999999994,32
614688ce31cf3ef3d4a9f83a,low_MoS2,2.0,1.0,3.0,41.46378337000006,0.3879999999999981,32
6146900531cf3ef3d4a9f83c,low_MoS2,2.0,1.0,3.0,41.48908659000013,0.4128000000000043,32
614691b431cf3ef3d4a9f83e,low_MoS2,2.0,1.0,3.0,41.49090807000012,0.4091999999999984,32
614699723ac25c70a5c6cddf,low_MoS2,3.0,0.0,3.0,50.8327450200001,0.3696000000000055,32
61469a2631cf3ef3d4a9f840,low_MoS2,2.0,1.0,3.0,41.47138164999997,0.415300000000002,32
61469dab3ac25c70a5c6cde1,low_MoS2,3.0,0.0,3.0,50.796305360000055,0.4185999999999978,32
6146a21a3ac25c70a5c6cde3,low_MoS2,3.0,0.0,3.0,50.86207871000003,0.4224999999999994,32
6146b90d4e27a1844a5f0b00,low_MoS2,1.0,2.0,3.0,8.505264680000007,1.149799999999999,32
6146bf7e3ac25c70a5c6cde5,low_MoS2,3.0,0.0,3.0,50.827441660000126,0.4228000000000023,32
6146c0483ac25c70a5c6cde7,low_MoS2,3.0,0.0,3.0,50.792766980000046,0.4181999999999988,32
6146d0b54e27a1844a5f0b02,low_MoS2,1.0,2.0,3.0,8.516562790000105,1.146099999999997,32
6146d5293ac25c70a5c6cde9,low_MoS2,3.0,0.0,3.0,50.72921587000011,0.3930000000000007,32
6146dd853ac25c70a5c6cdeb,low_MoS2,3.0,0.0,3.0,50.76544097000002,0.4055999999999997,32
6146de474e27a1844a5f0b04,low_MoS2,1.0,2.0,3.0,8.55622745999997,1.1777000000000015,32
6146e9103ac25c70a5c6cded,low_MoS2,3.0,0.0,3.0,50.77180867000008,0.4134000000000029,32
6146ecdb3ac25c70a5c6cdef,low_MoS2,3.0,0.0,3.0,50.82782790000002,0.4146000000000001,32
6146f6363ac25c70a5c6cdf1,low_MoS2,3.0,0.0,3.0,49.92544725999998,0.0634999999999976,32
6147054331cf3ef3d4a9f842,low_MoS2,2.0,1.0,3.0,39.49404380000006,0.1560000000000059,32
614731583ac25c70a5c6cdf3,low_MoS2,3.0,0.0,3.0,50.80432753999995,0.4009999999999962,32
61476b8431cf3ef3d4a9f844,low_MoS2,2.0,1.0,3.0,41.48074067000012,0.4055000000000035,32
6147b6243ac25c70a5c6cdf5,low_MoS2,3.0,0.0,3.0,50.765278109999976,0.3902000000000001,32
6147d3de31cf3ef3d4a9f846,low_MoS2,2.0,1.0,3.0,41.27239129999994,0.2479000000000013,32
6148032b4e27a1844a5f0b06,low_MoS2,1.0,2.0,3.0,8.509602679999968,1.1470000000000056,32
614805763ac25c70a5c6cdf7,low_MoS2,3.0,0.0,3.0,50.79482593000004,0.4189999999999969,32
614818ce3ac25c70a5c6cdf9,low_MoS2,3.0,0.0,3.0,50.79234671999999,0.4217000000000013,32
614848553ac25c70a5c6cdfb,low_MoS2,3.0,0.0,3.0,48.84516634000003,0.1612999999999971,32
614853c33ac25c70a5c6cdfd,low_MoS2,3.0,0.0,3.0,50.86947967000007,0.1717999999999975,32
6148f3f63ac25c70a5c6cdff,low_MoS2,3.0,0.0,3.0,50.83013352000004,0.420100000000005,32
6149087231cf3ef3d4a9f848,low_MoS2,2.0,1.0,3.0,41.245408200000114,0.2505999999999986,32
6149c48031cf3ef3d4a9f84a,low_MoS2,2.0,1.0,3.0,41.57427911999999,0.4155000000000015,32
6149f3853ac25c70a5c6ce01,low_MoS2,3.0,0.0,3.0,49.82167524999992,0.1746999999999943,32
615083823ac25c70a5c6ce03,low_MoS2,3.0,0.0,3.0,50.13040912000012,0.196399999999997,32
619cdd5145851b2ed2430ebf,low_WSe2,2.0,1.0,3.0,39.33932598999995,0.2721999999999998,33
619cdd5145851b2ed2430ec0,low_WSe2,1.0,2.0,3.0,28.04990668000005,0.2136999999999993,33
619cdd5145851b2ed2430ec1,low_WSe2,1.0,2.0,3.0,11.77290556999991,1.2912999999999997,33
619cdd5145851b2ed2430ec2,low_WSe2,2.0,1.0,3.0,39.22776148000007,0.2164000000000001,33
619cdd5145851b2ed2430ec3,low_WSe2,2.0,1.0,3.0,39.23099065000001,0.2024000000000008,33
619cdd5145851b2ed2430ec4,low_WSe2,1.0,2.0,3.0,11.770558890000064,1.2982000000000014,33
619cdd5145851b2ed2430ec5,low_WSe2,2.0,0.0,2.0,19.377892390000103,1.2797,34
619cdd5145851b2ed2430ec6,low_WSe2,1.0,2.0,3.0,11.75311985999996,1.2952000000000012,33
619cdd5145851b2ed2430ec7,low_WSe2,2.0,1.0,3.0,39.24704288000002,0.1872000000000007,33
619cdd5145851b2ed2430ec8,low_WSe2,1.0,2.0,3.0,11.784448789999932,1.1599000000000004,33
619cdd5145851b2ed2430ec9,low_WSe2,2.0,1.0,3.0,39.19181353999993,0.2100000000000008,33
619cdd5145851b2ed2430eca,low_WSe2,0.0,3.0,3.0,0.4298831600000881,1.823100000000004,33
619cdd5145851b2ed2430ecb,low_WSe2,3.0,0.0,3.0,50.57195676999991,0.1927999999999983,33
619cdd5145851b2ed2430ecc,low_WSe2,1.0,2.0,3.0,27.915479600000022,0.193999999999999,33
619cdd5145851b2ed2430ecd,low_WSe2,2.0,1.0,3.0,39.32601400999992,0.2734999999999985,33
619cdd5145851b2ed2430ece,low_WSe2,1.0,2.0,3.0,27.91268953999997,0.1958000000000002,33
619cdd5145851b2ed2430ecf,low_WSe2,0.0,3.0,3.0,0.4297558699999513,1.831000000000003,33
619cdd5145851b2ed2430ed0,low_WSe2,1.0,2.0,3.0,27.92014117000008,0.1898999999999997,33
619cdd5145851b2ed2430ed1,low_WSe2,1.0,2.0,3.0,11.76655273999994,1.2989999999999997,33
619cdd5145851b2ed2430ed2,low_WSe2,2.0,1.0,3.0,23.27233527000002,0.8562999999999974,33
619cdd5145851b2ed2430ed3,low_WSe2,0.0,3.0,3.0,0.4289053399999716,1.8325999999999996,33
619cdd5145851b2ed2430ed4,low_WSe2,1.0,2.0,3.0,11.784444469999915,1.3011000000000053,33
619cdd5145851b2ed2430ed5,low_WSe2,1.0,2.0,3.0,11.760877689999903,1.2999999999999972,33
619cdd5145851b2ed2430ed6,low_WSe2,1.0,2.0,3.0,27.92074464999996,0.1881000000000003,33
619cdd5145851b2ed2430ed7,low_WSe2,1.0,2.0,3.0,27.87594721000005,0.1761999999999997,33
619cdd5145851b2ed2430ed8,low_WSe2,1.0,2.0,3.0,27.883702670000048,0.1742000000000008,33
619cdd5145851b2ed2430ed9,low_WSe2,1.0,2.0,3.0,27.92299817999992,0.1918000000000006,33
619cdd5145851b2ed2430eda,low_WSe2,1.0,2.0,3.0,11.773849030000054,1.3001999999999967,33
619cdd5145851b2ed2430edb,low_WSe2,1.0,2.0,3.0,11.680186309999945,1.3059000000000012,33
619cdd5145851b2ed2430edc,low_WSe2,2.0,1.0,3.0,23.11512816000008,1.2453000000000003,33
619cdd5145851b2ed2430edd,low_WSe2,0.0,3.0,3.0,0.4284139299999765,1.827300000000001,33
619cdd5145851b2ed2430ede,low_WSe2,1.0,2.0,3.0,11.76408179000008,1.3028000000000048,33
619cdd5145851b2ed2430edf,low_WSe2,0.0,3.0,3.0,0.4278182299999002,1.823999999999998,33
619cdd5145851b2ed2430ee0,low_WSe2,2.0,1.0,3.0,37.57914798000006,0.6563000000000017,33
619cdd5145851b2ed2430ee1,low_WSe2,1.0,2.0,3.0,27.926052020000043,0.1891000000000016,33
619cdd5145851b2ed2430ee2,low_WSe2,0.0,3.0,3.0,0.4256071399999541,1.829900000000002,33
619cdd5145851b2ed2430ee3,low_WSe2,2.0,1.0,3.0,39.198745579999965,0.2111999999999998,33
619cdd5145851b2ed2430ee4,low_WSe2,2.0,1.0,3.0,23.09030439999996,1.2552999999999983,33
619cdd5145851b2ed2430ee5,low_WSe2,0.0,3.0,3.0,0.4302001099999302,1.825099999999999,33
619cdd5145851b2ed2430ee6,low_WSe2,0.0,3.0,3.0,0.430564449999963,1.8316999999999977,33
619cdd5145851b2ed2430ee7,low_WSe2,2.0,1.0,3.0,39.37596231000002,0.2776999999999994,33
619cdd5145851b2ed2430ee8,low_WSe2,1.0,2.0,3.0,11.767057320000038,1.3022999999999954,33
619cdd5145851b2ed2430ee9,low_WSe2,2.0,1.0,3.0,23.053257990000056,1.1206000000000031,33
619cdd5145851b2ed2430eea,low_WSe2,0.0,2.0,2.0,2.089992369999914,1.8329999999999984,34
619cdd5145851b2ed2430eeb,low_WSe2,2.0,1.0,3.0,23.11211462000009,1.2552999999999983,33
619cdd5145851b2ed2430eec,low_WSe2,1.0,2.0,3.0,11.772309590000066,1.3016000000000003,33
619cdd5145851b2ed2430eed,low_WSe2,2.0,1.0,3.0,39.31979968,0.2783999999999995,33
619cdd5145851b2ed2430eee,low_WSe2,2.0,1.0,3.0,23.028477630000037,1.1156000000000006,33
619cdd5145851b2ed2430eef,low_WSe2,1.0,2.0,3.0,11.755829960000018,1.2994000000000057,33
619cdd5145851b2ed2430ef0,low_WSe2,2.0,1.0,3.0,39.24469400999992,0.196299999999999,33
619cdd5145851b2ed2430ef1,low_WSe2,0.0,2.0,2.0,-3.319495899999925,1.8645,34
619cdd5145851b2ed2430ef2,low_WSe2,1.0,2.0,3.0,11.768172779999976,1.2875999999999976,33
619cdd5145851b2ed2430ef3,low_WSe2,2.0,1.0,3.0,39.19265945000011,0.2076000000000011,33
619cdd5145851b2ed2430ef4,low_WSe2,2.0,1.0,3.0,39.32631102999999,0.2651000000000003,33
619cdd5145851b2ed2430ef5,low_WSe2,1.0,2.0,3.0,27.96429003000003,0.1527999999999991,33
619cdd5145851b2ed2430ef6,low_WSe2,2.0,1.0,3.0,39.36519765999997,0.1979000000000006,33
619cdd5145851b2ed2430ef7,low_WSe2,2.0,1.0,3.0,37.57368414000011,0.6597000000000008,33
619cdd5145851b2ed2430ef8,low_WSe2,0.0,3.0,3.0,0.4283787300000199,1.8286000000000016,33
619cdd5145851b2ed2430ef9,low_WSe2,0.0,3.0,3.0,0.4541632199999981,1.8309,33
619cdd5245851b2ed2430efa,low_WSe2,1.0,2.0,3.0,11.762497460000066,1.2968000000000046,33
619cdd5245851b2ed2430efb,low_WSe2,2.0,1.0,3.0,39.40252035999997,0.2848999999999986,33
619cdd5245851b2ed2430efc,low_WSe2,1.0,1.0,2.0,13.42964906999994,1.3028000000000048,34
619cdd5245851b2ed2430efd,low_WSe2,2.0,1.0,3.0,39.16893796999993,0.1332999999999984,33
619cdd5245851b2ed2430efe,low_WSe2,1.0,2.0,3.0,11.771707509999931,1.2989999999999997,33
619cdd5245851b2ed2430eff,low_WSe2,0.0,3.0,3.0,0.4550784200000066,1.8147999999999984,33
619cdd5245851b2ed2430f00,low_WSe2,1.0,2.0,3.0,11.78563209999992,1.2695000000000007,33
619cdd5245851b2ed2430f01,low_WSe2,3.0,0.0,3.0,50.56387574999994,0.1432999999999999,33
619cdd5245851b2ed2430f02,low_WSe2,1.0,2.0,3.0,11.770913009999948,1.294399999999996,33
619cdd5245851b2ed2430f03,low_WSe2,1.0,2.0,3.0,11.760864079999909,1.3006000000000029,33
619cdd5245851b2ed2430f04,low_WSe2,2.0,1.0,3.0,23.271439390000104,0.8574000000000055,33
619cdd5245851b2ed2430f05,low_WSe2,1.0,2.0,3.0,11.768872670000054,1.2971000000000004,33
619cdd5245851b2ed2430f06,low_WSe2,2.0,1.0,3.0,39.22668666000008,0.152099999999999,33
619cdd5245851b2ed2430f07,low_WSe2,1.0,2.0,3.0,11.76328084999999,1.3022000000000062,33
619cdd5245851b2ed2430f08,low_WSe2,1.0,2.0,3.0,11.762738500000058,1.3001999999999967,33
619cdd5245851b2ed2430f09,low_WSe2,1.0,2.0,3.0,27.87206493000008,0.2299999999999986,33
619cdd5245851b2ed2430f0a,low_WSe2,2.0,1.0,3.0,23.14135341999989,1.2760999999999996,33
619cdd5245851b2ed2430f0b,low_WSe2,1.0,2.0,3.0,11.76624151000009,1.3048000000000002,33
619cdd5245851b2ed2430f0c,low_WSe2,2.0,1.0,3.0,39.23181671999991,0.2141999999999999,33
619cdd5245851b2ed2430f0d,low_WSe2,1.0,2.0,3.0,11.776980670000048,1.3055999999999983,33
619cdd5245851b2ed2430f0e,low_WSe2,1.0,2.0,3.0,11.77668063000009,1.2997000000000014,33
619cdd5245851b2ed2430f0f,low_WSe2,0.0,3.0,3.0,0.4248925300000223,1.8217,33
619cdd5245851b2ed2430f10,low_WSe2,2.0,1.0,3.0,39.22276629999992,0.1488000000000013,33
619cdd5245851b2ed2430f11,low_WSe2,1.0,2.0,3.0,27.8739258600001,0.1753,33
619cdd5245851b2ed2430f12,low_WSe2,3.0,0.0,3.0,49.96250758000006,0.1920000000000001,33
619cdd5245851b2ed2430f13,low_WSe2,2.0,1.0,3.0,39.23456203000005,0.1537000000000006,33
619cdd5245851b2ed2430f14,low_WSe2,1.0,2.0,3.0,11.769137219999935,1.2984000000000009,33
619cdd5245851b2ed2430f15,low_WSe2,0.0,3.0,3.0,0.4286407100000247,1.8301000000000016,33
619cdd5245851b2ed2430f16,low_WSe2,1.0,2.0,3.0,28.00024043000008,0.2569999999999997,33
619cdd5245851b2ed2430f17,low_WSe2,1.0,2.0,3.0,11.774928029999945,1.2965000000000018,33
619cdd5245851b2ed2430f18,low_WSe2,1.0,2.0,3.0,28.002760549999948,0.2642000000000006,33
619cdd5245851b2ed2430f19,low_WSe2,1.0,2.0,3.0,11.7457783499999,1.298099999999998,33
619cdd5245851b2ed2430f1a,low_WSe2,1.0,2.0,3.0,11.78911164000009,1.2678999999999974,33
619cdd5245851b2ed2430f1b,low_WSe2,1.0,2.0,3.0,27.974239500000067,0.2574999999999985,33
619cdd5245851b2ed2430f1c,low_WSe2,2.0,1.0,3.0,39.230111840000106,0.2144999999999992,33
619cdd5245851b2ed2430f1d,low_WSe2,1.0,2.0,3.0,27.91632901999992,0.1894999999999989,33
619cdd5245851b2ed2430f1e,low_WSe2,1.0,2.0,3.0,27.88400531000002,0.1725999999999992,33
619cdd5245851b2ed2430f1f,low_WSe2,2.0,1.0,3.0,38.63407076000003,0.1940999999999988,33
619cdd5245851b2ed2430f20,low_WSe2,1.0,2.0,3.0,11.740607630000104,1.298499999999997,33
619cdd5245851b2ed2430f21,low_WSe2,1.0,2.0,3.0,11.782296280000072,1.2935000000000016,33
619cdd5245851b2ed2430f22,low_WSe2,1.0,2.0,3.0,11.764727310000117,1.301399999999994,33
619cdd5245851b2ed2430f23,low_WSe2,2.0,1.0,3.0,38.6251630499999,0.1943000000000001,33
619cdd5245851b2ed2430f24,low_WSe2,2.0,0.0,2.0,40.89649053999996,0.2012999999999998,34
619cdd5245851b2ed2430f25,low_WSe2,2.0,1.0,3.0,23.095472830000094,1.2668000000000037,33
619cdd5245851b2ed2430f26,low_WSe2,0.0,3.0,3.0,0.4298683700000651,1.8278000000000036,33
619cdd5245851b2ed2430f27,low_WSe2,2.0,1.0,3.0,23.100923700000106,1.249299999999998,33
619cdd5245851b2ed2430f28,low_WSe2,1.0,2.0,3.0,27.997135780000008,0.2606000000000001,33
619cdd5245851b2ed2430f29,low_WSe2,1.0,2.0,3.0,11.768195849999971,1.2991000000000028,33
619cdd5245851b2ed2430f2a,low_WSe2,0.0,3.0,3.0,0.4287545900000964,1.829900000000002,33
619cdd5245851b2ed2430f2b,low_WSe2,1.0,2.0,3.0,11.774679659999936,1.2973,33
619cdd5245851b2ed2430f2c,low_WSe2,2.0,1.0,3.0,23.125696480000023,1.2827999999999946,33
619cdd5245851b2ed2430f2d,low_WSe2,1.0,2.0,3.0,11.77013037000005,1.296199999999999,33
619cdd5245851b2ed2430f2e,low_WSe2,3.0,0.0,3.0,50.57621479999998,0.2278000000000002,33
619cdd5245851b2ed2430f2f,low_WSe2,0.0,3.0,3.0,0.4543583599999579,1.8280999999999992,33
619cdd5245851b2ed2430f30,low_WSe2,0.0,2.0,2.0,2.089482260000091,1.8301000000000016,34
619cdd5245851b2ed2430f31,low_WSe2,0.0,3.0,3.0,0.4285332199999061,1.830599999999997,33
619cdd5245851b2ed2430f32,low_WSe2,2.0,1.0,3.0,23.08859667000005,1.258000000000003,33
619cdd5245851b2ed2430f33,low_WSe2,1.0,2.0,3.0,11.762959460000037,1.3005999999999958,33
619cdd5245851b2ed2430f34,low_WSe2,0.0,3.0,3.0,0.4332266200000845,1.816199999999995,33
619cdd5245851b2ed2430f35,low_WSe2,1.0,2.0,3.0,11.795771430000048,1.3029999999999973,33
619cdd5245851b2ed2430f36,low_WSe2,0.0,3.0,3.0,0.4281605000000468,1.8293000000000037,33
619cdd5245851b2ed2430f37,low_WSe2,2.0,1.0,3.0,39.21017020999993,0.1888999999999985,33
619cdd5245851b2ed2430f38,low_WSe2,0.0,3.0,3.0,0.4264272800000412,1.8228000000000009,33
619cdd5245851b2ed2430f39,low_WSe2,3.0,0.0,3.0,50.53535042999997,0.2118999999999999,33
619cdd5245851b2ed2430f3a,low_WSe2,2.0,1.0,3.0,23.27214796000002,0.8554999999999993,33
619cdd5245851b2ed2430f3b,low_WSe2,3.0,0.0,3.0,50.55288024999991,0.2219999999999995,33
619cdd5245851b2ed2430f3c,low_WSe2,2.0,1.0,3.0,23.11949755999993,1.2848000000000042,33
619cdd5245851b2ed2430f3d,low_WSe2,0.0,3.0,3.0,0.427739039999949,1.8307999999999964,33
619cdd5245851b2ed2430f3e,low_WSe2,2.0,1.0,3.0,39.19673384000002,0.2100999999999988,33
619cdd5245851b2ed2430f3f,low_WSe2,1.0,2.0,3.0,28.002249110000093,0.2672000000000007,33
619cdd5245851b2ed2430f40,low_WSe2,0.0,3.0,3.0,0.4280669799999828,1.8256000000000012,33
619cdd5245851b2ed2430f41,low_WSe2,2.0,1.0,3.0,23.100784069999957,1.2599000000000018,33
619cdd5245851b2ed2430f42,low_WSe2,2.0,1.0,3.0,39.24730161999996,0.1970000000000009,33
619cdd5245851b2ed2430f43,low_WSe2,2.0,1.0,3.0,23.131257840000025,1.2633999999999972,33
619cdd5245851b2ed2430f44,low_WSe2,2.0,1.0,3.0,23.10566513000007,1.180100000000003,33
619cdd5245851b2ed2430f45,low_WSe2,1.0,2.0,3.0,11.770538609999893,1.282299999999999,33
619cdd5245851b2ed2430f46,low_WSe2,3.0,0.0,3.0,50.57755067000003,0.1918000000000006,33
619cdd5245851b2ed2430f47,low_WSe2,3.0,0.0,3.0,48.8840729699999,0.5847999999999995,33
619cdd5245851b2ed2430f48,low_WSe2,1.0,2.0,3.0,27.91796361999991,0.1943999999999999,33
619cdd5245851b2ed2430f49,low_WSe2,0.0,3.0,3.0,0.4300942399999599,1.827300000000001,33
619cdd5245851b2ed2430f4a,low_WSe2,3.0,0.0,3.0,49.96987638000005,0.186399999999999,33
619cdd5345851b2ed2430f4b,low_WSe2,1.0,2.0,3.0,27.927903640000068,0.192400000000001,33
619cdd5345851b2ed2430f4c,low_WSe2,1.0,2.0,3.0,27.96016877000011,0.1613000000000006,33
619cdd5345851b2ed2430f4d,low_WSe2,1.0,2.0,3.0,11.762681390000116,1.3016999999999967,33
619cdd5345851b2ed2430f4e,low_WSe2,2.0,1.0,3.0,39.25266478999997,0.182500000000001,33
619cdd5345851b2ed2430f4f,low_WSe2,1.0,2.0,3.0,27.927867930000048,0.1921999999999997,33
619cdd5345851b2ed2430f50,low_WSe2,2.0,1.0,3.0,39.23860109000002,0.1486,33
619cdd5345851b2ed2430f51,low_WSe2,3.0,0.0,3.0,50.73950124000008,0.1629000000000005,33
619cdd5345851b2ed2430f52,low_WSe2,1.0,2.0,3.0,11.774590960000058,1.2990999999999957,33
619cdd5345851b2ed2430f53,low_WSe2,2.0,1.0,3.0,23.10422208999993,1.1544999999999987,33
619cdd5345851b2ed2430f54,low_WSe2,0.0,3.0,3.0,0.4266242299999589,1.8236999999999952,33
619cdd5345851b2ed2430f55,low_WSe2,1.0,2.0,3.0,11.766601049999952,1.2997000000000014,33
619cdd5345851b2ed2430f56,low_WSe2,2.0,1.0,3.0,23.12516813999995,1.2858000000000018,33
619cdd5345851b2ed2430f57,low_WSe2,2.0,1.0,3.0,38.60353611999999,0.2025000000000005,33
619cdd5345851b2ed2430f58,low_WSe2,2.0,1.0,3.0,39.245149690000105,0.1974,33
619cdd5345851b2ed2430f59,low_WSe2,2.0,1.0,3.0,39.36742344000008,0.2778999999999989,33
619cdd5345851b2ed2430f5a,low_WSe2,1.0,2.0,3.0,27.91515028999993,0.1943000000000001,33
619cdd5345851b2ed2430f5b,low_WSe2,0.0,3.0,3.0,0.4291195899999707,1.8260000000000003,33
619cdd5345851b2ed2430f5c,low_WSe2,1.0,2.0,3.0,11.777444990000038,1.3014999999999972,33
619cdd5345851b2ed2430f5d,low_WSe2,1.0,2.0,3.0,11.767791579999985,1.2957999999999998,33
619cdd5345851b2ed2430f5e,low_WSe2,2.0,1.0,3.0,39.23404701000008,0.2019000000000002,33
619cdd5345851b2ed2430f5f,low_WSe2,2.0,1.0,3.0,39.230536970000045,0.2150999999999996,33
619cdd5345851b2ed2430f60,low_WSe2,1.0,2.0,3.0,11.752099840000016,1.2959999999999994,33
619cdd5345851b2ed2430f61,low_WSe2,2.0,1.0,3.0,39.20121339999996,0.2065000000000001,33
619cdd5345851b2ed2430f62,low_WSe2,1.0,2.0,3.0,11.763090950000096,1.3055999999999983,33
619cdd5345851b2ed2430f63,low_WSe2,2.0,1.0,3.0,23.274009300000024,0.8581999999999965,33
619cdd5345851b2ed2430f64,low_WSe2,1.0,2.0,3.0,11.76899073000003,1.2996000000000052,33
619cdd5345851b2ed2430f65,low_WSe2,2.0,1.0,3.0,39.27351311000011,0.258799999999999,33
619cdd5345851b2ed2430f66,low_WSe2,1.0,2.0,3.0,11.764214810000102,1.301700000000004,33
619cdd5345851b2ed2430f67,low_WSe2,0.0,3.0,3.0,0.4620866199999796,1.8243999999999967,33
619cdd5345851b2ed2430f68,low_WSe2,2.0,1.0,3.0,23.11249070000012,1.2657000000000025,33
619cdd5345851b2ed2430f69,low_WSe2,2.0,1.0,3.0,39.24583798999997,0.1979000000000006,33
619cdd5345851b2ed2430f6a,low_WSe2,0.0,3.0,3.0,0.4281945399999927,1.8252000000000024,33
619cdd5345851b2ed2430f6b,low_WSe2,0.0,3.0,3.0,0.4529487599999697,1.824600000000004,33
619cdd5345851b2ed2430f6c,low_WSe2,0.0,3.0,3.0,0.4377871900000514,1.828400000000002,33
619cdd5345851b2ed2430f6d,low_WSe2,2.0,1.0,3.0,39.23783473999997,0.1989999999999998,33
619cdd5345851b2ed2430f6e,low_WSe2,2.0,1.0,3.0,39.23797547999997,0.1967000000000016,33
619cdd5345851b2ed2430f6f,low_WSe2,1.0,2.0,3.0,27.92249285999992,0.1905000000000001,33
619cdd5345851b2ed2430f70,low_WSe2,1.0,2.0,3.0,11.76932231999989,1.2963999999999984,33
619cdd5345851b2ed2430f71,low_WSe2,2.0,1.0,3.0,23.11354921000001,1.200800000000001,33
619cdd5345851b2ed2430f72,low_WSe2,1.0,2.0,3.0,11.776496919999987,1.277700000000003,33
619cdd5345851b2ed2430f73,low_WSe2,1.0,2.0,3.0,11.770121559999996,1.2996999999999943,33
619cdd5345851b2ed2430f74,low_WSe2,3.0,0.0,3.0,50.51732830000001,0.2141999999999999,33
619cdd5345851b2ed2430f75,low_WSe2,2.0,1.0,3.0,23.12620625000003,1.2807999999999993,33
619cdd5345851b2ed2430f76,low_WSe2,2.0,1.0,3.0,39.37266213000002,0.2779000000000007,33
619cdd5345851b2ed2430f77,low_WSe2,0.0,3.0,3.0,0.4287411899999256,1.828400000000002,33
619cdd5345851b2ed2430f78,low_WSe2,2.0,1.0,3.0,39.20259293000008,0.1937999999999995,33
619cdd5345851b2ed2430f79,low_WSe2,1.0,2.0,3.0,27.880839440000045,0.1733999999999991,33
619cdd5345851b2ed2430f7a,low_WSe2,2.0,1.0,3.0,39.39854227000005,0.2888000000000001,33
619cdd5345851b2ed2430f7b,low_WSe2,1.0,2.0,3.0,28.06334014999993,0.2758000000000002,33
619cdd5345851b2ed2430f7c,low_WSe2,1.0,2.0,3.0,11.77181771000004,1.3001000000000005,33
619cdd5345851b2ed2430f7d,low_WSe2,2.0,1.0,3.0,23.105061560000003,1.2441999999999993,33
619cdd5345851b2ed2430f7e,low_WSe2,0.0,3.0,3.0,0.4252426200000059,1.8286999999999975,33
619cdd5345851b2ed2430f7f,low_WSe2,2.0,1.0,3.0,38.6269749399999,0.1946000000000012,33
619cdd5345851b2ed2430f80,low_WSe2,1.0,2.0,3.0,11.774681419999968,1.294499999999999,33
619cdd5345851b2ed2430f81,low_WSe2,1.0,2.0,3.0,11.785459070000105,1.302399999999999,33
619cdd5345851b2ed2430f82,low_WSe2,1.0,2.0,3.0,27.918650780000007,0.1888000000000005,33
619cdd5345851b2ed2430f83,low_WSe2,2.0,1.0,3.0,38.65655971999995,0.2288000000000014,33
619cdd5345851b2ed2430f84,low_WSe2,0.0,3.0,3.0,0.4250511600000095,1.8260999999999967,33
619cdd5345851b2ed2430f85,low_WSe2,3.0,0.0,3.0,50.577659570000016,0.2202999999999999,33
619cdd5345851b2ed2430f86,low_WSe2,1.0,2.0,3.0,27.997310550000066,0.2652999999999998,33
619cdd5345851b2ed2430f87,low_WSe2,1.0,2.0,3.0,11.76865720999989,1.2991000000000028,33
619cdd5345851b2ed2430f88,low_WSe2,2.0,1.0,3.0,23.116510899999906,1.2875999999999976,33
619cdd5345851b2ed2430f89,low_WSe2,0.0,3.0,3.0,0.4295717199999558,1.8286999999999975,33
619cdd5345851b2ed2430f8a,low_WSe2,1.0,2.0,3.0,11.770673219999924,1.2852999999999994,33
619cdd5345851b2ed2430f8b,low_WSe2,0.0,3.0,3.0,0.4291904900000531,1.8251999999999955,33
619cdd5345851b2ed2430f8c,low_WSe2,3.0,0.0,3.0,49.982127630000015,0.2710000000000008,33
619cdd5345851b2ed2430f8d,low_WSe2,3.0,0.0,3.0,50.55711568999991,0.1930999999999993,33
619cdd5345851b2ed2430f8e,low_WSe2,0.0,3.0,3.0,0.4313550700000519,1.8212000000000048,33
619cdd5345851b2ed2430f8f,low_WSe2,0.0,3.0,3.0,0.43018550000005,1.830299999999994,33
619cdd5345851b2ed2430f90,low_WSe2,2.0,1.0,3.0,39.26994745999996,0.1956000000000006,33
619cdd5345851b2ed2430f91,low_WSe2,1.0,2.0,3.0,11.762065930000052,1.2971000000000004,33
619cdd5345851b2ed2430f92,low_WSe2,2.0,1.0,3.0,23.130494329999955,1.279199999999996,33
619cdd5345851b2ed2430f93,low_WSe2,3.0,0.0,3.0,48.85600953999992,0.6051000000000002,33
619cdd5345851b2ed2430f94,low_WSe2,1.0,2.0,3.0,27.912488050000093,0.1943999999999999,33
619cdd5345851b2ed2430f95,low_WSe2,0.0,3.0,3.0,0.4295760700001096,1.830500000000001,33
619cdd5345851b2ed2430f96,low_WSe2,1.0,2.0,3.0,11.768752239999902,1.298099999999998,33
619cdd5345851b2ed2430f97,low_WSe2,2.0,1.0,3.0,39.23709996999996,0.1947999999999989,33
619cdd5345851b2ed2430f98,low_WSe2,2.0,1.0,3.0,39.23250162000004,0.1524000000000001,33
619cdd5345851b2ed2430f99,low_WSe2,1.0,2.0,3.0,11.764062790000017,1.296599999999998,33
619cdd5345851b2ed2430f9a,low_WSe2,2.0,1.0,3.0,23.129216379999924,1.1788999999999987,33
619cdd5445851b2ed2430f9b,low_WSe2,2.0,1.0,3.0,39.21719970999997,0.2024000000000008,33
619cdd5445851b2ed2430f9c,low_WSe2,1.0,2.0,3.0,11.771019510000077,1.2962999999999951,33
619cdd5445851b2ed2430f9d,low_WSe2,1.0,2.0,3.0,11.773379700000069,1.2992999999999952,33
619cdd5445851b2ed2430f9e,low_WSe2,1.0,2.0,3.0,11.771921660000078,1.292100000000005,33
619cdd5445851b2ed2430f9f,low_WSe2,1.0,2.0,3.0,11.746975600000033,1.2946999999999989,33
619cdd5445851b2ed2430fa0,low_WSe2,0.0,3.0,3.0,0.4536536899999532,1.8267999999999984,33
619cdd5445851b2ed2430fa1,low_WSe2,1.0,2.0,3.0,11.767328010000018,1.2993000000000023,33
619cdd5445851b2ed2430fa2,low_WSe2,1.0,2.0,3.0,27.913479069999998,0.1976999999999993,33
619cdd5445851b2ed2430fa3,low_WSe2,3.0,0.0,3.0,50.56868573000006,0.1646999999999998,33
619cdd5445851b2ed2430fa4,low_WSe2,0.0,3.0,3.0,0.4332693099999574,1.8193999999999944,33
619cdd5445851b2ed2430fa5,low_WSe2,2.0,1.0,3.0,39.23854987999998,0.2011000000000002,33
619cdd5445851b2ed2430fa6,low_WSe2,2.0,1.0,3.0,39.19397136000002,0.1887000000000007,33
619cdd5445851b2ed2430fa7,low_WSe2,2.0,1.0,3.0,39.24544225999993,0.1988000000000003,33
619cdd5445851b2ed2430fa8,low_WSe2,2.0,1.0,3.0,38.63689038000011,0.1966999999999998,33
619cdd5445851b2ed2430fa9,low_WSe2,2.0,1.0,3.0,37.58278984000008,0.6573999999999991,33
619cdd5445851b2ed2430faa,low_WSe2,2.0,1.0,3.0,39.21103662,0.1818999999999988,33
619cdd5445851b2ed2430fab,low_WSe2,2.0,1.0,3.0,39.20750412000011,0.2032000000000007,33
619cdd5445851b2ed2430fac,low_WSe2,2.0,1.0,3.0,39.24509229999994,0.1973000000000002,33
619cdd5445851b2ed2430fad,low_WSe2,3.0,0.0,3.0,50.29386200999998,0.232099999999999,33
619cdd5445851b2ed2430fae,low_WSe2,2.0,1.0,3.0,39.3884216500001,0.2918000000000003,33
619cdd5445851b2ed2430faf,low_WSe2,2.0,1.0,3.0,39.24839772,0.1850000000000005,33
619cdd5445851b2ed2430fb0,low_WSe2,2.0,1.0,3.0,23.25625298999993,0.853199999999994,33
619cdd5445851b2ed2430fb1,low_WSe2,0.0,3.0,3.0,0.4264122700000712,1.821799999999996,33
619cdd5445851b2ed2430fb2,low_WSe2,2.0,1.0,3.0,37.57197397000009,0.6568000000000005,33
619cdd5445851b2ed2430fb3,low_WSe2,3.0,0.0,3.0,50.571291060000114,0.1950000000000002,33
619cdd5445851b2ed2430fb4,low_WSe2,1.0,2.0,3.0,27.92565495999997,0.1933999999999986,33
619cdd5445851b2ed2430fb5,low_WSe2,3.0,0.0,3.0,50.57279013999992,0.2144999999999992,33
619cdd5445851b2ed2430fb6,low_WSe2,1.0,2.0,3.0,27.88055656000006,0.1750000000000007,33
619cdd5445851b2ed2430fb7,low_WSe2,3.0,0.0,3.0,50.59713601999997,0.2066999999999996,33
619cdd5445851b2ed2430fb8,low_WSe2,1.0,2.0,3.0,27.917828039999904,0.1877999999999993,33
619cdd5445851b2ed2430fb9,low_WSe2,3.0,0.0,3.0,50.48827876000005,0.2342999999999993,33
619cdd5445851b2ed2430fba,low_WSe2,0.0,3.0,3.0,0.4323504200000911,1.831400000000002,33
619cdd5445851b2ed2430fbb,low_WSe2,1.0,2.0,3.0,27.92283092999992,0.1844999999999999,33
619cdd5445851b2ed2430fbc,low_WSe2,1.0,2.0,3.0,11.774859260000074,1.295100000000005,33
619cdd5445851b2ed2430fbd,low_WSe2,1.0,2.0,3.0,27.876533870000003,0.1767000000000003,33
619cdd5445851b2ed2430fbe,low_WSe2,1.0,2.0,3.0,11.75916576999997,1.300400000000003,33
619cdd5445851b2ed2430fbf,low_WSe2,1.0,2.0,3.0,11.775220819999948,1.3011000000000053,33
619cdd5445851b2ed2430fc0,low_WSe2,1.0,2.0,3.0,11.768055790000052,1.2993000000000023,33
619cdd5445851b2ed2430fc1,low_WSe2,2.0,1.0,3.0,23.10770370999993,1.2665999999999968,33
619cdd5445851b2ed2430fc2,low_WSe2,1.0,2.0,3.0,11.774655200000089,1.2993999999999986,33
619cdd5445851b2ed2430fc3,low_WSe2,1.0,2.0,3.0,11.747358459999976,1.299199999999999,33
619cdd5445851b2ed2430fc4,low_WSe2,1.0,2.0,3.0,27.91486071999998,0.1953999999999993,33
619cdd5445851b2ed2430fc5,low_WSe2,3.0,0.0,3.0,49.90822435999994,0.2078000000000006,33
619cdd5445851b2ed2430fc6,low_WSe2,0.0,3.0,3.0,0.4279128699999432,1.830200000000005,33
619cdd5445851b2ed2430fc7,low_WSe2,1.0,2.0,3.0,28.05946451,0.2774000000000001,33
619cdd5445851b2ed2430fc8,low_WSe2,1.0,2.0,3.0,11.7708610699999,1.2985000000000042,33
619cdd5445851b2ed2430fc9,low_WSe2,2.0,1.0,3.0,39.23468665,0.1957000000000004,33
619cdd5445851b2ed2430fca,low_WSe2,2.0,1.0,3.0,23.125664219999894,1.2412999999999954,33
619cdd5445851b2ed2430fcb,low_WSe2,0.0,3.0,3.0,0.4280198299999824,1.834299999999999,33
619cdd5445851b2ed2430fcc,low_WSe2,3.0,0.0,3.0,50.55603920999997,0.1570999999999998,33
619cdd5445851b2ed2430fcd,low_WSe2,1.0,2.0,3.0,27.96178297000006,0.1598000000000006,33
619cdd5445851b2ed2430fce,low_WSe2,2.0,1.0,3.0,23.120991320000066,1.2672999999999988,33
619cdd5445851b2ed2430fcf,low_WSe2,0.0,2.0,2.0,-3.3209237099999207,1.8657000000000004,34
619cdd5445851b2ed2430fd0,low_WSe2,2.0,1.0,3.0,39.33669809000007,0.2669999999999994,33
619cdd5445851b2ed2430fd1,low_WSe2,1.0,2.0,3.0,11.775927939999963,1.3020999999999958,33
619cdd5445851b2ed2430fd2,low_WSe2,1.0,2.0,3.0,11.776296759999912,1.3027000000000015,33
619cdd5445851b2ed2430fd3,low_WSe2,3.0,0.0,3.0,50.13063672000008,0.2722000000000015,33
619cdd5445851b2ed2430fd4,low_WSe2,2.0,1.0,3.0,39.34908045999991,0.2555999999999994,33
619cdd5445851b2ed2430fd5,low_WSe2,1.0,2.0,3.0,11.767469710000103,1.299199999999999,33
619cdd5445851b2ed2430fd6,low_WSe2,2.0,1.0,3.0,23.14327138999992,1.143900000000002,33
619cdd5445851b2ed2430fd7,low_WSe2,3.0,0.0,3.0,50.57393867000005,0.2028000000000016,33
619cdd5445851b2ed2430fd8,low_WSe2,2.0,1.0,3.0,23.275437950000004,0.8588999999999984,33
619cdd5445851b2ed2430fd9,low_WSe2,3.0,0.0,3.0,50.64290390000006,0.2834000000000003,33
619cdd5445851b2ed2430fda,low_WSe2,1.0,2.0,3.0,11.767525590000094,1.2965000000000018,33
619cdd5445851b2ed2430fdb,low_WSe2,1.0,2.0,3.0,27.91389284999991,0.1851000000000002,33
619cdd5445851b2ed2430fdc,low_WSe2,1.0,2.0,3.0,11.765707680000094,1.2964999999999949,33
619cdd5445851b2ed2430fdd,low_WSe2,1.0,2.0,3.0,27.96799493999993,0.1572000000000013,33
619cdd5445851b2ed2430fde,low_WSe2,2.0,1.0,3.0,39.22964611000002,0.2017000000000006,33
619cdd5445851b2ed2430fdf,low_WSe2,1.0,2.0,3.0,27.912405190000072,0.1929999999999996,33
619cdd5445851b2ed2430fe0,low_WSe2,0.0,3.0,3.0,0.4274945199999251,1.834700000000005,33
619cdd5445851b2ed2430fe1,low_WSe2,1.0,2.0,3.0,11.770514719999928,1.3012999999999977,33
619cdd5445851b2ed2430fe2,low_WSe2,0.0,3.0,3.0,0.4287891599998943,1.8286000000000016,33
619cdd5445851b2ed2430fe3,low_WSe2,2.0,1.0,3.0,23.13295107999992,1.1811000000000007,33
619cdd5445851b2ed2430fe4,low_WSe2,2.0,1.0,3.0,23.108293049999965,1.2672999999999988,33
619cdd5445851b2ed2430fe5,low_WSe2,0.0,3.0,3.0,0.4332398200000966,1.8161000000000056,33
619cdd5445851b2ed2430fe6,low_WSe2,3.0,0.0,3.0,48.052164309999945,0.6364000000000001,33
619cdd5445851b2ed2430fe7,low_WSe2,2.0,1.0,3.0,39.28120958999993,0.1707,33
619cdd5445851b2ed2430fe8,low_WSe2,1.0,2.0,3.0,11.774823480000112,1.3000000000000045,33
619cdd5445851b2ed2430fe9,low_WSe2,2.0,1.0,3.0,39.2417413000001,0.1895000000000006,33
619cdd5445851b2ed2430fea,low_WSe2,2.0,1.0,3.0,39.21866673000004,0.2034000000000002,33
619cdd5445851b2ed2430feb,low_WSe2,1.0,2.0,3.0,27.915298379999967,0.1923999999999992,33
619cdd5445851b2ed2430fec,low_WSe2,2.0,1.0,3.0,38.629056589999934,0.1912000000000002,33
619cdd5545851b2ed2430fed,low_WSe2,1.0,2.0,3.0,27.92547988000001,0.1868999999999996,33
619cdd5545851b2ed2430fee,low_WSe2,1.0,2.0,3.0,11.775909239999908,1.2941000000000005,33
619cdd5545851b2ed2430fef,low_WSe2,2.0,1.0,3.0,23.124679240000013,1.282899999999998,33
619cdd5545851b2ed2430ff0,low_WSe2,0.0,3.0,3.0,0.4281839499998909,1.8297999999999988,33
619cdd5545851b2ed2430ff1,low_WSe2,2.0,1.0,3.0,39.24438880000007,0.2017000000000006,33
619cdd5545851b2ed2430ff2,low_WSe2,0.0,3.0,3.0,0.4276559399999655,1.8286999999999975,33
619cdd5545851b2ed2430ff3,low_WSe2,1.0,2.0,3.0,11.771141449999948,1.2957999999999998,33
619cdd5545851b2ed2430ff4,low_WSe2,3.0,0.0,3.0,50.58689912999999,0.1577999999999999,33
619cdd5545851b2ed2430ff5,low_WSe2,1.0,2.0,3.0,11.770267240000056,1.2984000000000009,33
619cdd5545851b2ed2430ff6,low_WSe2,1.0,1.0,2.0,8.019368549999967,1.2970000000000006,34
619cdd5545851b2ed2430ff7,low_WSe2,1.0,2.0,3.0,27.933273880000115,0.220600000000001,33
619cdd5545851b2ed2430ff8,low_WSe2,2.0,1.0,3.0,39.251834279999954,0.1844999999999999,33
619cdd5545851b2ed2430ff9,low_WSe2,2.0,1.0,3.0,39.24057788000009,0.2022999999999992,33
619cdd5545851b2ed2430ffa,low_WSe2,3.0,0.0,3.0,48.91462203999991,0.6227999999999998,33
619cdd5545851b2ed2430ffb,low_WSe2,3.0,0.0,3.0,50.586535000000005,0.1893000000000011,33
619cdd5545851b2ed2430ffc,low_WSe2,1.0,2.0,3.0,11.753424160000112,1.302500000000002,33
619cdd5545851b2ed2430ffd,low_WSe2,1.0,2.0,3.0,27.880825779999896,0.1735000000000006,33
619cdd5545851b2ed2430ffe,low_WSe2,3.0,0.0,3.0,50.59408614999993,0.1920000000000001,33
619cdd5545851b2ed2430fff,low_WSe2,1.0,2.0,3.0,27.96695851999993,0.1539999999999999,33
619cdd5545851b2ed2431000,low_WSe2,0.0,3.0,3.0,0.4318589799999586,1.8303000000000007,33
619cdd5545851b2ed2431001,low_WSe2,2.0,1.0,3.0,39.197769209999976,0.2052999999999993,33
619cdd5545851b2ed2431002,low_WSe2,2.0,1.0,3.0,23.096158300000106,1.2441999999999993,33
619cdd5545851b2ed2431003,low_WSe2,2.0,1.0,3.0,23.146019869999957,1.1783,33
619cdd5545851b2ed2431004,low_WSe2,1.0,2.0,3.0,11.764411030000009,1.3018,33
619cdd5545851b2ed2431005,low_WSe2,0.0,3.0,3.0,0.4326215600000864,1.8142,33
619cdd5545851b2ed2431006,low_WSe2,2.0,1.0,3.0,39.30827640000011,0.2650000000000005,33
619cdd5545851b2ed2431007,low_WSe2,2.0,1.0,3.0,39.24290969999997,0.2136999999999993,33
619cdd5545851b2ed2431008,low_WSe2,0.0,3.0,3.0,0.4292612500000246,1.8288999999999973,33
619cdd5545851b2ed2431009,low_WSe2,2.0,1.0,3.0,23.06240845999995,1.1229999999999976,33
619cdd5545851b2ed243100a,low_WSe2,1.0,2.0,3.0,11.823424350000083,1.2661999999999978,33
619cdd5545851b2ed243100b,low_WSe2,1.0,2.0,3.0,11.7709027400001,1.294400000000003,33
619cdd5545851b2ed243100c,low_WSe2,1.0,2.0,3.0,27.91904464000004,0.1967999999999996,33
619cdd5545851b2ed243100d,low_WSe2,0.0,3.0,3.0,0.4565470199999595,1.827300000000001,33
619cdd5545851b2ed243100e,low_WSe2,0.0,3.0,3.0,0.4275447199999576,1.8320000000000007,33
619cdd5545851b2ed243100f,low_WSe2,2.0,1.0,3.0,39.236904050000064,0.1835000000000004,33
619cdd5545851b2ed2431010,low_WSe2,2.0,1.0,3.0,23.12560886000009,1.1492999999999969,33
619cdd5545851b2ed2431011,low_WSe2,2.0,1.0,3.0,39.23905896000001,0.1892999999999993,33
619cdd5545851b2ed2431012,low_WSe2,1.0,2.0,3.0,11.768828920000022,1.300400000000003,33
619cdd5545851b2ed2431013,low_WSe2,1.0,2.0,3.0,27.87487815000009,0.1746999999999996,33
619cdd5545851b2ed2431014,low_WSe2,1.0,2.0,3.0,11.769124220000084,1.299199999999999,33
619cdd5545851b2ed2431015,low_WSe2,2.0,1.0,3.0,39.23038215000001,0.145999999999999,33
619cdd5545851b2ed2431016,low_WSe2,1.0,1.0,2.0,29.665083700000046,0.2576999999999998,34
619cdd5545851b2ed2431017,low_WSe2,1.0,2.0,3.0,27.870433820000017,0.174199999999999,33
619cdd5545851b2ed2431018,low_WSe2,3.0,0.0,3.0,50.50500120999991,0.2152999999999991,33
619cdd5545851b2ed2431019,low_WSe2,2.0,1.0,3.0,39.23662775999996,0.1917000000000008,33
619cdd5545851b2ed243101a,low_WSe2,1.0,2.0,3.0,11.771416459999944,1.3008999999999986,33
619cdd5545851b2ed243101b,low_WSe2,3.0,0.0,3.0,49.92511903999989,0.1725999999999992,33
619cdd5545851b2ed243101c,low_WSe2,1.0,2.0,3.0,11.770511169999953,1.3027999999999975,33
619cdd5545851b2ed243101d,low_WSe2,3.0,0.0,3.0,50.529586870000095,0.2118999999999999,33
619cdd5545851b2ed243101e,low_WSe2,0.0,3.0,3.0,0.4372028499998919,1.8223999999999947,33
619cdd5545851b2ed243101f,low_WSe2,2.0,1.0,3.0,23.08966198000011,1.2871999999999986,33
619cdd5545851b2ed2431020,low_WSe2,1.0,2.0,3.0,28.055681840000037,0.2788000000000004,33
619cdd5545851b2ed2431021,low_WSe2,2.0,1.0,3.0,39.2304502299999,0.2012,33
619cdd5545851b2ed2431022,low_WSe2,0.0,3.0,3.0,0.4287641299999336,1.8343999999999951,33
619cdd5545851b2ed2431023,low_WSe2,2.0,1.0,3.0,39.22094982000003,0.1440999999999999,33
619cdd5545851b2ed2431024,low_WSe2,1.0,2.0,3.0,11.768452029999924,1.2990999999999957,33
619cdd5545851b2ed2431025,low_WSe2,1.0,2.0,3.0,11.787570969999924,1.1547000000000054,33
619cdd5545851b2ed2431026,low_WSe2,0.0,3.0,3.0,0.4318122700000799,1.8209000000000015,33
619cdd5545851b2ed2431027,low_WSe2,0.0,3.0,3.0,0.4264005899999006,1.827600000000004,33
619cdd5545851b2ed2431028,low_WSe2,1.0,2.0,3.0,11.680823729999918,1.3049999999999995,33
619cdd5545851b2ed2431029,low_WSe2,2.0,1.0,3.0,23.12318740000004,1.2903999999999982,33
619cdd5545851b2ed243102a,low_WSe2,2.0,1.0,3.0,39.25390543000008,0.1950000000000002,33
619cdd5545851b2ed243102b,low_WSe2,0.0,3.0,3.0,0.4343389899999579,1.8265999999999991,33
619cdd5545851b2ed243102c,low_WSe2,1.0,2.0,3.0,27.920706050000035,0.1846999999999994,33
619cdd5545851b2ed243102d,low_WSe2,2.0,1.0,3.0,23.1010314999999,1.2466000000000008,33
619cdd5545851b2ed243102e,low_WSe2,1.0,2.0,3.0,27.926458540000112,0.1913,33
619cdd5545851b2ed243102f,low_WSe2,1.0,2.0,3.0,11.768059839999967,1.2963000000000022,33
619cdd5545851b2ed2431030,low_WSe2,2.0,1.0,3.0,39.26375190000003,0.1920999999999999,33
619cdd5545851b2ed2431031,low_WSe2,3.0,0.0,3.0,50.58236941000005,0.2004999999999999,33
619cdd5545851b2ed2431032,low_WSe2,2.0,1.0,3.0,23.107583029999923,1.2173000000000016,33
619cdd5545851b2ed2431033,low_WSe2,1.0,2.0,3.0,11.769178490000048,1.3016000000000003,33
619cdd5545851b2ed2431034,low_WSe2,2.0,1.0,3.0,39.3483761800001,0.2655999999999991,33
619cdd5545851b2ed2431035,low_WSe2,1.0,2.0,3.0,11.76953836000006,1.2974999999999994,33
619cdd5545851b2ed2431036,low_WSe2,2.0,1.0,3.0,37.57219003000005,0.6607000000000003,33
619cdd5545851b2ed2431037,low_WSe2,1.0,2.0,3.0,11.78487167000002,1.2710000000000008,33
619cdd5545851b2ed2431038,low_WSe2,2.0,1.0,3.0,39.24941831999995,0.2703000000000006,33
619cdd5545851b2ed2431039,low_WSe2,2.0,1.0,3.0,39.246766269999895,0.1967999999999996,33
619cdd5545851b2ed243103a,low_WSe2,3.0,0.0,3.0,50.57980082000004,0.1986000000000007,33
619cdd5545851b2ed243103b,low_WSe2,2.0,1.0,3.0,39.24233964999989,0.2017999999999986,33
619cdd5545851b2ed243103c,low_WSe2,2.0,1.0,3.0,39.214822729999966,0.1923999999999992,33
619cdd5545851b2ed243103d,low_WSe2,2.0,1.0,3.0,39.23112778999989,0.1490999999999989,33
619cdd5545851b2ed243103e,low_WSe2,2.0,1.0,3.0,23.10118225,1.278099999999995,33
619cdd5545851b2ed243103f,low_WSe2,2.0,1.0,3.0,39.202828949999954,0.2051999999999996,33
619cdd5645851b2ed2431040,low_WSe2,0.0,3.0,3.0,0.431947179999895,1.830200000000005,33
619cdd5645851b2ed2431041,low_WSe2,1.0,2.0,3.0,11.777326119999987,1.2982000000000014,33
619cdd5645851b2ed2431042,low_WSe2,1.0,2.0,3.0,27.993729900000066,0.2630999999999996,33
619cdd5645851b2ed2431043,low_WSe2,1.0,2.0,3.0,11.790236040000073,1.1451999999999956,33
619cdd5645851b2ed2431044,low_WSe2,2.0,1.0,3.0,23.150666990000023,1.1321000000000012,33
619cdd5645851b2ed2431045,low_WSe2,1.0,2.0,3.0,27.91754409000009,0.1920000000000001,33
619cdd5645851b2ed2431046,low_WSe2,0.0,3.0,3.0,0.4255522499999529,1.8284999999999985,33
619cdd5645851b2ed2431047,low_WSe2,2.0,1.0,3.0,38.61699094000009,0.1932999999999989,33
619cdd5645851b2ed2431048,low_WSe2,2.0,1.0,3.0,23.11027139999991,1.288499999999999,33
619cdd5645851b2ed2431049,low_WSe2,1.0,2.0,3.0,11.765924949999988,1.3018,33
619cdd5645851b2ed243104a,low_WSe2,2.0,1.0,3.0,22.58788602999997,1.2521000000000058,33
619cdd5645851b2ed243104b,low_WSe2,1.0,2.0,3.0,27.913429780000115,0.192400000000001,33
619cdd5645851b2ed243104c,low_WSe2,1.0,2.0,3.0,11.769688439999973,1.302900000000001,33
619cdd5645851b2ed243104d,low_WSe2,1.0,2.0,3.0,11.788790499999994,1.2839000000000027,33
619cdd5645851b2ed243104e,low_WSe2,0.0,3.0,3.0,0.426998170000104,1.8207000000000024,33
619cdd5645851b2ed243104f,low_WSe2,1.0,2.0,3.0,11.765174930000049,1.302399999999999,33
619cdd5645851b2ed2431050,low_WSe2,1.0,2.0,3.0,11.76827591999994,1.297399999999996,33
619cdd5645851b2ed2431051,low_WSe2,0.0,3.0,3.0,0.4288184599999454,1.824999999999996,33
619cdd5645851b2ed2431052,low_WSe2,2.0,1.0,3.0,22.58483774999994,1.2469000000000037,33
619cdd5645851b2ed2431053,low_WSe2,1.0,2.0,3.0,27.880226640000046,0.1745000000000001,33
619cdd5645851b2ed2431054,low_WSe2,1.0,2.0,3.0,11.783709600000057,1.1582000000000008,33
619cdd5645851b2ed2431055,low_WSe2,2.0,1.0,3.0,23.104524679999976,1.2172000000000054,33
619cdd5645851b2ed2431056,low_WSe2,3.0,0.0,3.0,50.5561708199999,0.1755999999999993,33
619cdd5645851b2ed2431057,low_WSe2,1.0,2.0,3.0,11.770976909999934,1.3025999999999982,33
619cdd5645851b2ed2431058,low_WSe2,2.0,1.0,3.0,23.105354370000025,1.2576999999999998,33
619cdd5645851b2ed2431059,low_WSe2,2.0,1.0,3.0,39.25307808000007,0.1927000000000003,33
619cdd5645851b2ed243105a,low_WSe2,2.0,1.0,3.0,23.127081549999996,1.2835000000000036,33
619cdd5645851b2ed243105b,low_WSe2,0.0,3.0,3.0,0.4271655800000076,1.831700000000005,33
619cdd5645851b2ed243105c,low_WSe2,1.0,2.0,3.0,27.997078730000112,0.2636000000000003,33
619cdd5645851b2ed243105d,low_WSe2,0.0,3.0,3.0,0.4256237500000566,1.832499999999996,33
619cdd5645851b2ed243105e,low_WSe2,1.0,2.0,3.0,11.76916911000011,1.2969000000000008,33
619cdd5645851b2ed243105f,low_WSe2,2.0,1.0,3.0,39.23743300000005,0.2004000000000001,33
619cdd5645851b2ed2431060,low_WSe2,3.0,0.0,3.0,49.96962098999993,0.2012,33
619cdd5645851b2ed2431061,low_WSe2,2.0,1.0,3.0,23.10242889000009,1.282299999999999,33
619cdd5645851b2ed2431062,low_WSe2,3.0,0.0,3.0,50.52310447999989,0.2253000000000007,33
619cdd5645851b2ed2431063,low_WSe2,3.0,0.0,3.0,50.56861308000007,0.1566999999999989,33
619cdd5645851b2ed2431064,low_WSe2,2.0,1.0,3.0,39.23823883999994,0.1969000000000011,33
619cdd5645851b2ed2431065,low_WSe2,2.0,1.0,3.0,39.24666000999996,0.1951999999999998,33
619cdd5645851b2ed2431066,low_WSe2,1.0,2.0,3.0,11.765450699999963,1.298099999999998,33
619cdd5645851b2ed2431067,low_WSe2,2.0,1.0,3.0,39.25052267000005,0.1921999999999997,33
619cdd5645851b2ed2431068,low_WSe2,2.0,1.0,3.0,39.27375230000011,0.2458999999999989,33
619cdd5645851b2ed2431069,low_WSe2,2.0,1.0,3.0,39.29138581000011,0.2733000000000007,33
619cdd5645851b2ed243106a,low_WSe2,1.0,2.0,3.0,11.76759321999997,1.298499999999997,33
619cdd5645851b2ed243106b,low_WSe2,1.0,2.0,3.0,11.769408760000022,1.3030000000000044,33
619cdd5645851b2ed243106c,low_WSe2,1.0,2.0,3.0,11.763060830000075,1.3016999999999967,33
619cdd5645851b2ed243106d,low_WSe2,3.0,0.0,3.0,50.68287984999993,0.1711000000000009,33
619cdd5645851b2ed243106e,low_WSe2,1.0,2.0,3.0,11.769833009999946,1.300699999999999,33
619cdd5645851b2ed243106f,low_WSe2,1.0,2.0,3.0,27.928970590000063,0.1911000000000005,33
619cdd5645851b2ed2431070,low_WSe2,1.0,2.0,3.0,11.773323260000089,1.2929999999999993,33
619cdd5645851b2ed2431071,low_WSe2,3.0,0.0,3.0,48.85502264000011,0.6082999999999998,33
619cdd5645851b2ed2431072,low_WSe2,2.0,1.0,3.0,23.086179879999957,1.287300000000002,33
619cdd5645851b2ed2431073,low_WSe2,2.0,1.0,3.0,39.2070056999999,0.1905000000000001,33
619cdd5645851b2ed2431074,low_WSe2,1.0,2.0,3.0,27.883844440000075,0.1751999999999984,33
619cdd5645851b2ed2431075,low_WSe2,2.0,1.0,3.0,23.056505629999982,1.1258000000000052,33
619cdd5645851b2ed2431076,low_WSe2,2.0,1.0,3.0,39.19502932999994,0.2060999999999992,33
619cdd5645851b2ed2431077,low_WSe2,1.0,1.0,2.0,8.012673390000032,1.300600000000001,34
619cdd5645851b2ed2431078,low_WSe2,1.0,2.0,3.0,11.80661617999998,1.1601,33
619cdd5645851b2ed2431079,low_WSe2,1.0,2.0,3.0,11.769019060000108,1.2989999999999997,33
619cdd5645851b2ed243107a,low_WSe2,1.0,2.0,3.0,11.783521280000048,1.2693999999999974,33
619cdd5645851b2ed243107b,low_WSe2,2.0,1.0,3.0,39.11803160000004,0.1385000000000005,33
619cdd5645851b2ed243107c,low_WSe2,2.0,1.0,3.0,39.23929587999992,0.1907999999999994,33
619cdd5645851b2ed243107d,low_WSe2,1.0,2.0,3.0,11.767376420000108,1.302899999999994,33
619cdd5645851b2ed243107e,low_WSe2,1.0,2.0,3.0,28.014574490000086,0.2576999999999998,33
619cdd5645851b2ed243107f,low_WSe2,2.0,1.0,3.0,39.23704709999997,0.1989,33
619cdd5645851b2ed2431080,low_WSe2,2.0,1.0,3.0,39.31322858999992,0.2371000000000016,33
619cdd5645851b2ed2431081,low_WSe2,2.0,1.0,3.0,23.075519770000064,1.2456000000000031,33
619cdd5645851b2ed2431082,low_WSe2,2.0,1.0,3.0,23.088332450000088,1.215200000000003,33
619cdd5645851b2ed2431083,low_WSe2,3.0,0.0,3.0,50.56063626,0.2031999999999989,33
619cdd5645851b2ed2431084,low_WSe2,2.0,0.0,2.0,40.99794116000011,0.2477,34
619cdd5645851b2ed2431085,low_WSe2,2.0,1.0,3.0,22.585046039999987,1.2464000000000013,33
619cdd5645851b2ed2431086,low_WSe2,1.0,2.0,3.0,27.884050090000077,0.1732999999999993,33
619cdd5645851b2ed2431087,low_WSe2,0.0,3.0,3.0,0.4283985799999641,1.8272000000000048,33
619cdd5645851b2ed2431088,low_WSe2,3.0,0.0,3.0,49.961415150000086,0.1945999999999994,33
619cdd5645851b2ed2431089,low_WSe2,0.0,3.0,3.0,0.4328740699999684,1.8147999999999984,33
619cdd5645851b2ed243108a,low_WSe2,2.0,1.0,3.0,38.633976079999954,0.1944999999999996,33
619cdd5645851b2ed243108b,low_WSe2,1.0,2.0,3.0,27.91015779999998,0.1960000000000015,33
619cdd5645851b2ed243108c,low_WSe2,2.0,1.0,3.0,39.36403318999992,0.2759999999999998,33
619cdd5645851b2ed243108d,low_WSe2,1.0,2.0,3.0,11.749102479999909,1.2975000000000063,33
619cdd5645851b2ed243108e,low_WSe2,2.0,1.0,3.0,39.17755994000008,0.2058999999999997,33
619cdd5645851b2ed243108f,low_WSe2,1.0,2.0,3.0,28.0000339799999,0.2623999999999995,33
619cdd5645851b2ed2431090,low_WSe2,2.0,1.0,3.0,23.11303694999996,1.1982,33
619cdd5645851b2ed2431091,low_WSe2,2.0,1.0,3.0,39.18919387999999,0.2101000000000006,33
619cdd5645851b2ed2431092,low_WSe2,1.0,2.0,3.0,11.7640831399999,1.303999999999995,33
619cdd5645851b2ed2431093,low_WSe2,0.0,3.0,3.0,0.428397240000038,1.8299999999999983,33
619cdd5645851b2ed2431094,low_WSe2,2.0,1.0,3.0,39.23949524000004,0.1882999999999999,33
619cdd5745851b2ed2431095,low_WSe2,1.0,2.0,3.0,27.911835150000115,0.1949000000000005,33
619cdd5745851b2ed2431096,low_WSe2,1.0,2.0,3.0,11.769122180000055,1.2960000000000065,33
619cdd5745851b2ed2431097,low_WSe2,3.0,0.0,3.0,50.506816930000106,0.2198000000000011,33
619cdd5745851b2ed2431098,low_WSe2,1.0,2.0,3.0,27.990682379999956,0.2606000000000001,33
619cdd5745851b2ed2431099,low_WSe2,2.0,1.0,3.0,39.18298630000008,0.2124999999999985,33
619cdd5745851b2ed243109a,low_WSe2,2.0,1.0,3.0,23.10803104000005,1.2826000000000022,33
619cdd5745851b2ed243109b,low_WSe2,1.0,2.0,3.0,11.76370653999992,1.2994999999999948,33
619cdd5745851b2ed243109c,low_WSe2,1.0,2.0,3.0,27.88208996000003,0.1759000000000004,33
619cdd5745851b2ed243109d,low_WSe2,2.0,1.0,3.0,39.22148186000008,0.1475000000000008,33
619cdd5745851b2ed243109e,low_WSe2,3.0,0.0,3.0,50.527182599999925,0.2133000000000002,33
619cdd5745851b2ed243109f,low_WSe2,3.0,0.0,3.0,50.71965701999998,0.1727999999999987,33
619cdd5745851b2ed24310a0,low_WSe2,3.0,0.0,3.0,50.51039945000012,0.2257999999999995,33
619cdd5745851b2ed24310a1,low_WSe2,2.0,1.0,3.0,39.24765097999993,0.1958000000000002,33
619cdd5745851b2ed24310a2,low_WSe2,3.0,0.0,3.0,50.5582378099999,0.2155000000000004,33
619cdd5745851b2ed24310a3,low_WSe2,1.0,2.0,3.0,27.878498929999974,0.1827999999999985,33
619cdd5745851b2ed24310a4,low_WSe2,2.0,0.0,2.0,40.8914834000001,0.1982999999999997,34
619cdd5745851b2ed24310a5,low_WSe2,2.0,1.0,3.0,23.123684489999995,1.2794999999999987,33
619cdd5745851b2ed24310a6,low_WSe2,2.0,1.0,3.0,39.22313689000002,0.2178000000000004,33
619cdd5745851b2ed24310a7,low_WSe2,1.0,2.0,3.0,28.0041815699999,0.2561,33
619cdd5745851b2ed24310a8,low_WSe2,2.0,1.0,3.0,23.119101589999936,1.2789,33
619cdd5745851b2ed24310a9,low_WSe2,0.0,3.0,3.0,0.4280161399998974,1.8230000000000004,33
619cdd5745851b2ed24310aa,low_WSe2,2.0,1.0,3.0,39.33743830999997,0.2705999999999999,33
619cdd5745851b2ed24310ab,low_WSe2,0.0,3.0,3.0,0.4370542599999112,1.823499999999996,33
619cdd5745851b2ed24310ac,low_WSe2,1.0,2.0,3.0,11.774019350000106,1.2815000000000012,33
619cdd5745851b2ed24310ad,low_WSe2,2.0,1.0,3.0,39.194962919999895,0.1937999999999995,33
619cdd5745851b2ed24310ae,low_WSe2,2.0,1.0,3.0,23.10033361000004,1.2826000000000022,33
619cdd5745851b2ed24310af,low_WSe2,1.0,2.0,3.0,11.771891990000077,1.3003,33
619cdd5745851b2ed24310b0,low_WSe2,2.0,1.0,3.0,39.25021945000008,0.2021999999999995,33
619cdd5745851b2ed24310b1,low_WSe2,1.0,2.0,3.0,28.00097331999996,0.2644999999999999,33
619cdd5745851b2ed24310b2,low_WSe2,2.0,1.0,3.0,39.23976193000003,0.192499999999999,33
619cdd5745851b2ed24310b3,low_WSe2,0.0,3.0,3.0,0.4298483199999623,1.828400000000002,33
619cdd5745851b2ed24310b4,low_WSe2,3.0,0.0,3.0,48.60708547999989,0.4723000000000006,33
619cdd5745851b2ed24310b5,low_WSe2,3.0,0.0,3.0,49.9643489000001,0.1936999999999997,33
619cdd5745851b2ed24310b6,low_WSe2,2.0,1.0,3.0,39.37242449999989,0.2774000000000001,33
619cdd5745851b2ed24310b7,low_WSe2,1.0,2.0,3.0,27.93074210000009,0.1861999999999994,33
619cdd5745851b2ed24310b8,low_WSe2,0.0,3.0,3.0,0.4274437099999773,1.8267999999999984,33
619cdd5745851b2ed24310b9,low_WSe2,0.0,3.0,3.0,0.4250625500000637,1.8256000000000012,33
619cdd5745851b2ed24310ba,low_WSe2,1.0,2.0,3.0,11.772614049999891,1.3023000000000025,33
619cdd5745851b2ed24310bb,low_WSe2,2.0,1.0,3.0,39.15396168000011,0.2060999999999992,33
619cdd5745851b2ed24310bc,low_WSe2,1.0,2.0,3.0,27.9274108300001,0.1915999999999993,33
619cdd5745851b2ed24310bd,low_WSe2,2.0,1.0,3.0,23.153565489999927,1.1806999999999943,33
619cdd5745851b2ed24310be,low_WSe2,2.0,1.0,3.0,23.095209319999903,1.2650000000000006,33
619cdd5745851b2ed24310bf,low_WSe2,3.0,0.0,3.0,50.56147483000005,0.1562999999999998,33
619cdd5745851b2ed24310c0,low_WSe2,2.0,1.0,3.0,38.64858284000006,0.1839999999999992,33
619cdd5745851b2ed24310c1,low_WSe2,2.0,1.0,3.0,38.61008640000004,0.1937999999999995,33
619cdd5745851b2ed24310c2,low_WSe2,2.0,1.0,3.0,38.62786886999997,0.1908999999999991,33
619cdd5745851b2ed24310c3,low_WSe2,2.0,1.0,3.0,39.268138510000014,0.1792999999999995,33
619cdd5745851b2ed24310c4,low_WSe2,2.0,1.0,3.0,23.1285708400001,1.2702999999999989,33
619cdd5745851b2ed24310c5,low_WSe2,0.0,3.0,3.0,0.4293331999999168,1.828400000000002,33
619cdd5745851b2ed24310c6,low_WSe2,1.0,2.0,3.0,11.76689065000004,1.2942000000000036,33
619cdd5745851b2ed24310c7,low_WSe2,2.0,1.0,3.0,39.27802939000007,0.1664000000000012,33
619cdd5745851b2ed24310c8,low_WSe2,1.0,2.0,3.0,11.797364400000095,1.2974000000000032,33
619cdd5745851b2ed24310c9,low_WSe2,2.0,1.0,3.0,39.19015954000001,0.1951999999999998,33
619cdd5745851b2ed24310ca,low_WSe2,1.0,2.0,3.0,11.75962589000004,1.3015000000000043,33
619cdd5745851b2ed24310cb,low_WSe2,1.0,2.0,3.0,11.767539749999958,1.302500000000002,33
619cdd5745851b2ed24310cc,low_WSe2,1.0,2.0,3.0,11.777236509999955,1.3022000000000062,33
619cdd5745851b2ed24310cd,low_WSe2,2.0,1.0,3.0,23.098829849999937,1.2872000000000057,33
619cdd5745851b2ed24310ce,low_WSe2,2.0,0.0,2.0,40.98080147999998,0.2650000000000005,34
619cdd5745851b2ed24310cf,low_WSe2,1.0,2.0,3.0,28.0008924199999,0.2614999999999998,33
619cdd5745851b2ed24310d0,low_WSe2,1.0,2.0,3.0,11.748010459999922,1.2974000000000032,33
619cdd5745851b2ed24310d1,low_WSe2,1.0,2.0,3.0,27.92917095000007,0.1875999999999997,33
619cdd5745851b2ed24310d2,low_WSe2,2.0,1.0,3.0,23.109036090000053,1.199599999999997,33
619cdd5745851b2ed24310d3,low_WSe2,0.0,2.0,2.0,-3.320914900000094,1.8666,34
619cdd5745851b2ed24310d4,low_WSe2,2.0,1.0,3.0,39.30031684999999,0.1659999999999986,33
619cdd5745851b2ed24310d5,low_WSe2,2.0,1.0,3.0,23.125219399999917,1.2657000000000025,33
619cdd5745851b2ed24310d6,low_WSe2,1.0,2.0,3.0,27.91528674999995,0.1909999999999989,33
619cdd5745851b2ed24310d7,low_WSe2,0.0,3.0,3.0,0.426203140000041,1.829500000000003,33
619cdd5745851b2ed24310d8,low_WSe2,2.0,1.0,3.0,39.23574022999996,0.1942000000000003,33
619cdd5745851b2ed24310d9,low_WSe2,2.0,1.0,3.0,39.242762690000106,0.2032000000000007,33
619cdd5745851b2ed24310da,low_WSe2,1.0,2.0,3.0,11.76299199999993,1.2980000000000018,33
619cdd5745851b2ed24310db,low_WSe2,0.0,3.0,3.0,0.4295117900000491,1.8267999999999984,33
619cdd5745851b2ed24310dc,low_WSe2,2.0,1.0,3.0,23.12747008,1.279199999999996,33
619cdd5745851b2ed24310dd,low_WSe2,2.0,1.0,3.0,23.14597129000007,1.1509999999999962,33
619cdd5745851b2ed24310de,low_WSe2,0.0,3.0,3.0,0.429977019999967,1.8342000000000027,33
619cdd5745851b2ed24310df,low_WSe2,2.0,1.0,3.0,23.11077084999992,1.2670999999999992,33
619cdd5745851b2ed24310e0,low_WSe2,0.0,3.0,3.0,0.4248603200000502,1.8252999999999984,33
619cdd5745851b2ed24310e1,low_WSe2,0.0,3.0,3.0,0.428356249999922,1.8297000000000023,33
619cdd5745851b2ed24310e2,low_WSe2,0.0,3.0,3.0,0.4291043400000376,1.8312000000000024,33
619cdd5745851b2ed24310e3,low_WSe2,1.0,2.0,3.0,28.058215250000103,0.274799999999999,33
619cdd5745851b2ed24310e4,low_WSe2,1.0,2.0,3.0,27.876558780000096,0.1753999999999997,33
619cdd5745851b2ed24310e5,low_WSe2,2.0,1.0,3.0,23.132779070000005,1.2664000000000044,33
619cdd5745851b2ed24310e6,low_WSe2,3.0,0.0,3.0,50.583198610000046,0.2042999999999999,33
619cdd5745851b2ed24310e7,low_WSe2,2.0,1.0,3.0,23.12648807999998,1.2039000000000044,33
619cdd5745851b2ed24310e8,low_WSe2,2.0,1.0,3.0,39.25147812000005,0.1950000000000002,33
619cdd5845851b2ed24310e9,low_WSe2,1.0,2.0,3.0,27.925288149999915,0.1914999999999995,33
619cdd5845851b2ed24310ea,low_WSe2,2.0,1.0,3.0,23.10309940000005,1.2586000000000013,33
619cdd5845851b2ed24310eb,low_WSe2,2.0,1.0,3.0,23.09730199000004,1.280300000000004,33
619cdd5845851b2ed24310ec,low_WSe2,2.0,1.0,3.0,23.11757257000003,1.2746999999999955,33
619cdd5845851b2ed24310ed,low_WSe2,3.0,0.0,3.0,50.55084395999993,0.1920000000000001,33
619cdd5845851b2ed24310ee,low_WSe2,2.0,1.0,3.0,39.24365747999995,0.1918999999999986,33
619cdd5845851b2ed24310ef,low_WSe2,1.0,2.0,3.0,11.772593899999936,1.3004999999999995,33
619cdd5845851b2ed24310f0,low_WSe2,1.0,2.0,3.0,11.789447370000053,1.300400000000003,33
619cdd5845851b2ed24310f1,low_WSe2,2.0,1.0,3.0,37.585647729999934,0.6602999999999994,33
619cdd5845851b2ed24310f2,low_WSe2,1.0,2.0,3.0,11.77469246999998,1.297699999999999,33
619cdd5845851b2ed24310f3,low_WSe2,1.0,2.0,3.0,27.91188992000002,0.1957000000000004,33
619cdd5845851b2ed24310f4,low_WSe2,2.0,1.0,3.0,39.25101903,0.1478999999999999,33
619cdd5845851b2ed24310f5,low_WSe2,2.0,1.0,3.0,39.19307162999989,0.2115999999999989,33
619cdd5845851b2ed24310f6,low_WSe2,1.0,2.0,3.0,11.773335150000085,1.2986000000000004,33
619cdd5845851b2ed24310f7,low_WSe2,1.0,2.0,3.0,11.774459270000069,1.2997000000000014,33
619cdd5845851b2ed24310f8,low_WSe2,2.0,1.0,3.0,23.051623020000115,1.1214000000000013,33
619cdd5845851b2ed24310f9,low_WSe2,0.0,3.0,3.0,0.4298083699999893,1.8312000000000024,33
619cdd5845851b2ed24310fa,low_WSe2,0.0,3.0,3.0,0.4275232500000925,1.825400000000002,33
619cdd5845851b2ed24310fb,low_WSe2,3.0,0.0,3.0,50.53982318999997,0.214500000000001,33
619cdd5845851b2ed24310fc,low_WSe2,2.0,1.0,3.0,23.131984950000096,1.281100000000002,33
619cdd5845851b2ed24310fd,low_WSe2,2.0,1.0,3.0,23.08470012000001,1.2830000000000013,33
619cdd5845851b2ed24310fe,low_WSe2,1.0,2.0,3.0,11.78433313000004,1.2702999999999989,33
619cdd5845851b2ed24310ff,low_WSe2,0.0,3.0,3.0,0.4410350099998936,1.8148999999999944,33
619cdd5845851b2ed2431100,low_WSe2,3.0,0.0,3.0,50.58889529999997,0.1989999999999998,33
619cdd5845851b2ed2431101,low_WSe2,1.0,2.0,3.0,11.752976360000035,1.2948999999999984,33
619cdd5845851b2ed2431102,low_WSe2,3.0,0.0,3.0,50.56178355000007,0.2153000000000009,33
619cdd5845851b2ed2431103,low_WSe2,2.0,1.0,3.0,23.1177258600001,1.2775999999999996,33
619cdd5845851b2ed2431104,low_WSe2,1.0,2.0,3.0,11.770737080000108,1.286200000000001,33
619cdd5845851b2ed2431105,low_WSe2,2.0,1.0,3.0,39.211996929999984,0.2188999999999996,33
619cdd5845851b2ed2431106,low_WSe2,0.0,3.0,3.0,0.4315242600000033,1.8329000000000024,33
619cdd5845851b2ed2431107,low_WSe2,1.0,2.0,3.0,11.77220254000007,1.3012000000000017,33
619cdd5845851b2ed2431108,low_WSe2,2.0,1.0,3.0,37.571546380000015,0.648200000000001,33
619cdd5845851b2ed2431109,low_WSe2,1.0,2.0,3.0,11.741940449999891,1.2980000000000018,33
619cdd5845851b2ed243110a,low_WSe2,1.0,2.0,3.0,11.77678220000006,1.2988999999999962,33
619cdd5845851b2ed243110b,low_WSe2,2.0,1.0,3.0,39.20733584000008,0.1905999999999998,33
619cdd5845851b2ed243110c,low_WSe2,2.0,1.0,3.0,39.241600359999936,0.2018999999999984,33
619cdd5845851b2ed243110d,low_WSe2,1.0,2.0,3.0,28.060067789999948,0.2813999999999996,33
619cdd5845851b2ed243110e,low_WSe2,1.0,2.0,3.0,11.77207227000007,1.3038999999999987,33
619cdd5845851b2ed243110f,low_WSe2,2.0,1.0,3.0,23.1166751000001,1.245899999999999,33
619cdd5845851b2ed2431110,low_WSe2,2.0,1.0,3.0,39.24723853000005,0.1971999999999987,33
619cdd5845851b2ed2431111,low_WSe2,1.0,2.0,3.0,27.91483595,0.1908999999999991,33
619cdd5845851b2ed2431112,low_WSe2,1.0,2.0,3.0,11.770015520000005,1.3018999999999965,33
619cdd5845851b2ed2431113,low_WSe2,3.0,0.0,3.0,50.542825619999896,0.2131000000000007,33
619cdd5845851b2ed2431114,low_WSe2,1.0,2.0,3.0,11.768288729999984,1.2988,33
619cdd5845851b2ed2431115,low_WSe2,2.0,1.0,3.0,39.25395910000002,0.1925999999999987,33
619cdd5845851b2ed2431116,low_WSe2,2.0,1.0,3.0,23.122354890000032,1.2464000000000013,33
619cdd5845851b2ed2431117,low_WSe2,1.0,2.0,3.0,11.772676799999989,1.2976000000000028,33
619cdd5845851b2ed2431118,low_WSe2,1.0,2.0,3.0,11.790844589999995,1.3016000000000003,33
619cdd5845851b2ed2431119,low_WSe2,1.0,2.0,3.0,11.775356959999945,1.2969000000000008,33
619cdd5845851b2ed243111a,low_WSe2,0.0,3.0,3.0,0.4293431000000396,1.829500000000003,33
619cdd5845851b2ed243111b,low_WSe2,1.0,2.0,3.0,11.789693879999948,1.1565000000000012,33
619cdd5845851b2ed243111c,low_WSe2,2.0,1.0,3.0,39.25337651,0.2027999999999998,33
619cdd5845851b2ed243111d,low_WSe2,3.0,0.0,3.0,50.540550940000095,0.2214000000000009,33
619cdd5845851b2ed243111e,low_WSe2,1.0,2.0,3.0,11.785560430000022,1.2698999999999998,33
619cdd5845851b2ed243111f,low_WSe2,2.0,1.0,3.0,39.32883582999993,0.268699999999999,33
619cdd5845851b2ed2431120,low_WSe2,2.0,1.0,3.0,39.21081415999997,0.2144999999999992,33
619cdd5845851b2ed2431121,low_WSe2,0.0,3.0,3.0,0.4377618200000484,1.830599999999997,33
619cdd5845851b2ed2431122,low_WSe2,2.0,1.0,3.0,23.126522820000027,1.2391000000000003,33
619cdd5845851b2ed2431123,low_WSe2,1.0,2.0,3.0,11.761633970000036,1.2888999999999982,33
619cdd5845851b2ed2431124,low_WSe2,2.0,1.0,3.0,38.63008992999998,0.1902000000000008,33
619cdd5845851b2ed2431125,low_WSe2,1.0,2.0,3.0,27.91445945000009,0.1928,33
619cdd5845851b2ed2431126,low_WSe2,1.0,2.0,3.0,27.91611988,0.1904000000000003,33
619cdd5845851b2ed2431127,low_WSe2,1.0,2.0,3.0,28.00794459000008,0.2620000000000004,33
619cdd5845851b2ed2431128,low_WSe2,0.0,2.0,2.0,2.090359520000016,1.8327000000000029,34
619cdd5845851b2ed2431129,low_WSe2,1.0,2.0,3.0,27.921215170000096,0.1899999999999995,33
619cdd5845851b2ed243112a,low_WSe2,1.0,2.0,3.0,11.765248749999945,1.294399999999996,33
619cdd5845851b2ed243112b,low_WSe2,1.0,2.0,3.0,27.878826919999938,0.1737999999999999,33
619cdd5845851b2ed243112c,low_WSe2,2.0,1.0,3.0,39.22647830999999,0.2147999999999985,33
619cdd5845851b2ed243112d,low_WSe2,2.0,1.0,3.0,39.186890239999954,0.209999999999999,33
619cdd5845851b2ed243112e,low_WSe2,2.0,1.0,3.0,38.62505433000005,0.1917999999999988,33
619cdd5845851b2ed243112f,low_WSe2,2.0,1.0,3.0,39.39099491000006,0.2850999999999999,33
619cdd5845851b2ed2431130,low_WSe2,0.0,3.0,3.0,0.4257830000000808,1.8335000000000008,33
619cdd5845851b2ed2431131,low_WSe2,0.0,3.0,3.0,0.4315575899999544,1.8271000000000013,33
619cdd5845851b2ed2431132,low_WSe2,2.0,1.0,3.0,39.2609001199999,0.1940999999999988,33
619cdd5845851b2ed2431133,low_WSe2,2.0,1.0,3.0,23.115466819999973,1.266300000000001,33
619cdd5845851b2ed2431134,low_WSe2,1.0,2.0,3.0,28.055262760000005,0.2781000000000002,33
619cdd5845851b2ed2431135,low_WSe2,1.0,2.0,3.0,11.768252159999964,1.3040999999999985,33
619cdd5845851b2ed2431136,low_WSe2,2.0,1.0,3.0,39.19861442999995,0.2123999999999988,33
619cdd5845851b2ed2431137,low_WSe2,3.0,0.0,3.0,50.59244070000009,0.2086999999999985,33
619cdd5845851b2ed2431138,low_WSe2,0.0,3.0,3.0,0.4285132500000941,1.828800000000001,33
619cdd5845851b2ed2431139,low_WSe2,1.0,2.0,3.0,27.96689218000006,0.1524999999999998,33
619cdd5845851b2ed243113a,low_WSe2,2.0,1.0,3.0,39.272555900000086,0.266,33
619cdd5845851b2ed243113b,low_WSe2,2.0,1.0,3.0,38.59842520000011,0.2220999999999993,33
619cdd5945851b2ed243113c,low_WSe2,1.0,2.0,3.0,27.997792180000037,0.2658000000000005,33
619cdd5945851b2ed243113d,low_WSe2,0.0,3.0,3.0,0.4303541900000596,1.8318000000000008,33
619cdd5945851b2ed243113e,low_WSe2,1.0,2.0,3.0,27.93001127999992,0.1851000000000002,33
619cdd5945851b2ed243113f,low_WSe2,2.0,1.0,3.0,39.25123214,0.2048999999999985,33
619cdd5945851b2ed2431140,low_WSe2,0.0,3.0,3.0,0.4297339199999328,1.831400000000002,33
619cdd5945851b2ed2431141,low_WSe2,2.0,1.0,3.0,23.11080565000001,1.2727999999999966,33
619cdd5945851b2ed2431142,low_WSe2,0.0,3.0,3.0,0.4270072700000469,1.8218000000000032,33
619cdd5945851b2ed2431143,low_WSe2,2.0,1.0,3.0,23.121945970000105,1.2854000000000028,33
619cdd5945851b2ed2431144,low_WSe2,1.0,2.0,3.0,11.770992890000104,1.2952000000000012,33
619cdd5945851b2ed2431145,low_WSe2,1.0,2.0,3.0,11.77846326000007,1.289200000000001,33
619cdd5945851b2ed2431146,low_WSe2,1.0,2.0,3.0,27.915463820000014,0.1966000000000001,33
619cdd5945851b2ed2431147,low_WSe2,0.0,2.0,2.0,-3.319551940000043,1.8646999999999991,34
619cdd5945851b2ed2431148,low_WSe2,0.0,3.0,3.0,0.4295804600000679,1.8279,33
619cdd5945851b2ed2431149,low_WSe2,1.0,2.0,3.0,11.772905949999984,1.3003999999999962,33
619cdd5945851b2ed243114a,low_WSe2,2.0,1.0,3.0,23.272693960000005,0.8551999999999964,33
619cdd5945851b2ed243114b,low_WSe2,2.0,1.0,3.0,23.10698365000011,1.2582000000000022,33
619cdd5945851b2ed243114c,low_WSe2,2.0,1.0,3.0,23.097893950000103,1.244499999999995,33
619cdd5945851b2ed243114d,low_WSe2,2.0,1.0,3.0,39.25555801,0.1905000000000001,33
619cdd5945851b2ed243114e,low_WSe2,0.0,3.0,3.0,0.4278615499999318,1.8252999999999984,33
619cdd5945851b2ed243114f,low_WSe2,1.0,2.0,3.0,11.768426470000112,1.2974999999999994,33
619cdd5945851b2ed2431150,low_WSe2,0.0,3.0,3.0,0.4293096999999193,1.8290999999999968,33
619cdd5945851b2ed2431151,low_WSe2,1.0,2.0,3.0,11.782056629999932,1.161100000000005,33
619cdd5945851b2ed2431152,low_WSe2,1.0,2.0,3.0,27.995189279999977,0.2656000000000009,33
619cdd5945851b2ed2431153,low_WSe2,1.0,2.0,3.0,11.765912730000071,1.297699999999999,33
619cdd5945851b2ed2431154,low_WSe2,3.0,0.0,3.0,49.97299940999992,0.1865000000000005,33
619cdd5945851b2ed2431155,low_WSe2,2.0,1.0,3.0,23.104686420000043,1.1948000000000008,33
619cdd5945851b2ed2431156,low_WSe2,2.0,1.0,3.0,39.228064519999904,0.2027999999999998,33
619cdd5945851b2ed2431157,low_WSe2,0.0,3.0,3.0,0.4302673500000651,1.8325999999999996,33
619cdd5945851b2ed2431158,low_WSe2,0.0,3.0,3.0,0.4295650900000396,1.831399999999995,33
619cdd5945851b2ed2431159,low_WSe2,2.0,1.0,3.0,39.25477748000007,0.1943000000000001,33
619cdd5945851b2ed243115a,low_WSe2,1.0,2.0,3.0,27.91848241999992,0.1875999999999997,33
619cdd5945851b2ed243115b,low_WSe2,1.0,2.0,3.0,27.99167512000008,0.2667000000000001,33
619cdd5945851b2ed243115c,low_WSe2,3.0,0.0,3.0,50.5687202099999,0.200099999999999,33
619cdd5945851b2ed243115d,low_WSe2,2.0,1.0,3.0,39.23519999,0.1979000000000006,33
619cdd5945851b2ed243115e,low_WSe2,1.0,2.0,3.0,11.76956457999994,1.2974999999999994,33
619cdd5945851b2ed243115f,low_WSe2,2.0,1.0,3.0,39.19731707999999,0.2040000000000006,33
619cdd5945851b2ed2431160,low_WSe2,1.0,2.0,3.0,11.789819650000016,1.3018,33
619cdd5945851b2ed2431161,low_WSe2,2.0,1.0,3.0,23.11763249000004,1.2841000000000022,33
619cdd5945851b2ed2431162,low_WSe2,1.0,2.0,3.0,11.663025170000072,1.3033,33
619cdd5945851b2ed2431163,low_WSe2,3.0,0.0,3.0,50.530186609999966,0.1702999999999992,33
619cdd5945851b2ed2431164,low_WSe2,0.0,3.0,3.0,0.4271400399999834,1.828000000000003,33
619cdd5945851b2ed2431165,low_WSe2,0.0,3.0,3.0,0.4273272300001167,1.832300000000004,33
619cdd5945851b2ed2431166,low_WSe2,2.0,1.0,3.0,39.23633012000009,0.1981999999999999,33
619cdd5945851b2ed2431167,low_WSe2,1.0,2.0,3.0,28.00751420000006,0.2609999999999992,33
619cdd5945851b2ed2431168,low_WSe2,1.0,2.0,3.0,11.773127209999974,1.3048000000000002,33
619cdd5945851b2ed2431169,low_WSe2,1.0,2.0,3.0,11.7487168,1.2984000000000009,33
619cdd5945851b2ed243116a,low_WSe2,3.0,0.0,3.0,50.59981946000003,0.2759999999999998,33
619cdd5945851b2ed243116b,low_WSe2,2.0,1.0,3.0,38.626507550000085,0.1920000000000001,33
619cdd5945851b2ed243116c,low_WSe2,1.0,2.0,3.0,11.778501270000096,1.2922000000000011,33
619cdd5945851b2ed243116d,low_WSe2,1.0,2.0,3.0,27.91220610000005,0.1974,33
619cdd5945851b2ed243116e,low_WSe2,1.0,2.0,3.0,11.771501100000012,1.294499999999999,33
619cdd5945851b2ed243116f,low_WSe2,1.0,2.0,3.0,11.77264130000002,1.3008000000000024,33
619cdd5945851b2ed2431170,low_WSe2,2.0,1.0,3.0,39.27115404999999,0.1911000000000005,33
619cdd5945851b2ed2431171,low_WSe2,0.0,3.0,3.0,0.4296918800000071,1.8282999999999987,33
619cdd5945851b2ed2431172,low_WSe2,1.0,2.0,3.0,11.76446295000004,1.2986000000000004,33
619cdd5945851b2ed2431173,low_WSe2,1.0,2.0,3.0,27.920971960000088,0.1875999999999997,33
619cdd5945851b2ed2431174,low_WSe2,2.0,1.0,3.0,23.115889640000013,1.2832000000000008,33
619cdd5945851b2ed2431175,low_WSe2,1.0,2.0,3.0,11.764269600000024,1.3023000000000025,33
619cdd5945851b2ed2431176,low_WSe2,2.0,1.0,3.0,39.241669629999976,0.2009000000000007,33
619cdd5945851b2ed2431177,low_WSe2,0.0,3.0,3.0,0.4298070199999415,1.8294,33
619cdd5945851b2ed2431178,low_WSe2,2.0,1.0,3.0,23.28721270000009,0.7991000000000028,33
619cdd5945851b2ed2431179,low_WSe2,0.0,3.0,3.0,0.428820020000046,1.823100000000004,33
619cdd5945851b2ed243117a,low_WSe2,1.0,2.0,3.0,27.991736949999904,0.2660999999999998,33
619cdd5945851b2ed243117b,low_WSe2,3.0,0.0,3.0,50.58415040000009,0.1585,33
619cdd5945851b2ed243117c,low_WSe2,0.0,3.0,3.0,0.4297463100000982,1.8259000000000043,33
619cdd5945851b2ed243117d,low_WSe2,2.0,1.0,3.0,23.050952410000072,1.124299999999998,33
619cdd5945851b2ed243117e,low_WSe2,2.0,1.0,3.0,23.11770763000008,1.2725000000000009,33
619cdd5945851b2ed243117f,low_WSe2,2.0,1.0,3.0,39.23763824999996,0.1932999999999989,33
619cdd5945851b2ed2431180,low_WSe2,2.0,1.0,3.0,39.23366448999995,0.1980000000000004,33
619cdd5945851b2ed2431181,low_WSe2,2.0,1.0,3.0,39.26069981999994,0.1997999999999997,33
619cdd5945851b2ed2431182,low_WSe2,3.0,0.0,3.0,50.49645902999996,0.2070000000000007,33
619cdd5945851b2ed2431183,low_WSe2,2.0,1.0,3.0,39.19416413999993,0.2063999999999985,33
619cdd5945851b2ed2431184,low_WSe2,1.0,2.0,3.0,27.83931819999998,0.1821999999999999,33
619cdd5945851b2ed2431185,low_WSe2,1.0,2.0,3.0,11.771607959999972,1.3016000000000003,33
619cdd5945851b2ed2431186,low_WSe2,0.0,3.0,3.0,0.4297534500000779,1.8271000000000013,33
619cdd5945851b2ed2431187,low_WSe2,2.0,1.0,3.0,39.23865824999989,0.2045999999999992,33
619cdd5945851b2ed2431188,low_WSe2,2.0,1.0,3.0,23.114861820000023,1.287399999999998,33
619cdd5945851b2ed2431189,low_WSe2,2.0,1.0,3.0,39.24538239000008,0.1892000000000013,33
619cdd5945851b2ed243118a,low_WSe2,2.0,1.0,3.0,39.240102280000016,0.1959999999999997,33
619cdd5945851b2ed243118b,low_WSe2,1.0,2.0,3.0,11.771494959999917,1.2991000000000028,33
619cdd5945851b2ed243118c,low_WSe2,1.0,2.0,3.0,28.006001940000036,0.2652000000000001,33
619cdd5945851b2ed243118d,low_WSe2,3.0,0.0,3.0,50.59597627999992,0.214500000000001,33
619cdd5a45851b2ed243118e,low_WSe2,1.0,2.0,3.0,11.756812840000055,1.3022999999999954,33
619cdd5a45851b2ed243118f,low_WSe2,2.0,1.0,3.0,39.25605918000001,0.180299999999999,33
619cdd5a45851b2ed2431190,low_WSe2,3.0,0.0,3.0,50.61365288000011,0.1920999999999999,33
619cdd5a45851b2ed2431191,low_WSe2,1.0,2.0,3.0,11.762844939999912,1.302900000000001,33
619cdd5a45851b2ed2431192,low_WSe2,0.0,3.0,3.0,0.4320388900000012,1.8322000000000005,33
619cdd5a45851b2ed2431193,low_WSe2,1.0,2.0,3.0,27.99572861999991,0.266,33
619cdd5a45851b2ed2431194,low_WSe2,2.0,1.0,3.0,39.24131502999994,0.1868999999999996,33
619cdd5a45851b2ed2431195,low_WSe2,1.0,2.0,3.0,11.771818109999902,1.3044000000000011,33
619cdd5a45851b2ed2431196,low_WSe2,2.0,1.0,3.0,39.178686239999976,0.2067999999999994,33
619cdd5a45851b2ed2431197,low_WSe2,3.0,0.0,3.0,50.666306510000005,0.2891999999999992,33
619cdd5a45851b2ed2431198,low_WSe2,1.0,2.0,3.0,11.777294900000005,1.2935000000000016,33
619cdd5a45851b2ed2431199,low_WSe2,2.0,1.0,3.0,39.222231750000034,0.1483000000000007,33
619cdd5a45851b2ed243119a,low_WSe2,1.0,2.0,3.0,27.926039039999974,0.1853999999999995,33
619cdd5a45851b2ed243119b,low_WSe2,0.0,3.0,3.0,0.4564147600000865,1.8257000000000048,33
619cdd5a45851b2ed243119c,low_WSe2,3.0,0.0,3.0,50.5139113199999,0.2111,33
619cdd5a45851b2ed243119d,low_WSe2,1.0,2.0,3.0,11.765347239999972,1.3008000000000024,33
619cdd5a45851b2ed243119e,low_WSe2,0.0,3.0,3.0,0.4272818999999686,1.8258999999999967,33
619cdd5a45851b2ed243119f,low_WSe2,2.0,1.0,3.0,23.10075972999997,1.2569000000000017,33
619cdd5a45851b2ed24311a0,low_WSe2,2.0,1.0,3.0,39.23666497999993,0.196200000000001,33
619cdd5a45851b2ed24311a1,low_WSe2,1.0,2.0,3.0,11.769021119999923,1.3018999999999965,33
619cdd5a45851b2ed24311a2,low_WSe2,2.0,1.0,3.0,39.23094762999999,0.2037000000000013,33
619cdd5a45851b2ed24311a3,low_WSe2,2.0,1.0,3.0,23.106993460000048,1.288499999999999,33
619cdd5a45851b2ed24311a4,low_WSe2,1.0,2.0,3.0,28.063035310000032,0.2814999999999994,33
619cdd5a45851b2ed24311a5,low_WSe2,2.0,1.0,3.0,23.09392561000008,1.2830999999999977,33
619cdd5a45851b2ed24311a6,low_WSe2,0.0,3.0,3.0,0.4283768399999985,1.8292999999999964,33
619cdd5a45851b2ed24311a7,low_WSe2,2.0,1.0,3.0,37.58381536000006,0.6576000000000004,33
619cdd5a45851b2ed24311a8,low_WSe2,1.0,2.0,3.0,11.749329590000103,1.2985000000000042,33
619cdd5a45851b2ed24311a9,low_WSe2,3.0,0.0,3.0,50.52746919999991,0.2159000000000013,33
619cdd5a45851b2ed24311aa,low_WSe2,1.0,2.0,3.0,27.9105854500001,0.1975999999999995,33
619cdd5a45851b2ed24311ab,low_WSe2,2.0,1.0,3.0,38.63184376000008,0.1951,33
619cdd5a45851b2ed24311ac,low_WSe2,2.0,1.0,3.0,39.22437853000001,0.1510999999999995,33
619cdd5a45851b2ed24311ad,low_WSe2,1.0,2.0,3.0,27.87453273999995,0.1751000000000004,33
619cdd5a45851b2ed24311ae,low_WSe2,0.0,3.0,3.0,0.4261822600000755,1.822099999999999,33
619cdd5a45851b2ed24311af,low_WSe2,1.0,2.0,3.0,11.784688499999891,1.294499999999999,33
619cdd5a45851b2ed24311b0,low_WSe2,1.0,2.0,3.0,11.77880924000009,1.1562000000000054,33
619cdd5a45851b2ed24311b1,low_WSe2,1.0,1.0,2.0,29.58141338000004,0.1988000000000003,34
619cdd5a45851b2ed24311b2,low_WSe2,1.0,2.0,3.0,27.91952147999996,0.1889000000000003,33
619cdd5a45851b2ed24311b3,low_WSe2,3.0,0.0,3.0,49.99856493999992,0.2098999999999993,33
619cdd5a45851b2ed24311b4,low_WSe2,3.0,0.0,3.0,50.588459639999975,0.2022000000000012,33
619cdd5a45851b2ed24311b5,low_WSe2,2.0,1.0,3.0,39.25033082999998,0.1980000000000004,33
619cdd5a45851b2ed24311b6,low_WSe2,3.0,0.0,3.0,50.52434127999991,0.2043999999999997,33
619cdd5a45851b2ed24311b7,low_WSe2,0.0,3.0,3.0,0.4262586399999577,1.8232,33
619cdd5a45851b2ed24311b8,low_WSe2,3.0,0.0,3.0,50.5531298899999,0.1462000000000003,33
619cdd5a45851b2ed24311b9,low_WSe2,3.0,0.0,3.0,50.56769339000002,0.2070000000000007,33
619cdd5a45851b2ed24311ba,low_WSe2,1.0,2.0,3.0,28.08179560999997,0.2751000000000001,33
619cdd5a45851b2ed24311bb,low_WSe2,1.0,2.0,3.0,11.772616149999966,1.3031999999999968,33
619cdd5a45851b2ed24311bc,low_WSe2,1.0,2.0,3.0,11.767357740000069,1.299900000000001,33
619cdd5a45851b2ed24311bd,low_WSe2,0.0,3.0,3.0,0.4305078799999933,1.8268999999999949,33
619cdd5a45851b2ed24311be,low_WSe2,2.0,1.0,3.0,39.24889198999999,0.1917000000000008,33
619cdd5a45851b2ed24311bf,low_WSe2,3.0,0.0,3.0,50.50471223999998,0.2228999999999992,33
619cdd5a45851b2ed24311c0,low_WSe2,0.0,3.0,3.0,0.4294159000000377,1.8314999999999984,33
619cdd5a45851b2ed24311c1,low_WSe2,1.0,2.0,3.0,11.771968900000036,1.3051999999999992,33
619cdd5a45851b2ed24311c2,low_WSe2,3.0,0.0,3.0,50.55899144999999,0.1979000000000006,33
619cdd5a45851b2ed24311c3,low_WSe2,0.0,3.0,3.0,0.4289946700000087,1.8277,33
619cdd5a45851b2ed24311c4,low_WSe2,1.0,2.0,3.0,27.91677621999997,0.1897999999999999,33
619cdd5a45851b2ed24311c5,low_WSe2,0.0,3.0,3.0,0.4254929099999458,1.8275000000000008,33
619cdd5a45851b2ed24311c6,low_WSe2,1.0,2.0,3.0,11.776410870000053,1.1580999999999977,33
619cdd5a45851b2ed24311c7,low_WSe2,2.0,1.0,3.0,39.24713614000011,0.1981000000000001,33
619cdd5a45851b2ed24311c8,low_WSe2,2.0,1.0,3.0,39.32224165000007,0.2676999999999996,33
619cdd5a45851b2ed24311c9,low_WSe2,2.0,1.0,3.0,39.19488454000002,0.1957000000000004,33
619cdd5a45851b2ed24311ca,low_WSe2,1.0,2.0,3.0,11.766316149999955,1.2978999999999985,33
619cdd5a45851b2ed24311cb,low_WSe2,3.0,0.0,3.0,50.59747965999996,0.1953999999999993,33
619cdd5a45851b2ed24311cc,low_WSe2,2.0,1.0,3.0,39.24128709999995,0.1880999999999986,33
619cdd5a45851b2ed24311cd,low_WSe2,2.0,1.0,3.0,23.10633936999992,1.1936999999999998,33
619cdd5a45851b2ed24311ce,low_WSe2,2.0,1.0,3.0,39.16985011000001,0.1918999999999986,33
619cdd5a45851b2ed24311cf,low_WSe2,3.0,0.0,3.0,50.613067659999935,0.1230999999999991,33
619cdd5a45851b2ed24311d0,low_WSe2,2.0,1.0,3.0,39.22025572000011,0.212200000000001,33
619cdd5a45851b2ed24311d1,low_WSe2,1.0,2.0,3.0,11.7743284999999,1.297000000000004,33
619cdd5a45851b2ed24311d2,low_WSe2,1.0,2.0,3.0,27.994025770000007,0.264800000000001,33
619cdd5a45851b2ed24311d3,low_WSe2,1.0,2.0,3.0,11.768211060000102,1.2971000000000004,33
619cdd5a45851b2ed24311d4,low_WSe2,3.0,0.0,3.0,50.57059908000006,0.1914999999999995,33
619cdd5a45851b2ed24311d5,low_WSe2,2.0,1.0,3.0,23.124358800000017,1.284000000000006,33
619cdd5a45851b2ed24311d6,low_WSe2,2.0,1.0,3.0,23.10011573000001,1.2471999999999994,33
619cdd5a45851b2ed24311d7,low_WSe2,1.0,2.0,3.0,11.76805779999994,1.2993999999999986,33
619cdd5a45851b2ed24311d8,low_WSe2,2.0,1.0,3.0,23.09622076999998,1.2426999999999992,33
619cdd5a45851b2ed24311d9,low_WSe2,1.0,2.0,3.0,11.771836139999994,1.2990999999999957,33
619cdd5a45851b2ed24311da,low_WSe2,3.0,0.0,3.0,50.51744792000009,0.251100000000001,33
619cdd5a45851b2ed24311db,low_WSe2,2.0,1.0,3.0,39.24295056999999,0.2030000000000011,33
619cdd5a45851b2ed24311dc,low_WSe2,3.0,0.0,3.0,49.98290705999998,0.1682000000000005,33
619cdd5a45851b2ed24311dd,low_WSe2,2.0,1.0,3.0,39.22999772000007,0.2137999999999991,33
619cdd5b45851b2ed24311de,low_WSe2,2.0,1.0,3.0,39.24762203999994,0.1966000000000001,33
619cdd5b45851b2ed24311df,low_WSe2,0.0,3.0,3.0,0.4276248000000464,1.8309,33
619cdd5b45851b2ed24311e0,low_WSe2,2.0,1.0,3.0,37.577694379999954,0.6573000000000011,33
619cdd5b45851b2ed24311e1,low_WSe2,1.0,2.0,3.0,28.01229962999992,0.2576,33
619cdd5b45851b2ed24311e2,low_WSe2,2.0,1.0,3.0,39.23885694999994,0.1996000000000002,33
619cdd5b45851b2ed24311e3,low_WSe2,1.0,2.0,3.0,11.767942749999964,1.2977999999999952,33
619cdd5b45851b2ed24311e4,low_WSe2,2.0,1.0,3.0,23.10692163999992,1.2567999999999984,33
619cdd5b45851b2ed24311e5,low_WSe2,2.0,1.0,3.0,23.13160296999994,1.080600000000004,33
619cdd5b45851b2ed24311e6,low_WSe2,2.0,1.0,3.0,39.20954975999989,0.1789000000000005,33
619cdd5b45851b2ed24311e7,low_WSe2,3.0,0.0,3.0,50.64973623000001,0.2774000000000001,33
619cdd5b45851b2ed24311e8,low_WSe2,2.0,1.0,3.0,23.138391539999965,1.281399999999998,33
619cdd5b45851b2ed24311e9,low_WSe2,2.0,1.0,3.0,39.25635541000001,0.192499999999999,33
619cdd5b45851b2ed24311ea,low_WSe2,2.0,1.0,3.0,23.114690090000103,1.2714,33
619cdd5b45851b2ed24311eb,low_WSe2,1.0,2.0,3.0,11.76070634000006,1.302100000000003,33
619cdd5b45851b2ed24311ec,low_WSe2,1.0,2.0,3.0,11.772136669999998,1.303599999999996,33
619cdd5b45851b2ed24311ed,low_WSe2,2.0,1.0,3.0,23.1286036899999,1.0957000000000008,33
619cdd5b45851b2ed24311ee,low_WSe2,1.0,2.0,3.0,11.748075069999905,1.2949999999999946,33
619cdd5b45851b2ed24311ef,low_WSe2,0.0,3.0,3.0,0.4287550900000383,1.829499999999996,33
619cdd5b45851b2ed24311f0,low_WSe2,2.0,1.0,3.0,39.19601061999997,0.2034000000000002,33
619cdd5b45851b2ed24311f1,low_WSe2,2.0,1.0,3.0,39.22772390000004,0.1453999999999986,33
619cdd5b45851b2ed24311f2,low_WSe2,1.0,2.0,3.0,11.774432830000013,1.2967000000000013,33
619cdd5b45851b2ed24311f3,low_WSe2,3.0,0.0,3.0,50.51220754999995,0.2198999999999991,33
619cdd5b45851b2ed24311f4,low_WSe2,0.0,3.0,3.0,0.4259198300000548,1.8324,33
619cdd5b45851b2ed24311f5,low_WSe2,2.0,1.0,3.0,39.24689491999997,0.1988000000000003,33
619cdd5b45851b2ed24311f6,low_WSe2,1.0,2.0,3.0,11.68260237000003,1.308400000000006,33
619cdd5b45851b2ed24311f7,low_WSe2,1.0,2.0,3.0,11.769469179999977,1.2982999999999976,33
619cdd5b45851b2ed24311f8,low_WSe2,1.0,2.0,3.0,11.747012739999937,1.294799999999995,33
619cdd5b45851b2ed24311f9,low_WSe2,2.0,1.0,3.0,39.24921391999992,0.2035,33
619cdd5b45851b2ed24311fa,low_WSe2,1.0,2.0,3.0,11.787470559999964,1.2714,33
619cdd5b45851b2ed24311fb,low_WSe2,1.0,2.0,3.0,11.772945010000049,1.282599999999995,33
619cdd5b45851b2ed24311fc,low_WSe2,1.0,2.0,3.0,11.762299250000058,1.303600000000003,33
619cdd5b45851b2ed24311fd,low_WSe2,2.0,1.0,3.0,39.17574741000003,0.2042999999999999,33
619cdd5b45851b2ed24311fe,low_WSe2,2.0,1.0,3.0,38.6262580999999,0.1899999999999995,33
619cdd5b45851b2ed24311ff,low_WSe2,1.0,2.0,3.0,11.766777419999917,1.2956000000000003,33
619cdd5b45851b2ed2431200,low_WSe2,1.0,2.0,3.0,27.997637639999997,0.2651000000000003,33
619cdd5b45851b2ed2431201,low_WSe2,1.0,2.0,3.0,11.76986056999998,1.3036999999999992,33
619cdd5b45851b2ed2431202,low_WSe2,1.0,2.0,3.0,28.07903732,0.2960999999999991,33
619cdd5b45851b2ed2431203,low_WSe2,3.0,0.0,3.0,50.57534406,0.1528999999999989,33
619cdd5b45851b2ed2431204,low_WSe2,2.0,1.0,3.0,39.24910084999992,0.1920000000000001,33
619cdd5b45851b2ed2431205,low_WSe2,2.0,1.0,3.0,39.31903837999998,0.2761999999999993,33
619cdd5b45851b2ed2431206,low_WSe2,1.0,2.0,3.0,11.765737209999989,1.3005999999999958,33
619cdd5b45851b2ed2431207,low_WSe2,1.0,2.0,3.0,11.795808289999956,1.3014999999999972,33
619cdd5b45851b2ed2431208,low_WSe2,0.0,3.0,3.0,0.4371136599999659,1.8222999999999985,33
619cdd5b45851b2ed2431209,low_WSe2,1.0,2.0,3.0,11.766417230000105,1.3014999999999972,33
619cdd5b45851b2ed243120a,low_WSe2,1.0,2.0,3.0,11.7826797099999,1.1555000000000035,33
619cdd5b45851b2ed243120b,low_WSe2,2.0,1.0,3.0,39.19020013000004,0.2095000000000002,33
619cdd5b45851b2ed243120c,low_WSe2,1.0,2.0,3.0,11.76599413000007,1.2948999999999984,33
619cdd5b45851b2ed243120d,low_WSe2,1.0,2.0,3.0,11.765079920000051,1.2973,33
619cdd5b45851b2ed243120e,low_WSe2,2.0,1.0,3.0,23.12260401999996,1.2416000000000054,33
619cdd5b45851b2ed243120f,low_WSe2,1.0,1.0,2.0,8.01853253999991,1.298,34
619cdd5b45851b2ed2431210,low_WSe2,2.0,1.0,3.0,23.115799239999923,1.288499999999999,33
619cdd5b45851b2ed2431211,low_WSe2,1.0,2.0,3.0,11.797196960000054,1.2965000000000018,33
619cdd5b45851b2ed2431212,low_WSe2,2.0,1.0,3.0,23.14089560999995,1.1533000000000015,33
619cdd5b45851b2ed2431213,low_WSe2,1.0,2.0,3.0,28.000955429999976,0.267199999999999,33
619cdd5b45851b2ed2431214,low_WSe2,3.0,0.0,3.0,50.68200244999989,0.2775999999999996,33
619cdd5b45851b2ed2431215,low_WSe2,2.0,1.0,3.0,38.62732886000008,0.1948000000000007,33
619cdd5b45851b2ed2431216,low_WSe2,1.0,2.0,3.0,11.766969719999896,1.294499999999999,33
619cdd5b45851b2ed2431217,low_WSe2,3.0,0.0,3.0,48.908971220000105,0.5785,33
619cdd5b45851b2ed2431218,low_WSe2,2.0,1.0,3.0,39.18627298999995,0.1826999999999987,33
619cdd5b45851b2ed2431219,low_WSe2,2.0,1.0,3.0,23.12928493999997,1.275500000000001,33
619cdd5b45851b2ed243121a,low_WSe2,3.0,0.0,3.0,50.50715455000009,0.2153000000000009,33
619cdd5b45851b2ed243121b,low_WSe2,1.0,2.0,3.0,27.921100600000045,0.1948999999999987,33
619cdd5b45851b2ed243121c,low_WSe2,0.0,3.0,3.0,0.4525666799999612,1.8263000000000036,33
619cdd5b45851b2ed243121d,low_WSe2,1.0,2.0,3.0,11.774170679999989,1.303599999999996,33
619cdd5b45851b2ed243121e,low_WSe2,2.0,1.0,3.0,23.1092902400001,1.2590999999999966,33
619cdd5b45851b2ed243121f,low_WSe2,2.0,1.0,3.0,39.1919646700001,0.1936,33
619cdd5b45851b2ed2431220,low_WSe2,0.0,3.0,3.0,0.4573592200001144,1.823599999999999,33
619cdd5b45851b2ed2431221,low_WSe2,2.0,1.0,3.0,23.105446730000075,1.2816000000000043,33
619cdd5b45851b2ed2431222,low_WSe2,1.0,2.0,3.0,27.9159298699999,0.186399999999999,33
619cdd5b45851b2ed2431223,low_WSe2,2.0,1.0,3.0,37.579657540000014,0.6447000000000003,33
619cdd5b45851b2ed2431224,low_WSe2,2.0,1.0,3.0,39.226318730000045,0.1477000000000004,33
619cdd5b45851b2ed2431225,low_WSe2,2.0,1.0,3.0,39.22920615000002,0.1507000000000005,33
619cdd5b45851b2ed2431226,low_WSe2,2.0,0.0,2.0,40.895152140000064,0.1555999999999997,34
619cdd5b45851b2ed2431227,low_WSe2,2.0,1.0,3.0,39.21398079000009,0.1506999999999987,33
619cdd5b45851b2ed2431228,low_WSe2,1.0,2.0,3.0,11.773589849999995,1.279900000000005,33
619cdd5b45851b2ed2431229,low_WSe2,1.0,2.0,3.0,11.7743207599999,1.300699999999999,33
619cdd5b45851b2ed243122a,low_WSe2,2.0,1.0,3.0,39.24659593999995,0.1966000000000001,33
619cdd5b45851b2ed243122b,low_WSe2,1.0,2.0,3.0,11.763423099999944,1.3030000000000044,33
619cdd5b45851b2ed243122c,low_WSe2,0.0,3.0,3.0,0.4257879199998911,1.823999999999998,33
619cdd5c45851b2ed243122d,low_WSe2,2.0,1.0,3.0,39.23034618999991,0.1773000000000006,33
619cdd5c45851b2ed243122e,low_WSe2,1.0,2.0,3.0,11.766438189999906,1.3002000000000038,33
619cdd5c45851b2ed243122f,low_WSe2,0.0,3.0,3.0,0.4282832000000667,1.8303000000000007,33
619cdd5c45851b2ed2431230,low_WSe2,1.0,2.0,3.0,11.769363269999976,1.2989999999999997,33
619cdd5c45851b2ed2431231,low_WSe2,2.0,1.0,3.0,23.115877969999964,1.2482000000000042,33
619cdd5c45851b2ed2431232,low_WSe2,2.0,1.0,3.0,39.21914176,0.1900000000000012,33
619cdd5c45851b2ed2431233,low_WSe2,3.0,0.0,3.0,50.59152066000011,0.1987000000000005,33
619cdd5c45851b2ed2431234,low_WSe2,2.0,1.0,3.0,23.110843790000025,1.280699999999996,33
619cdd5c45851b2ed2431235,low_WSe2,1.0,2.0,3.0,11.760809509999934,1.2997000000000014,33
619cdd5c45851b2ed2431236,low_WSe2,1.0,2.0,3.0,11.786746400000071,1.2727000000000004,33
619cdd5c45851b2ed2431237,low_WSe2,1.0,2.0,3.0,11.753955699999995,1.2971000000000004,33
619cdd5c45851b2ed2431238,low_WSe2,2.0,1.0,3.0,39.20377566000006,0.2004000000000001,33
619cdd5c45851b2ed2431239,low_WSe2,2.0,1.0,3.0,23.11310974999996,1.2192000000000007,33
619cdd5c45851b2ed243123a,low_WSe2,1.0,2.0,3.0,28.06213582999999,0.2759,33
619cdd5c45851b2ed243123b,low_WSe2,2.0,1.0,3.0,23.115583929999996,1.2813000000000017,33
619cdd5c45851b2ed243123c,low_WSe2,3.0,0.0,3.0,50.54979011999999,0.1487999999999996,33
619cdd5c45851b2ed243123d,low_WSe2,0.0,3.0,3.0,0.4270192000000747,1.8278000000000036,33
619cdd5c45851b2ed243123e,low_WSe2,1.0,2.0,3.0,11.772112860000096,1.299900000000001,33
619cdd5c45851b2ed243123f,low_WSe2,1.0,2.0,3.0,11.763094509999965,1.3048000000000002,33
619cdd5c45851b2ed2431240,low_WSe2,1.0,2.0,3.0,27.92601295000009,0.1916000000000011,33
619cdd5c45851b2ed2431241,low_WSe2,1.0,2.0,3.0,27.95452515000011,0.1647999999999996,33
619cdd5c45851b2ed2431242,low_WSe2,2.0,1.0,3.0,23.10535826999993,1.2759,33
619cdd5c45851b2ed2431243,low_WSe2,1.0,2.0,3.0,11.77151544000002,1.295099999999998,33
619cdd5c45851b2ed2431244,low_WSe2,3.0,0.0,3.0,50.54392444999994,0.2093000000000007,33
619cdd5c45851b2ed2431245,low_WSe2,1.0,2.0,3.0,11.768969250000044,1.3001000000000005,33
619cdd5c45851b2ed2431246,low_WSe2,2.0,0.0,2.0,40.91249174999997,0.1964000000000005,34
619cdd5c45851b2ed2431247,low_WSe2,2.0,1.0,3.0,23.08762183999992,1.2454000000000036,33
619cdd5c45851b2ed2431248,low_WSe2,1.0,2.0,3.0,11.763616469999976,1.3026000000000053,33
619cdd5c45851b2ed2431249,low_WSe2,3.0,0.0,3.0,48.93605125999998,0.4803999999999995,33
619cdd5c45851b2ed243124a,low_WSe2,3.0,0.0,3.0,48.89020313999991,0.5938999999999997,33
619cdd5c45851b2ed243124b,low_WSe2,0.0,3.0,3.0,0.4555607500000747,1.8322000000000005,33
619cdd5c45851b2ed243124c,low_WSe2,1.0,2.0,3.0,11.770430660000091,1.302399999999999,33
619cdd5c45851b2ed243124d,low_WSe2,1.0,2.0,3.0,27.96950138000011,0.246500000000001,33
619cdd5c45851b2ed243124e,low_WSe2,1.0,2.0,3.0,11.77029865999997,1.2689999999999984,33
619cdd5c45851b2ed243124f,low_WSe2,1.0,2.0,3.0,11.77091848000008,1.3033,33
619cdd5c45851b2ed2431250,low_WSe2,1.0,2.0,3.0,11.765767950000043,1.301400000000001,33
619cdd5c45851b2ed2431251,low_WSe2,1.0,2.0,3.0,11.7710698400001,1.3004999999999995,33
619cdd5c45851b2ed2431252,low_WSe2,1.0,2.0,3.0,11.771667030000106,1.2978999999999985,33
619cdd5c45851b2ed2431253,low_WSe2,1.0,2.0,3.0,28.04832635999992,0.2215000000000007,33
619cdd5c45851b2ed2431254,low_WSe2,2.0,1.0,3.0,39.37985576999999,0.2908999999999988,33
619cdd5c45851b2ed2431255,low_WSe2,1.0,2.0,3.0,27.99677029000009,0.2635000000000005,33
619cdd5c45851b2ed2431256,low_WSe2,2.0,1.0,3.0,39.22238320000001,0.1449000000000015,33
619cdd5c45851b2ed2431257,low_WSe2,2.0,1.0,3.0,23.109154979999893,1.2162999999999968,33
619cdd5c45851b2ed2431258,low_WSe2,1.0,2.0,3.0,11.771344850000094,1.2978000000000025,33
619cdd5c45851b2ed2431259,low_WSe2,2.0,1.0,3.0,23.12202254999992,1.2794999999999987,33
619cdd5c45851b2ed243125a,low_WSe2,3.0,0.0,3.0,50.72529440000003,0.1737000000000002,33
619cdd5c45851b2ed243125b,low_WSe2,1.0,2.0,3.0,11.741291199999967,1.296999999999997,33
619cdd5c45851b2ed243125c,low_WSe2,2.0,1.0,3.0,39.23918688999997,0.1896000000000004,33
619cdd5c45851b2ed243125d,low_WSe2,2.0,1.0,3.0,39.19272273000006,0.2076000000000011,33
619cdd5c45851b2ed243125e,low_WSe2,0.0,3.0,3.0,0.4383200799999827,1.829499999999996,33
619cdd5c45851b2ed243125f,low_WSe2,2.0,1.0,3.0,39.19595695000002,0.2116000000000006,33
619cdd5c45851b2ed2431260,low_WSe2,1.0,2.0,3.0,27.926302840000066,0.1578999999999997,33
619cdd5c45851b2ed2431261,low_WSe2,1.0,2.0,3.0,27.951873089999932,0.1699999999999999,33
619cdd5c45851b2ed2431262,low_WSe2,2.0,1.0,3.0,38.628001500000025,0.1892000000000013,33
619cdd5c45851b2ed2431263,low_WSe2,1.0,2.0,3.0,11.778086349999956,1.2960999999999956,33
619cdd5c45851b2ed2431264,low_WSe2,3.0,0.0,3.0,50.68675418999997,0.2640000000000011,33
619cdd5c45851b2ed2431265,low_WSe2,2.0,1.0,3.0,39.22069655999989,0.1934000000000004,33
619cdd5c45851b2ed2431266,low_WSe2,1.0,2.0,3.0,11.771695500000067,1.2989999999999997,33
619cdd5c45851b2ed2431267,low_WSe2,2.0,1.0,3.0,23.14458369999992,1.1792000000000016,33
619cdd5c45851b2ed2431268,low_WSe2,1.0,2.0,3.0,27.87547728999993,0.1753999999999997,33
619cdd5c45851b2ed2431269,low_WSe2,3.0,0.0,3.0,50.5800527299999,0.2002000000000006,33
619cdd5c45851b2ed243126a,low_WSe2,0.0,3.0,3.0,0.4287054499999954,1.8279,33
619cdd5c45851b2ed243126b,low_WSe2,1.0,2.0,3.0,11.76692069999989,1.301700000000004,33
619cdd5c45851b2ed243126c,low_WSe2,1.0,2.0,3.0,11.762934900000108,1.299500000000002,33
619cdd5c45851b2ed243126d,low_WSe2,2.0,1.0,3.0,39.19062173999991,0.2111999999999998,33
619cdd5c45851b2ed243126e,low_WSe2,3.0,0.0,3.0,50.58412821000011,0.1992999999999991,33
619cdd5c45851b2ed243126f,low_WSe2,2.0,1.0,3.0,23.120446819999906,1.2832000000000008,33
619cdd5c45851b2ed2431270,low_WSe2,2.0,1.0,3.0,23.09894964000004,1.1979000000000042,33
619cdd5c45851b2ed2431271,low_WSe2,2.0,1.0,3.0,38.73530759000009,0.2295999999999995,33
619cdd5c45851b2ed2431272,low_WSe2,1.0,2.0,3.0,11.765914790000114,1.3003999999999962,33
619cdd5c45851b2ed2431273,low_WSe2,2.0,1.0,3.0,38.63358036999993,0.1928999999999998,33
619cdd5c45851b2ed2431274,low_WSe2,2.0,1.0,3.0,23.14613360000002,1.2657999999999987,33
619cdd5c45851b2ed2431275,low_WSe2,1.0,2.0,3.0,28.08111441999995,0.2843999999999997,33
619cdd5c45851b2ed2431276,low_WSe2,2.0,1.0,3.0,39.19142620000007,0.2037999999999993,33
619cdd5c45851b2ed2431277,low_WSe2,0.0,3.0,3.0,0.4292952800000762,1.8292,33
619cdd5c45851b2ed2431278,low_WSe2,0.0,3.0,3.0,0.428067819999967,1.826499999999996,33
619cdd5c45851b2ed2431279,low_WSe2,2.0,1.0,3.0,23.074549160000096,1.2441999999999993,33
619cdd5c45851b2ed243127a,low_WSe2,1.0,2.0,3.0,11.768145109999969,1.3007999999999953,33
619cdd5d45851b2ed243127b,low_WSe2,1.0,2.0,3.0,11.766187100000014,1.2978000000000025,33
619cdd5d45851b2ed243127c,low_WSe2,2.0,1.0,3.0,23.109431140000005,1.2676000000000016,33
619cdd5d45851b2ed243127d,low_WSe2,1.0,2.0,3.0,11.76415565000001,1.3006000000000029,33
619cdd5d45851b2ed243127e,low_WSe2,1.0,2.0,3.0,27.83838164000008,0.1615999999999999,33
619cdd5d45851b2ed243127f,low_WSe2,3.0,0.0,3.0,49.87502694000009,0.1173000000000001,33
619cdd5d45851b2ed2431280,low_WSe2,2.0,1.0,3.0,39.22423037999992,0.2012999999999998,33
619cdd5d45851b2ed2431281,low_WSe2,2.0,1.0,3.0,23.113675300000104,1.2556000000000012,33
619cdd5d45851b2ed2431282,low_WSe2,2.0,1.0,3.0,39.18907573999995,0.1836000000000002,33
619cdd5d45851b2ed2431283,low_WSe2,1.0,2.0,3.0,27.88101981,0.1753,33
619cdd5d45851b2ed2431284,low_WSe2,0.0,3.0,3.0,0.4550573900000358,1.8260999999999967,33
619cdd5d45851b2ed2431285,low_WSe2,2.0,1.0,3.0,23.12370947000003,1.268000000000001,33
619cdd5d45851b2ed2431286,low_WSe2,1.0,2.0,3.0,28.14736323000011,0.2508999999999997,33
619cdd5d45851b2ed2431287,low_WSe2,1.0,2.0,3.0,11.776840909999908,1.2952999999999977,33
619cdd5d45851b2ed2431288,low_WSe2,1.0,2.0,3.0,27.95978829000001,0.1598000000000006,33
619cdd5d45851b2ed2431289,low_WSe2,3.0,0.0,3.0,50.5574017299999,0.2063000000000006,33
619cdd5d45851b2ed243128a,low_WSe2,2.0,1.0,3.0,39.25345960999998,0.1974,33
619cdd5d45851b2ed243128b,low_WSe2,1.0,2.0,3.0,11.75401370999997,1.3018999999999965,33
619cdd5d45851b2ed243128c,low_WSe2,1.0,2.0,3.0,27.91652832999989,0.1916999999999991,33
619cdd5d45851b2ed243128d,low_WSe2,1.0,2.0,3.0,27.91373507000003,0.1938999999999993,33
619cdd5d45851b2ed243128e,low_WSe2,1.0,2.0,3.0,11.758761110000012,1.2931999999999988,33
619cdd5d45851b2ed243128f,low_WSe2,3.0,0.0,3.0,50.141393340000015,0.0850999999999988,33
619cdd5d45851b2ed2431290,low_WSe2,2.0,1.0,3.0,39.24898048000004,0.1884999999999994,33
619cdd5d45851b2ed2431291,low_WSe2,2.0,1.0,3.0,39.22373330999999,0.2001999999999988,33
619cdd5d45851b2ed2431292,low_WSe2,0.0,3.0,3.0,0.4282024500000148,1.828400000000002,33
619cdd5d45851b2ed2431293,low_WSe2,0.0,3.0,3.0,0.4549706699999092,1.8271000000000013,33
619cdd5d45851b2ed2431294,low_WSe2,0.0,3.0,3.0,0.4315473099999849,1.8282999999999987,33
619cdd5d45851b2ed2431295,low_WSe2,2.0,1.0,3.0,23.12347368,1.142400000000002,33
619cdd5d45851b2ed2431296,low_WSe2,0.0,3.0,3.0,0.4274005799999827,1.8286000000000016,33
619cdd5d45851b2ed2431297,low_WSe2,2.0,1.0,3.0,39.228399559999886,0.2149999999999998,33
619cdd5d45851b2ed2431298,low_WSe2,0.0,3.0,3.0,0.4254018200001042,1.8281000000000065,33
619cdd5d45851b2ed2431299,low_WSe2,1.0,2.0,3.0,11.766604050000058,1.2987000000000035,33
619cdd5d45851b2ed243129a,low_WSe2,1.0,2.0,3.0,11.79008715000008,1.157899999999998,33
619cdd5d45851b2ed243129b,low_WSe2,0.0,3.0,3.0,0.4302169700001172,1.8271999999999975,33
619cdd5d45851b2ed243129c,low_WSe2,1.0,2.0,3.0,11.762216609999983,1.3003,33
619cdd5d45851b2ed243129d,low_WSe2,3.0,0.0,3.0,50.57847608999996,0.1952999999999995,33
619cdd5d45851b2ed243129e,low_WSe2,1.0,2.0,3.0,11.765685959999916,1.3004999999999995,33
619cdd5d45851b2ed243129f,low_WSe2,2.0,1.0,3.0,23.021282790000026,1.1134999999999948,33
619cdd5d45851b2ed24312a0,low_WSe2,2.0,1.0,3.0,39.32611686999989,0.2652999999999998,33
619cdd5d45851b2ed24312a1,low_WSe2,1.0,2.0,3.0,11.77652082999997,1.2823999999999955,33
619cdd5d45851b2ed24312a2,low_WSe2,3.0,0.0,3.0,50.58943003999989,0.2031999999999989,33
619cdd5d45851b2ed24312a3,low_WSe2,2.0,1.0,3.0,23.11134244999997,1.286200000000001,33
619cdd5d45851b2ed24312a4,low_WSe2,1.0,2.0,3.0,11.759542810000074,1.2987000000000035,33
619cdd5d45851b2ed24312a5,low_WSe2,3.0,0.0,3.0,50.46002938999991,0.2172999999999998,33
619cdd5d45851b2ed24312a6,low_WSe2,0.0,3.0,3.0,0.4315737500000409,1.834299999999999,33
619cdd5d45851b2ed24312a7,low_WSe2,1.0,2.0,3.0,27.913443760000064,0.1944000000000016,33
619cdd5d45851b2ed24312a8,low_WSe2,1.0,2.0,3.0,11.775091790000022,1.302399999999999,33
619cdd5d45851b2ed24312a9,low_WSe2,2.0,1.0,3.0,39.24287437999992,0.2142999999999997,33
619cdd5d45851b2ed24312aa,low_WSe2,2.0,1.0,3.0,39.28251615000004,0.1601999999999996,33
619cdd5d45851b2ed24312ab,low_WSe2,2.0,1.0,3.0,23.121952369999956,1.268500000000003,33
619cdd5d45851b2ed24312ac,low_WSe2,1.0,1.0,2.0,13.405977760000113,1.298099999999998,34
619cdd5d45851b2ed24312ad,low_WSe2,3.0,0.0,3.0,50.45778712999991,0.2094000000000004,33
619cdd5d45851b2ed24312ae,low_WSe2,1.0,2.0,3.0,11.774821940000027,1.3012999999999977,33
619cdd5d45851b2ed24312af,low_WSe2,2.0,1.0,3.0,39.24762414000001,0.1814999999999997,33
619cdd5d45851b2ed24312b0,low_WSe2,2.0,1.0,3.0,39.23716307999989,0.1991000000000014,33
619cdd5d45851b2ed24312b1,low_WSe2,0.0,3.0,3.0,0.4298263600000496,1.8307,33
619cdd5d45851b2ed24312b2,low_WSe2,2.0,1.0,3.0,23.106073230000028,1.2567999999999984,33
619cdd5d45851b2ed24312b3,low_WSe2,0.0,2.0,2.0,-3.317627470000094,1.8634999999999984,34
619cdd5d45851b2ed24312b4,low_WSe2,1.0,2.0,3.0,11.772922769999912,1.3003999999999962,33
619cdd5d45851b2ed24312b5,low_WSe2,2.0,1.0,3.0,39.23820927999991,0.1853999999999995,33
619cdd5d45851b2ed24312b6,low_WSe2,2.0,1.0,3.0,23.13777770000005,1.1801999999999992,33
619cdd5d45851b2ed24312b7,low_WSe2,1.0,2.0,3.0,11.763022139999965,1.299500000000002,33
619cdd5d45851b2ed24312b8,low_WSe2,3.0,0.0,3.0,50.4923106499999,0.2752999999999996,33
619cdd5d45851b2ed24312b9,low_WSe2,1.0,2.0,3.0,11.771306470000116,1.2864999999999966,33
619cdd5d45851b2ed24312ba,low_WSe2,1.0,2.0,3.0,11.763764739999932,1.298099999999998,33
619cdd5d45851b2ed24312bb,low_WSe2,1.0,2.0,3.0,27.92164406999996,0.1890999999999998,33
619cdd5d45851b2ed24312bc,low_WSe2,2.0,1.0,3.0,23.112744959999908,1.260100000000001,33
619cdd5d45851b2ed24312bd,low_WSe2,2.0,1.0,3.0,39.24905960000005,0.1950000000000002,33
619cdd5d45851b2ed24312be,low_WSe2,2.0,1.0,3.0,37.57995794000003,0.6538000000000004,33
619cdd5d45851b2ed24312bf,low_WSe2,2.0,1.0,3.0,23.10976877000011,1.2845000000000013,33
619cdd5d45851b2ed24312c0,low_WSe2,3.0,0.0,3.0,49.952058989999934,0.1975999999999995,33
619cdd5d45851b2ed24312c1,low_WSe2,1.0,2.0,3.0,11.769881709999924,1.2969000000000008,33
619cdd5d45851b2ed24312c2,low_WSe2,1.0,2.0,3.0,11.777954449999914,1.2996000000000052,33
619cdd5d45851b2ed24312c3,low_WSe2,1.0,2.0,3.0,11.77959278000002,1.2982000000000014,33
619cdd5d45851b2ed24312c4,low_WSe2,2.0,1.0,3.0,39.20909932999989,0.2050999999999998,33
619cdd5d45851b2ed24312c5,low_WSe2,2.0,1.0,3.0,39.23167996000011,0.1964000000000005,33
619cdd5d45851b2ed24312c6,low_WSe2,1.0,2.0,3.0,11.78586977000008,1.2719999999999985,33
619cdd5d45851b2ed24312c7,low_WSe2,0.0,3.0,3.0,0.4532064899999,1.8277999999999963,33
619cdd5d45851b2ed24312c8,low_WSe2,1.0,2.0,3.0,27.975688980000086,0.1624999999999996,33
619cdd5d45851b2ed24312c9,low_WSe2,1.0,2.0,3.0,27.91912544999991,0.1869999999999994,33
619cdd5d45851b2ed24312ca,low_WSe2,3.0,0.0,3.0,50.6310046300001,0.2030999999999991,33
619cdd5d45851b2ed24312cb,low_WSe2,1.0,2.0,3.0,28.001708880000024,0.263300000000001,33
619cdd5d45851b2ed24312cc,low_WSe2,2.0,1.0,3.0,23.11746702999998,1.2809000000000026,33
619cdd5e45851b2ed24312cd,low_WSe2,2.0,1.0,3.0,39.23428313999993,0.1846999999999994,33
619cdd5e45851b2ed24312ce,low_WSe2,2.0,1.0,3.0,23.10708397000011,1.2661999999999978,33
619cdd5e45851b2ed24312cf,low_WSe2,2.0,1.0,3.0,23.073708539999902,1.2635000000000003,33
619cdd5e45851b2ed24312d0,low_WSe2,1.0,2.0,3.0,11.757175649999898,1.2997000000000014,33
619cdd5e45851b2ed24312d1,low_WSe2,3.0,0.0,3.0,50.57720793000008,0.2054000000000009,33
619cdd5e45851b2ed24312d2,low_WSe2,2.0,1.0,3.0,23.135538840000017,1.139799999999994,33
619cdd5e45851b2ed24312d3,low_WSe2,1.0,2.0,3.0,11.771661259999965,1.304700000000004,33
619cdd5e45851b2ed24312d4,low_WSe2,2.0,1.0,3.0,23.133812609999985,1.269199999999998,33
619cdd5e45851b2ed24312d5,low_WSe2,2.0,1.0,3.0,38.621948949999975,0.1919000000000004,33
619cdd5e45851b2ed24312d6,low_WSe2,2.0,1.0,3.0,23.123247190000065,1.2789999999999964,33
619cdd5e45851b2ed24312d7,low_WSe2,1.0,2.0,3.0,28.06250631000012,0.2763000000000009,33
619cdd5e45851b2ed24312d8,low_WSe2,1.0,2.0,3.0,11.775823010000057,1.2961000000000027,33
619cdd5e45851b2ed24312d9,low_WSe2,2.0,1.0,3.0,39.18376122,0.1377000000000006,33
619cdd5e45851b2ed24312da,low_WSe2,0.0,3.0,3.0,0.4349734900001181,1.8215000000000003,33
619cdd5e45851b2ed24312db,low_WSe2,3.0,0.0,3.0,48.90367941000009,0.6019999999999985,33
619cdd5e45851b2ed24312dc,low_WSe2,0.0,3.0,3.0,0.4542729799999847,1.830500000000001,33
619cdd5e45851b2ed24312dd,low_WSe2,0.0,3.0,3.0,0.4286719000000971,1.8271000000000013,33
619cdd5e45851b2ed24312de,low_WSe2,1.0,2.0,3.0,11.78701556000009,1.2939000000000007,33
619cdd5e45851b2ed24312df,low_WSe2,3.0,0.0,3.0,50.6775028999999,0.2817000000000007,33
619cdd5e45851b2ed24312e0,low_WSe2,2.0,1.0,3.0,39.22071463000002,0.1888000000000005,33
619cdd5e45851b2ed24312e1,low_WSe2,2.0,1.0,3.0,39.236240570000106,0.1531999999999982,33
619cdd5e45851b2ed24312e2,low_WSe2,1.0,2.0,3.0,27.88055641000005,0.1735999999999986,33
619cdd5e45851b2ed24312e3,low_WSe2,3.0,0.0,3.0,49.952131599999895,0.1884999999999994,33
619cdd5e45851b2ed24312e4,low_WSe2,1.0,2.0,3.0,27.91040614000008,0.1934999999999984,33
619cdd5e45851b2ed24312e5,low_WSe2,2.0,0.0,2.0,40.84446218999996,0.2067999999999994,34
619cdd5e45851b2ed24312e6,low_WSe2,1.0,2.0,3.0,27.91898067000011,0.1959999999999997,33
619cdd5e45851b2ed24312e7,low_WSe2,2.0,1.0,3.0,37.58126481000004,0.649799999999999,33
619cdd5e45851b2ed24312e8,low_WSe2,2.0,1.0,3.0,39.24627672000001,0.1966999999999998,33
619cdd5e45851b2ed24312e9,low_WSe2,2.0,1.0,3.0,39.22773188000001,0.1883999999999996,33
619cdd5e45851b2ed24312ea,low_WSe2,2.0,1.0,3.0,39.19202546000001,0.2055000000000006,33
619cdd5e45851b2ed24312eb,low_WSe2,2.0,1.0,3.0,39.32983698000002,0.2672999999999987,33
619cdd5e45851b2ed24312ec,low_WSe2,2.0,1.0,3.0,39.234745649999965,0.1931999999999991,33
619cdd5e45851b2ed24312ed,low_WSe2,2.0,1.0,3.0,39.23977337000001,0.2057000000000002,33
619cdd5e45851b2ed24312ee,low_WSe2,1.0,2.0,3.0,11.805078730000094,1.2896999999999963,33
619cdd5e45851b2ed24312ef,low_WSe2,2.0,1.0,3.0,23.115796070000023,1.2826999999999984,33
619cdd5e45851b2ed24312f0,low_WSe2,2.0,1.0,3.0,39.19855278999994,0.2124000000000006,33
619cdd5e45851b2ed24312f1,low_WSe2,0.0,3.0,3.0,0.4571862300001044,1.829499999999996,33
619cdd5e45851b2ed24312f2,low_WSe2,3.0,0.0,3.0,49.94740695000005,0.1956000000000006,33
619cdd5e45851b2ed24312f3,low_WSe2,2.0,1.0,3.0,23.10814691999989,1.2184999999999988,33
619cdd5e45851b2ed24312f4,low_WSe2,2.0,1.0,3.0,23.102216549999905,1.2830000000000013,33
619cdd5e45851b2ed24312f5,low_WSe2,1.0,2.0,3.0,11.771548380000002,1.3031999999999968,33
619cdd5e45851b2ed24312f6,low_WSe2,2.0,1.0,3.0,39.23508141000006,0.1517999999999997,33
619cdd5e45851b2ed24312f7,low_WSe2,3.0,0.0,3.0,50.500863470000105,0.2198000000000011,33
619cdd5e45851b2ed24312f8,low_WSe2,1.0,2.0,3.0,27.914161899999957,0.1956000000000006,33
619cdd5e45851b2ed24312f9,low_WSe2,2.0,1.0,3.0,39.22497402999993,0.1494999999999997,33
619cdd5e45851b2ed24312fa,low_WSe2,2.0,1.0,3.0,39.248846049999926,0.157,33
619cdd5e45851b2ed24312fb,low_WSe2,1.0,2.0,3.0,11.76793348,1.299599999999998,33
619cdd5e45851b2ed24312fc,low_WSe2,0.0,3.0,3.0,0.4269985400000564,1.8297000000000023,33
619cdd5e45851b2ed24312fd,low_WSe2,1.0,2.0,3.0,27.916912809999985,0.1927000000000003,33
619cdd5e45851b2ed24312fe,low_WSe2,2.0,1.0,3.0,38.63316953000008,0.1870999999999991,33
619cdd5e45851b2ed24312ff,low_WSe2,1.0,2.0,3.0,11.772540559999914,1.2984000000000009,33
619cdd5e45851b2ed2431300,low_WSe2,3.0,0.0,3.0,50.59444870000002,0.1592000000000002,33
619cdd5e45851b2ed2431301,low_WSe2,3.0,0.0,3.0,50.56296574000008,0.2096,33
619cdd5e45851b2ed2431302,low_WSe2,1.0,2.0,3.0,27.91701074999992,0.1925000000000007,33
619cdd5e45851b2ed2431303,low_WSe2,1.0,2.0,3.0,11.763103210000043,1.3031000000000006,33
619cdd5e45851b2ed2431304,low_WSe2,2.0,1.0,3.0,39.24957453000006,0.2036999999999995,33
619cdd5e45851b2ed2431305,low_WSe2,1.0,2.0,3.0,11.78140043999996,1.2886000000000024,33
619cdd5e45851b2ed2431306,low_WSe2,1.0,2.0,3.0,27.99504374000003,0.2675999999999998,33
619cdd5e45851b2ed2431307,low_WSe2,3.0,0.0,3.0,50.579004829999896,0.2148000000000003,33
619cdd5e45851b2ed2431308,low_WSe2,2.0,1.0,3.0,23.12141900999999,1.2800000000000011,33
619cdd5e45851b2ed2431309,low_WSe2,1.0,2.0,3.0,11.758131690000017,1.298300000000005,33
619cdd5e45851b2ed243130a,low_WSe2,1.0,2.0,3.0,11.772289060000038,1.3038999999999987,33
619cdd5e45851b2ed243130b,low_WSe2,2.0,1.0,3.0,23.100047350000104,1.2613000000000056,33
619cdd5e45851b2ed243130c,low_WSe2,1.0,2.0,3.0,11.760206400000005,1.2838999999999956,33
619cdd5e45851b2ed243130d,low_WSe2,3.0,0.0,3.0,50.59301412999989,0.2004999999999999,33
619cdd5e45851b2ed243130e,low_WSe2,0.0,3.0,3.0,0.4352740300000164,1.814700000000002,33
619cdd5e45851b2ed243130f,low_WSe2,2.0,1.0,3.0,39.23515385,0.1965000000000003,33
619cdd5e45851b2ed2431310,low_WSe2,3.0,0.0,3.0,50.56477095,0.1978999999999988,33
619cdd5e45851b2ed2431311,low_WSe2,1.0,2.0,3.0,11.764703940000109,1.2978999999999985,33
619cdd5e45851b2ed2431312,low_WSe2,2.0,1.0,3.0,39.23211962999999,0.149700000000001,33
619cdd5e45851b2ed2431313,low_WSe2,1.0,2.0,3.0,11.762423919999936,1.3004999999999995,33
619cdd5e45851b2ed2431314,low_WSe2,1.0,2.0,3.0,27.922523499999897,0.1902000000000008,33
619cdd5e45851b2ed2431315,low_WSe2,1.0,2.0,3.0,11.745837250000012,1.3004999999999995,33
619cdd5e45851b2ed2431316,low_WSe2,0.0,3.0,3.0,0.4286279299998909,1.8304999999999936,33
619cdd5e45851b2ed2431317,low_WSe2,1.0,2.0,3.0,27.99878295999997,0.2609999999999992,33
619cdd5e45851b2ed2431318,low_WSe2,1.0,2.0,3.0,11.771376290000024,1.2998999999999938,33
619cdd5e45851b2ed2431319,low_WSe2,1.0,2.0,3.0,27.92634395999994,0.1895000000000006,33
619cdd5e45851b2ed243131a,low_WSe2,1.0,2.0,3.0,11.775166639999942,1.296999999999997,33
619cdd5e45851b2ed243131b,low_WSe2,3.0,0.0,3.0,50.59420955000005,0.2189999999999994,33
619cdd5e45851b2ed243131c,low_WSe2,2.0,1.0,3.0,37.58247575,0.6640999999999995,33
619cdd5e45851b2ed243131d,low_WSe2,3.0,0.0,3.0,50.51380097999991,0.2167000000000012,33
619cdd5e45851b2ed243131e,low_WSe2,2.0,1.0,3.0,39.1993719,0.1893000000000011,33
619cdd5e45851b2ed243131f,low_WSe2,2.0,1.0,3.0,23.13107201000006,1.278099999999995,33
619cdd5f45851b2ed2431320,low_WSe2,1.0,2.0,3.0,11.763805320000063,1.2984000000000009,33
619cdd5f45851b2ed2431321,low_WSe2,3.0,0.0,3.0,50.45867293999991,0.2071000000000005,33
619cdd5f45851b2ed2431322,low_WSe2,1.0,2.0,3.0,11.786573379999924,1.3038999999999987,33
619cdd5f45851b2ed2431323,low_WSe2,0.0,3.0,3.0,0.4299089900000012,1.826100000000004,33
619cdd5f45851b2ed2431324,low_WSe2,1.0,2.0,3.0,27.923555309999983,0.1912000000000002,33
619cdd5f45851b2ed2431325,low_WSe2,1.0,2.0,3.0,11.771328680000114,1.2988999999999962,33
619cdd5f45851b2ed2431326,low_WSe2,0.0,3.0,3.0,0.4276303900000471,1.827300000000001,33
619cdd5f45851b2ed2431327,low_WSe2,3.0,0.0,3.0,50.02337735999991,0.1949000000000005,33
619cdd5f45851b2ed2431328,low_WSe2,1.0,1.0,2.0,8.020917080000004,1.2988999999999995,34
619cdd5f45851b2ed2431329,low_WSe2,1.0,2.0,3.0,27.912420670000078,0.1988000000000003,33
619cdd5f45851b2ed243132a,low_WSe2,0.0,3.0,3.0,0.4280897299999537,1.830200000000005,33
619cdd5f45851b2ed243132b,low_WSe2,1.0,2.0,3.0,11.77744892999998,1.1542999999999992,33
619cdd5f45851b2ed243132c,low_WSe2,2.0,1.0,3.0,23.12270683000001,1.2839000000000027,33
619cdd5f45851b2ed243132d,low_WSe2,2.0,1.0,3.0,23.117332049999995,1.279599999999995,33
619cdd5f45851b2ed243132e,low_WSe2,2.0,1.0,3.0,38.62878110999991,0.193999999999999,33
619cdd5f45851b2ed243132f,low_WSe2,0.0,3.0,3.0,0.4296052300000497,1.8269999999999984,33
619cdd5f45851b2ed2431330,low_WSe2,3.0,0.0,3.0,49.97446784000008,0.2008000000000009,33
619cdd5f45851b2ed2431331,low_WSe2,1.0,2.0,3.0,11.783778870000097,1.297699999999999,33
619cdd5f45851b2ed2431332,low_WSe2,0.0,3.0,3.0,0.4319337500000415,1.8248000000000035,33
619cdd5f45851b2ed2431333,low_WSe2,0.0,3.0,3.0,0.4288454199999592,1.8307,33
619cdd5f45851b2ed2431334,low_WSe2,2.0,1.0,3.0,37.57708166999991,0.658100000000001,33
619cdd5f45851b2ed2431335,low_WSe2,3.0,0.0,3.0,50.53881074000001,0.214599999999999,33
619cdd5f45851b2ed2431336,low_WSe2,1.0,2.0,3.0,27.921703579999985,0.1867999999999998,33
619cdd5f45851b2ed2431337,low_WSe2,2.0,1.0,3.0,39.22178768000008,0.1567999999999987,33
619cdd5f45851b2ed2431338,low_WSe2,1.0,2.0,3.0,11.752626940000017,1.2954000000000008,33
619cdd5f45851b2ed2431339,low_WSe2,0.0,3.0,3.0,0.429441519999898,1.8294,33
619cdd5f45851b2ed243133a,low_WSe2,0.0,3.0,3.0,0.4302599399999849,1.8308000000000035,33
619cdd5f45851b2ed243133b,low_WSe2,1.0,2.0,3.0,11.786040330000096,1.1570999999999998,33
619cdd5f45851b2ed243133c,low_WSe2,3.0,0.0,3.0,50.585511580000095,0.2239000000000004,33
619cdd5f45851b2ed243133d,low_WSe2,0.0,3.0,3.0,0.4276521900000603,1.822600000000001,33
619cdd5f45851b2ed243133e,low_WSe2,2.0,1.0,3.0,37.58137134000008,0.6579000000000015,33
619cdd5f45851b2ed243133f,low_WSe2,2.0,1.0,3.0,39.19293210999994,0.2073999999999998,33
619cdd5f45851b2ed2431340,low_WSe2,2.0,1.0,3.0,39.24268514000009,0.1700999999999997,33
619cdd5f45851b2ed2431341,low_WSe2,3.0,0.0,3.0,50.56439738000004,0.1921999999999997,33
619cdd5f45851b2ed2431342,low_WSe2,2.0,1.0,3.0,39.19824532000011,0.1917000000000008,33
619cdd5f45851b2ed2431343,low_WSe2,2.0,1.0,3.0,38.63765251999989,0.1943000000000001,33
619cdd5f45851b2ed2431344,low_WSe2,3.0,0.0,3.0,50.54753549999996,0.2088000000000001,33
619cdd5f45851b2ed2431345,low_WSe2,0.0,2.0,2.0,2.0897034800000487,1.8301000000000016,34
619cdd5f45851b2ed2431346,low_WSe2,2.0,1.0,3.0,39.24148642000005,0.2002000000000006,33
619cdd5f45851b2ed2431347,low_WSe2,1.0,2.0,3.0,11.749417559999973,1.2982000000000014,33
619cdd5f45851b2ed2431348,low_WSe2,1.0,2.0,3.0,27.88018029,0.1742000000000008,33
619cdd5f45851b2ed2431349,low_WSe2,1.0,2.0,3.0,27.920899409999947,0.1936,33
619cdd5f45851b2ed243134a,low_WSe2,2.0,1.0,3.0,39.24178966999993,0.1982999999999997,33
619cdd5f45851b2ed243134b,low_WSe2,0.0,3.0,3.0,0.4539793999999233,1.828000000000003,33
619cdd5f45851b2ed243134c,low_WSe2,1.0,2.0,3.0,28.06227082000009,0.2757000000000005,33
619cdd5f45851b2ed243134d,low_WSe2,0.0,3.0,3.0,0.4275703800000769,1.826499999999996,33
619cdd5f45851b2ed243134e,low_WSe2,2.0,1.0,3.0,39.19351149999993,0.1933000000000007,33
619cdd5f45851b2ed243134f,low_WSe2,2.0,1.0,3.0,39.22018963000009,0.1500999999999983,33
619cdd5f45851b2ed2431350,low_WSe2,1.0,2.0,3.0,27.92444092000005,0.1960999999999995,33
619cdd5f45851b2ed2431351,low_WSe2,2.0,1.0,3.0,39.22492799000001,0.1510999999999995,33
619cdd5f45851b2ed2431352,low_WSe2,1.0,2.0,3.0,27.876263780000045,0.1746999999999996,33
619cdd5f45851b2ed2431353,low_WSe2,2.0,1.0,3.0,39.25400354999992,0.1963999999999988,33
619cdd5f45851b2ed2431354,low_WSe2,3.0,0.0,3.0,50.52345232999992,0.1800999999999994,33
619cdd5f45851b2ed2431355,low_WSe2,2.0,1.0,3.0,39.23381414000009,0.2171000000000003,33
619cdd5f45851b2ed2431356,low_WSe2,2.0,1.0,3.0,23.11420361000004,1.2434000000000012,33
619cdd5f45851b2ed2431357,low_WSe2,1.0,2.0,3.0,11.772592669999984,1.2828000000000015,33
619cdd5f45851b2ed2431358,low_WSe2,2.0,1.0,3.0,23.12586218000005,1.1595999999999975,33
619cdd5f45851b2ed2431359,low_WSe2,1.0,2.0,3.0,11.785713830000066,1.293300000000002,33
619cdd5f45851b2ed243135a,low_WSe2,1.0,2.0,3.0,11.76896972999997,1.2970999999999933,33
619cdd5f45851b2ed243135b,low_WSe2,2.0,1.0,3.0,23.14501346000001,1.2645999999999944,33
619cdd5f45851b2ed243135c,low_WSe2,1.0,2.0,3.0,27.875436979999904,0.1751000000000004,33
619cdd5f45851b2ed243135d,low_WSe2,1.0,2.0,3.0,11.763083549999909,1.2959999999999994,33
619cdd5f45851b2ed243135e,low_WSe2,1.0,2.0,3.0,27.91864805,0.1917999999999988,33
619cdd5f45851b2ed243135f,low_WSe2,3.0,0.0,3.0,49.9715451999999,0.190199999999999,33
619cdd5f45851b2ed2431360,low_WSe2,3.0,0.0,3.0,50.52325172000005,0.2202999999999999,33
619cdd5f45851b2ed2431361,low_WSe2,2.0,1.0,3.0,39.23923012999994,0.2142999999999997,33
619cdd5f45851b2ed2431362,low_WSe2,1.0,2.0,3.0,27.917762320000065,0.1961999999999992,33
619cdd5f45851b2ed2431363,low_WSe2,1.0,2.0,3.0,11.772832979999963,1.294400000000003,33
619cdd5f45851b2ed2431364,low_WSe2,2.0,1.0,3.0,39.23741821000003,0.1997,33
619cdd5f45851b2ed2431365,low_WSe2,3.0,0.0,3.0,50.544723179999984,0.1799999999999997,33
619cdd5f45851b2ed2431366,low_WSe2,1.0,2.0,3.0,28.00747561000003,0.2584999999999997,33
619cdd5f45851b2ed2431367,low_WSe2,2.0,1.0,3.0,39.23186177999996,0.2151999999999994,33
619cdd5f45851b2ed2431368,low_WSe2,2.0,1.0,3.0,23.111551009999893,1.2653999999999996,33
619cdd5f45851b2ed2431369,low_WSe2,1.0,2.0,3.0,11.752104879999925,1.297399999999996,33
619cdd5f45851b2ed243136a,low_WSe2,3.0,0.0,3.0,50.57711582000011,0.2246000000000005,33
619cdd5f45851b2ed243136b,low_WSe2,0.0,3.0,3.0,0.4275170099999172,1.822600000000001,33
619cdd5f45851b2ed243136c,low_WSe2,1.0,2.0,3.0,11.771683090000112,1.299199999999999,33
619cdd5f45851b2ed243136d,low_WSe2,1.0,2.0,3.0,27.92152226999997,0.1919000000000004,33
619cdd5f45851b2ed243136e,low_WSe2,2.0,1.0,3.0,37.61360749999999,0.6326,33
619cdd5f45851b2ed243136f,low_WSe2,2.0,1.0,3.0,39.20274887999999,0.1941000000000006,33
619cdd5f45851b2ed2431370,low_WSe2,0.0,3.0,3.0,0.4318270000000552,1.8175999999999988,33
619cdd6045851b2ed2431371,low_WSe2,1.0,2.0,3.0,28.05519034999997,0.2805999999999997,33
619cdd6045851b2ed2431372,low_WSe2,2.0,1.0,3.0,37.58604863000009,0.6592000000000002,33
619cdd6045851b2ed2431373,low_WSe2,0.0,3.0,3.0,0.4287198999999759,1.829900000000002,33
619cdd6045851b2ed2431374,low_WSe2,1.0,2.0,3.0,11.766364560000046,1.2973,33
619cdd6045851b2ed2431375,low_WSe2,1.0,2.0,3.0,27.917763610000065,0.1907999999999994,33
619cdd6045851b2ed2431376,low_WSe2,3.0,0.0,3.0,50.592781010000046,0.1969999999999991,33
619cdd6045851b2ed2431377,low_WSe2,1.0,2.0,3.0,11.751243220000095,1.295099999999998,33
619cdd6045851b2ed2431378,low_WSe2,1.0,2.0,3.0,11.777763940000105,1.2767999999999944,33
619cdd6045851b2ed2431379,low_WSe2,3.0,0.0,3.0,50.547768450000014,0.2134,33
619cdd6045851b2ed243137a,low_WSe2,3.0,0.0,3.0,49.98350977999994,0.1758000000000006,33
619cdd6045851b2ed243137b,low_WSe2,2.0,1.0,3.0,39.22738959999997,0.1991000000000014,33
619cdd6045851b2ed243137c,low_WSe2,1.0,2.0,3.0,11.775555030000069,1.3001000000000005,33
619cdd6045851b2ed243137d,low_WSe2,1.0,2.0,3.0,27.995976689999907,0.2682000000000002,33
619cdd6045851b2ed243137e,low_WSe2,2.0,1.0,3.0,39.251358329999945,0.1958000000000002,33
619cdd6045851b2ed243137f,low_WSe2,2.0,1.0,3.0,39.22156395000006,0.184099999999999,33
619cdd6045851b2ed2431380,low_WSe2,2.0,1.0,3.0,23.102263260000008,1.2167999999999992,33
619cdd6045851b2ed2431381,low_WSe2,3.0,0.0,3.0,50.39939682999998,0.1844999999999999,33
619cdd6045851b2ed2431382,low_WSe2,1.0,2.0,3.0,11.787695239999938,1.1570000000000036,33
619cdd6045851b2ed2431383,low_WSe2,2.0,1.0,3.0,39.233034870000026,0.2146999999999987,33
619cdd6045851b2ed2431384,low_WSe2,1.0,2.0,3.0,27.91713881999999,0.1956000000000006,33
619cdd6045851b2ed2431385,low_WSe2,0.0,3.0,3.0,0.4287980500000117,1.8295999999999992,33
619cdd6045851b2ed2431386,low_WSe2,2.0,1.0,3.0,39.2342583099999,0.1481000000000012,33
619cdd6045851b2ed2431387,low_WSe2,1.0,2.0,3.0,27.923354479999944,0.1867999999999998,33
619cdd6045851b2ed2431388,low_WSe2,2.0,1.0,3.0,23.14287046000008,1.1559999999999988,33
619cdd6045851b2ed2431389,low_WSe2,1.0,2.0,3.0,27.888417480000044,0.1706000000000003,33
619cdd6045851b2ed243138a,low_WSe2,3.0,0.0,3.0,48.91589996999992,0.5968999999999998,33
619cdd6045851b2ed243138b,low_WSe2,2.0,1.0,3.0,39.23323392000002,0.1505999999999989,33
619cdd6045851b2ed243138c,low_WSe2,2.0,1.0,3.0,39.24434047000004,0.1545000000000005,33
619cdd6045851b2ed243138d,low_WSe2,0.0,3.0,3.0,0.4290276000000972,1.8257999999999937,33
619cdd6045851b2ed243138e,low_WSe2,1.0,2.0,3.0,11.7899993599999,1.1631,33
619cdd6045851b2ed243138f,low_WSe2,2.0,1.0,3.0,39.191485280000094,0.1837999999999997,33
619cdd6045851b2ed2431390,low_WSe2,1.0,2.0,3.0,27.95098039999993,0.1655000000000015,33
619cdd6045851b2ed2431391,low_WSe2,1.0,2.0,3.0,27.914042910000035,0.1917999999999988,33
619cdd6045851b2ed2431392,low_WSe2,2.0,1.0,3.0,39.27717160000002,0.1755000000000013,33
619cdd6045851b2ed2431393,low_WSe2,1.0,2.0,3.0,11.762337019999894,1.2988,33
619cdd6045851b2ed2431394,low_WSe2,1.0,2.0,3.0,11.78463555999996,1.1488000000000014,33
619cdd6045851b2ed2431395,low_WSe2,0.0,3.0,3.0,0.4275399499999253,1.8273999999999968,33
619cdd6045851b2ed2431396,low_WSe2,3.0,0.0,3.0,50.57123641999997,0.2228999999999992,33
619cdd6045851b2ed2431397,low_WSe2,1.0,2.0,3.0,11.773619289999932,1.2992999999999952,33
619cdd6045851b2ed2431398,low_WSe2,2.0,1.0,3.0,39.23336217000001,0.2015999999999991,33
619cdd6045851b2ed2431399,low_WSe2,2.0,1.0,3.0,23.120104549999983,1.2453000000000003,33
619cdd6045851b2ed243139a,low_WSe2,1.0,2.0,3.0,11.76397294000002,1.2986999999999966,33
619cdd6045851b2ed243139b,low_WSe2,3.0,0.0,3.0,49.978375530000086,0.1880000000000006,33
619cdd6045851b2ed243139c,low_WSe2,1.0,2.0,3.0,11.76689667000004,1.297000000000004,33
619cdd6045851b2ed243139d,low_WSe2,2.0,1.0,3.0,22.585489710000083,1.2468999999999966,33
619cdd6045851b2ed243139e,low_WSe2,1.0,2.0,3.0,27.92307108,0.1894999999999989,33
619cdd6045851b2ed243139f,low_WSe2,2.0,1.0,3.0,23.11835989999989,1.1362999999999983,33
619cdd6045851b2ed24313a0,low_WSe2,1.0,2.0,3.0,11.781681429999924,1.292900000000003,33
619cdd6045851b2ed24313a1,low_WSe2,0.0,3.0,3.0,0.4286830699999768,1.8310999999999995,33
619cdd6045851b2ed24313a2,low_WSe2,0.0,3.0,3.0,0.4336613400000146,1.8157,33
619cdd6045851b2ed24313a3,low_WSe2,2.0,1.0,3.0,23.129906729999934,1.2676000000000016,33
619cdd6045851b2ed24313a4,low_WSe2,0.0,3.0,3.0,0.4319076999999538,1.817299999999996,33
619cdd6045851b2ed24313a5,low_WSe2,2.0,1.0,3.0,39.24058603999997,0.2064000000000003,33
619cdd6045851b2ed24313a6,low_WSe2,3.0,0.0,3.0,49.96194894999994,0.2042000000000001,33
619cdd6045851b2ed24313a7,low_WSe2,2.0,1.0,3.0,39.23357659000003,0.1977000000000011,33
619cdd6045851b2ed24313a8,low_WSe2,2.0,1.0,3.0,39.1896206899999,0.2116999999999986,33
619cdd6045851b2ed24313a9,low_WSe2,0.0,3.0,3.0,0.426988690000087,1.8275000000000008,33
619cdd6045851b2ed24313aa,low_WSe2,1.0,2.0,3.0,11.772696519999943,1.2971999999999966,33
619cdd6045851b2ed24313ab,low_WSe2,3.0,0.0,3.0,50.5905530399999,0.1943999999999999,33
619cdd6045851b2ed24313ac,low_WSe2,0.0,3.0,3.0,0.4288436399999114,1.8271000000000013,33
619cdd6045851b2ed24313ad,low_WSe2,3.0,0.0,3.0,50.54106878999992,0.1257999999999999,33
619cdd6045851b2ed24313ae,low_WSe2,0.0,3.0,3.0,0.4318957600000317,1.8301999999999976,33
619cdd6045851b2ed24313af,low_WSe2,1.0,2.0,3.0,11.772245030000011,1.2993000000000023,33
619cdd6045851b2ed24313b0,low_WSe2,1.0,2.0,3.0,27.992890839999973,0.2661999999999995,33
619cdd6045851b2ed24313b1,low_WSe2,1.0,2.0,3.0,11.764787800000011,1.299900000000001,33
619cdd6045851b2ed24313b2,low_WSe2,2.0,1.0,3.0,23.12969774000002,1.1392999999999986,33
619cdd6045851b2ed24313b3,low_WSe2,2.0,1.0,3.0,39.24362761999991,0.1853999999999995,33
619cdd6045851b2ed24313b4,low_WSe2,1.0,2.0,3.0,11.770073290000015,1.303599999999996,33
619cdd6045851b2ed24313b5,low_WSe2,2.0,1.0,3.0,39.33555512000002,0.2657000000000007,33
619cdd6045851b2ed24313b6,low_WSe2,2.0,1.0,3.0,39.23084818000011,0.1989999999999998,33
619cdd6045851b2ed24313b7,low_WSe2,0.0,3.0,3.0,0.4284148000000982,1.8277,33
619cdd6045851b2ed24313b8,low_WSe2,0.0,3.0,3.0,0.4294495799999254,1.8256000000000012,33
619cdd6045851b2ed24313b9,low_WSe2,3.0,0.0,3.0,48.92341233000011,0.607800000000001,33
619cdd6045851b2ed24313ba,low_WSe2,1.0,2.0,3.0,11.769801760000052,1.2999999999999972,33
619cdd6045851b2ed24313bb,low_WSe2,0.0,3.0,3.0,0.4294962599998939,1.8274000000000044,33
619cdd6045851b2ed24313bc,low_WSe2,1.0,1.0,2.0,13.423088639999904,1.2974999999999994,34
619cdd6045851b2ed24313bd,low_WSe2,2.0,1.0,3.0,39.23657224999992,0.1425999999999998,33
619cdd6045851b2ed24313be,low_WSe2,2.0,1.0,3.0,39.23923483000003,0.1847999999999992,33
619cdd6045851b2ed24313bf,low_WSe2,1.0,2.0,3.0,11.778156240000031,1.295899999999996,33
619cdd6045851b2ed24313c0,low_WSe2,1.0,2.0,3.0,11.769244029999973,1.2965000000000018,33
619cdd6045851b2ed24313c1,low_WSe2,2.0,1.0,3.0,39.24373838000001,0.1965000000000003,33
619cdd6045851b2ed24313c2,low_WSe2,1.0,2.0,3.0,27.99310543999991,0.2679000000000009,33
619cdd6045851b2ed24313c3,low_WSe2,1.0,2.0,3.0,27.992896700000077,0.2642000000000006,33
619cdd6145851b2ed24313c4,low_WSe2,0.0,3.0,3.0,0.4554152000000044,1.8295999999999992,33
619cdd6145851b2ed24313c5,low_WSe2,2.0,1.0,3.0,23.10898791000003,1.267300000000006,33
619cdd6145851b2ed24313c6,low_WSe2,2.0,1.0,3.0,38.635282400000094,0.1958999999999999,33
619cdd6145851b2ed24313c7,low_WSe2,2.0,1.0,3.0,37.57875293000011,0.6588000000000012,33
619cdd6145851b2ed24313c8,low_WSe2,2.0,1.0,3.0,39.22797530000007,0.2142999999999997,33
619cdd6145851b2ed24313c9,low_WSe2,0.0,3.0,3.0,0.4279187399999387,1.833199999999998,33
619cdd6145851b2ed24313ca,low_WSe2,1.0,2.0,3.0,11.773382470000104,1.3055999999999983,33
619cdd6145851b2ed24313cb,low_WSe2,3.0,0.0,3.0,50.588409950000006,0.1676000000000002,33
619cdd6145851b2ed24313cc,low_WSe2,3.0,0.0,3.0,50.529617349999945,0.2116999999999986,33
619cdd6145851b2ed24313cd,low_WSe2,2.0,1.0,3.0,23.15751168000001,1.178999999999995,33
619cdd6145851b2ed24313ce,low_WSe2,1.0,2.0,3.0,11.763612879999972,1.295500000000004,33
619cdd6145851b2ed24313cf,low_WSe2,2.0,1.0,3.0,23.11266346999995,1.2693000000000012,33
619cdd6145851b2ed24313d0,low_WSe2,1.0,2.0,3.0,11.767809570000043,1.3000999999999934,33
619cdd6145851b2ed24313d1,low_WSe2,2.0,1.0,3.0,38.62401856000001,0.1868999999999996,33
619cdd6145851b2ed24313d2,low_WSe2,1.0,2.0,3.0,11.78743985999994,1.2739999999999938,33
619cdd6145851b2ed24313d3,low_WSe2,1.0,2.0,3.0,27.915861760000094,0.1833000000000009,33
619cdd6145851b2ed24313d4,low_WSe2,1.0,2.0,3.0,11.780410869999958,1.2930999999999957,33
619cdd6145851b2ed24313d5,low_WSe2,1.0,2.0,3.0,28.04910636999989,0.2232000000000003,33
619cdd6145851b2ed24313d6,low_WSe2,2.0,1.0,3.0,23.036620979999988,1.123899999999999,33
619cdd6145851b2ed24313d7,low_WSe2,1.0,2.0,3.0,11.767822000000011,1.2866,33
619cdd6145851b2ed24313d8,low_WSe2,3.0,0.0,3.0,49.967491830000064,0.1968999999999994,33
619cdd6145851b2ed24313d9,low_WSe2,3.0,0.0,3.0,50.677627899999926,0.2777999999999991,33
619cdd6145851b2ed24313da,low_WSe2,2.0,1.0,3.0,39.24629282000005,0.1978000000000008,33
619cdd6145851b2ed24313db,low_WSe2,2.0,1.0,3.0,39.230628220000014,0.2008000000000009,33
619cdd6145851b2ed24313dc,low_WSe2,2.0,1.0,3.0,39.24260280999992,0.2015999999999991,33
619cdd6145851b2ed24313dd,low_WSe2,0.0,3.0,3.0,0.4299797400000784,1.829100000000004,33
619cdd6145851b2ed24313de,low_WSe2,2.0,1.0,3.0,38.63506693000004,0.1959999999999997,33
619cdd6145851b2ed24313df,low_WSe2,2.0,1.0,3.0,39.25801153000002,0.1955000000000009,33
619cdd6145851b2ed24313e0,low_WSe2,2.0,1.0,3.0,23.091278379999984,1.194899999999997,33
619cdd6145851b2ed24313e1,low_WSe2,3.0,0.0,3.0,50.57261378999997,0.1620999999999988,33
619cdd6145851b2ed24313e2,low_WSe2,3.0,0.0,3.0,49.93666208999989,0.221,33
619cdd6145851b2ed24313e3,low_WSe2,2.0,1.0,3.0,39.23631770999991,0.2015000000000011,33
619cdd6145851b2ed24313e4,low_WSe2,1.0,2.0,3.0,27.912852079999997,0.1932000000000009,33
619cdd6145851b2ed24313e5,low_WSe2,3.0,0.0,3.0,48.8628193999999,0.1166999999999998,33
619cdd6145851b2ed24313e6,low_WSe2,0.0,3.0,3.0,0.4314920599999254,1.826500000000003,33
619cdd6145851b2ed24313e7,low_WSe2,2.0,1.0,3.0,23.14566177999999,1.180500000000002,33
619cdd6145851b2ed24313e8,low_WSe2,2.0,1.0,3.0,39.14857035999994,0.143699999999999,33
619cdd6145851b2ed24313e9,low_WSe2,1.0,2.0,3.0,27.96619919,0.1577999999999999,33
619cdd6145851b2ed24313ea,low_WSe2,1.0,2.0,3.0,11.748445059999984,1.2969000000000008,33
619cdd6145851b2ed24313eb,low_WSe2,2.0,1.0,3.0,39.23342518000008,0.1519999999999992,33
619cdd6145851b2ed24313ec,low_WSe2,3.0,0.0,3.0,50.72051941000005,0.1823999999999994,33
619cdd6145851b2ed24313ed,low_WSe2,3.0,0.0,3.0,48.659785680000006,0.1456999999999997,33
619cdd6145851b2ed24313ee,low_WSe2,3.0,0.0,3.0,50.55760893000011,0.2115999999999989,33
619cdd6145851b2ed24313ef,low_WSe2,2.0,1.0,3.0,23.12906935999994,1.2745000000000033,33
619cdd6145851b2ed24313f0,low_WSe2,3.0,0.0,3.0,50.54199312000001,0.2180999999999997,33
619cdd6145851b2ed24313f1,low_WSe2,2.0,1.0,3.0,37.57978366999991,0.6569000000000003,33
619cdd6145851b2ed24313f2,low_WSe2,3.0,0.0,3.0,50.56768986000007,0.2009999999999987,33
619cdd6145851b2ed24313f3,low_WSe2,2.0,1.0,3.0,23.109186940000008,1.247,33
619cdd6145851b2ed24313f4,low_WSe2,2.0,1.0,3.0,39.25563528000002,0.1916999999999991,33
619cdd6145851b2ed24313f5,low_WSe2,2.0,1.0,3.0,23.094401639999923,1.2454000000000036,33
619cdd6145851b2ed24313f6,low_WSe2,1.0,2.0,3.0,11.77250623000008,1.302100000000003,33
619cdd6145851b2ed24313f7,low_WSe2,2.0,1.0,3.0,23.140732509999943,1.1456000000000015,33
619cdd6145851b2ed24313f8,low_WSe2,0.0,3.0,3.0,0.432869319999952,1.8146000000000055,33
619cdd6145851b2ed24313f9,low_WSe2,1.0,2.0,3.0,27.91624041999989,0.1914000000000015,33
619cdd6145851b2ed24313fa,low_WSe2,1.0,2.0,3.0,27.91622151000001,0.1890999999999998,33
619cdd6145851b2ed24313fb,low_WSe2,2.0,1.0,3.0,38.79134271999992,0.2227999999999994,33
619cdd6145851b2ed24313fc,low_WSe2,3.0,0.0,3.0,50.57516934999999,0.1752000000000002,33
619cdd6145851b2ed24313fd,low_WSe2,2.0,1.0,3.0,39.23969582999989,0.1913,33
619cdd6145851b2ed24313fe,low_WSe2,0.0,3.0,3.0,0.4301919599999451,1.825800000000001,33
619cdd6145851b2ed24313ff,low_WSe2,2.0,1.0,3.0,39.285131229999976,0.1669999999999998,33
619cdd6145851b2ed2431400,low_WSe2,0.0,3.0,3.0,0.4319157100000552,1.8162999999999985,33
619cdd6145851b2ed2431401,low_WSe2,0.0,3.0,3.0,0.4266875099999083,1.8256000000000012,33
619cdd6145851b2ed2431402,low_WSe2,2.0,1.0,3.0,39.23261323000001,0.1882999999999999,33
619cdd6145851b2ed2431403,low_WSe2,0.0,3.0,3.0,0.4298512699999151,1.8271999999999975,33
619cdd6145851b2ed2431404,low_WSe2,2.0,1.0,3.0,23.0403023700001,1.1182000000000016,33
619cdd6145851b2ed2431405,low_WSe2,2.0,1.0,3.0,23.099824530000014,1.2661000000000016,33
619cdd6145851b2ed2431406,low_WSe2,0.0,3.0,3.0,0.4314097700000161,1.8134000000000012,33
619cdd6145851b2ed2431407,low_WSe2,0.0,3.0,3.0,0.4324003799999332,1.8324,33
619cdd6145851b2ed2431408,low_WSe2,1.0,2.0,3.0,11.76500650999991,1.2702000000000029,33
619cdd6145851b2ed2431409,low_WSe2,1.0,2.0,3.0,11.771621119999953,1.302899999999994,33
619cdd6145851b2ed243140a,low_WSe2,0.0,3.0,3.0,0.4377468399999884,1.8299999999999983,33
619cdd6145851b2ed243140b,low_WSe2,1.0,2.0,3.0,11.7675287500001,1.3008999999999986,33
619cdd6145851b2ed243140c,low_WSe2,3.0,0.0,3.0,49.97562823000008,0.1927000000000003,33
619cdd6145851b2ed243140d,low_WSe2,0.0,3.0,3.0,0.4275318100000618,1.824400000000004,33
619cdd6145851b2ed243140e,low_WSe2,1.0,2.0,3.0,11.770879299999924,1.3016999999999967,33
619cdd6145851b2ed243140f,low_WSe2,2.0,1.0,3.0,39.14302645999992,0.193999999999999,33
619cdd6145851b2ed2431410,low_WSe2,2.0,1.0,3.0,39.24702940999991,0.1969999999999991,33
619cdd6145851b2ed2431411,low_WSe2,3.0,0.0,3.0,50.56972531000006,0.1567000000000007,33
619cdd6145851b2ed2431412,low_WSe2,2.0,1.0,3.0,23.1420747,1.1507999999999967,33
619cdd6145851b2ed2431413,low_WSe2,1.0,2.0,3.0,11.771233729999938,1.301700000000004,33
619cdd6145851b2ed2431414,low_WSe2,2.0,1.0,3.0,39.34224801000009,0.2662999999999993,33
619cdd6145851b2ed2431415,low_WSe2,2.0,1.0,3.0,39.23943702000001,0.1952999999999995,33
619cdd6245851b2ed2431416,low_WSe2,2.0,1.0,3.0,37.26612686999992,0.5030000000000001,33
619cdd6245851b2ed2431417,low_WSe2,0.0,3.0,3.0,0.4293812099999172,1.8228000000000009,33
619cdd6245851b2ed2431418,low_WSe2,1.0,2.0,3.0,11.75401409999994,1.3016999999999967,33
619cdd6245851b2ed2431419,low_WSe2,3.0,0.0,3.0,50.53122104999998,0.2124000000000006,33
619cdd6245851b2ed243141a,low_WSe2,2.0,0.0,2.0,40.996921549999925,0.2664999999999988,34
619cdd6245851b2ed243141b,low_WSe2,1.0,2.0,3.0,11.784473639999977,1.2691000000000017,33
619cdd6245851b2ed243141c,low_WSe2,1.0,2.0,3.0,11.767579970000032,1.2978000000000025,33
619cdd6245851b2ed243141d,low_WSe2,1.0,2.0,3.0,27.9999539800001,0.2596999999999987,33
619cdd6245851b2ed243141e,low_WSe2,2.0,1.0,3.0,39.19240880000011,0.2080000000000001,33
619cdd6245851b2ed243141f,low_WSe2,2.0,1.0,3.0,39.23590646000007,0.1997999999999997,33
619cdd6245851b2ed2431420,low_WSe2,2.0,1.0,3.0,23.107115580000062,1.2190999999999974,33
619cdd6245851b2ed2431421,low_WSe2,1.0,2.0,3.0,27.922631619999947,0.1855999999999991,33
619cdd6245851b2ed2431422,low_WSe2,0.0,3.0,3.0,0.4379699699999833,1.831400000000002,33
619cdd6245851b2ed2431423,low_WSe2,1.0,2.0,3.0,27.9977429999999,0.2629999999999999,33
619cdd6245851b2ed2431424,low_WSe2,1.0,2.0,3.0,11.771740460000036,1.299599999999998,33
619cdd6245851b2ed2431425,low_WSe2,2.0,1.0,3.0,23.14200488000009,1.1791000000000054,33
619cdd6245851b2ed2431426,low_WSe2,3.0,0.0,3.0,50.52567097000006,0.2146000000000008,33
619cdd6245851b2ed2431427,low_WSe2,2.0,1.0,3.0,39.19107128,0.2037000000000013,33
619cdd6245851b2ed2431428,low_WSe2,2.0,1.0,3.0,23.092052120000098,1.2627999999999986,33
619cdd6245851b2ed2431429,low_WSe2,2.0,1.0,3.0,23.122767569999983,1.277700000000003,33
619cdd6245851b2ed243142a,low_WSe2,1.0,2.0,3.0,11.7688988100001,1.2988,33
619cdd6245851b2ed243142b,low_WSe2,1.0,2.0,3.0,27.9235932900001,0.1908000000000012,33
619cdd6245851b2ed243142c,low_WSe2,3.0,0.0,3.0,50.57518525999999,0.2042000000000001,33
619cdd6245851b2ed243142d,low_WSe2,2.0,1.0,3.0,39.23987109,0.1981000000000001,33
619cdd6245851b2ed243142e,low_WSe2,2.0,1.0,3.0,23.110091320000077,1.281399999999998,33
619cdd6245851b2ed243142f,low_WSe2,3.0,0.0,3.0,50.692121789999966,0.1869999999999994,33
619cdd6245851b2ed2431430,low_WSe2,2.0,1.0,3.0,39.21480815999989,0.1448,33
619cdd6245851b2ed2431431,low_WSe2,2.0,1.0,3.0,39.19432852000004,0.1783000000000001,33
619cdd6245851b2ed2431432,low_WSe2,1.0,2.0,3.0,11.77164745999993,1.299900000000001,33
619cdd6245851b2ed2431433,low_WSe2,1.0,2.0,3.0,11.78405442999996,1.2927999999999995,33
619cdd6245851b2ed2431434,low_WSe2,1.0,2.0,3.0,27.99930758000005,0.2622999999999997,33
619cdd6245851b2ed2431435,low_WSe2,2.0,1.0,3.0,38.63572294000009,0.1943000000000001,33
619cdd6245851b2ed2431436,low_WSe2,2.0,1.0,3.0,38.69025452999999,0.1324999999999985,33
619cdd6245851b2ed2431437,low_WSe2,2.0,1.0,3.0,23.108454669999936,1.2584000000000015,33
619cdd6245851b2ed2431438,low_WSe2,2.0,1.0,3.0,38.63726709999996,0.1913999999999998,33
619cdd6245851b2ed2431439,low_WSe2,2.0,1.0,3.0,39.23683970999996,0.1925000000000007,33
619cdd6245851b2ed243143a,low_WSe2,3.0,0.0,3.0,49.97503562999996,0.2076000000000011,33
619cdd6245851b2ed243143b,low_WSe2,2.0,1.0,3.0,37.57893248999999,0.6575000000000006,33
619cdd6245851b2ed243143c,low_WSe2,2.0,1.0,3.0,39.18649269000007,0.2111999999999998,33
619cdd6245851b2ed243143d,low_WSe2,2.0,1.0,3.0,39.32491151000004,0.2689000000000003,33
619cdd6245851b2ed243143e,low_WSe2,1.0,2.0,3.0,11.762105519999968,1.3021999999999991,33
619cdd6245851b2ed243143f,low_WSe2,2.0,0.0,2.0,19.373514640000103,1.2765000000000004,34
619cdd6245851b2ed2431440,low_WSe2,2.0,1.0,3.0,39.18659017000009,0.2079000000000004,33
619cdd6245851b2ed2431441,low_WSe2,1.0,2.0,3.0,11.784653500000092,1.1602999999999994,33
619cdd6245851b2ed2431442,low_WSe2,1.0,2.0,3.0,11.76579753000009,1.3027000000000015,33
619cdd6245851b2ed2431443,low_WSe2,3.0,0.0,3.0,50.59331755000003,0.2042999999999999,33
619cdd6245851b2ed2431444,low_WSe2,2.0,1.0,3.0,23.10504001999997,1.261499999999998,33
619cdd6245851b2ed2431445,low_WSe2,1.0,2.0,3.0,27.91820333999999,0.1845999999999996,33
619cdd6245851b2ed2431446,low_WSe2,0.0,3.0,3.0,0.4279243699999711,1.828000000000003,33
619cdd6245851b2ed2431447,low_WSe2,1.0,2.0,3.0,11.773882680000032,1.2832000000000008,33
619cdd6245851b2ed2431448,low_WSe2,2.0,1.0,3.0,39.38735610999997,0.2827000000000002,33
619cdd6245851b2ed2431449,low_WSe2,2.0,1.0,3.0,23.08938087000005,1.2875000000000014,33
619cdd6245851b2ed243144a,low_WSe2,2.0,1.0,3.0,39.27349845999997,0.2637,33
619cdd6245851b2ed243144b,low_WSe2,2.0,1.0,3.0,39.1553648699999,0.1867000000000001,33
619cdd6245851b2ed243144c,low_WSe2,1.0,1.0,2.0,29.66049454999992,0.2590000000000003,34
619cdd6245851b2ed243144d,low_WSe2,3.0,0.0,3.0,49.9700467000001,0.1920999999999999,33
619cdd6245851b2ed243144e,low_WSe2,2.0,1.0,3.0,23.09789561000006,1.1963000000000008,33
619cdd6245851b2ed243144f,low_WSe2,0.0,3.0,3.0,0.4278210199999535,1.8307,33
619cdd6245851b2ed2431450,low_WSe2,3.0,0.0,3.0,50.50229462999992,0.2025999999999985,33
619cdd6245851b2ed2431451,low_WSe2,2.0,1.0,3.0,39.25880577000002,0.1920999999999999,33
619cdd6245851b2ed2431452,low_WSe2,1.0,2.0,3.0,28.063944210000045,0.282,33
619cdd6245851b2ed2431453,low_WSe2,2.0,1.0,3.0,39.24930804,0.1862999999999992,33
619cdd6245851b2ed2431454,low_WSe2,1.0,2.0,3.0,28.002373549999906,0.2663000000000011,33
619cdd6245851b2ed2431455,low_WSe2,0.0,3.0,3.0,0.4313220000000797,1.833200000000005,33
619cdd6245851b2ed2431456,low_WSe2,1.0,2.0,3.0,11.773744639999894,1.297699999999999,33
619cdd6245851b2ed2431457,low_WSe2,3.0,0.0,3.0,50.05503366999992,0.2781000000000002,33
619cdd6245851b2ed2431458,low_WSe2,2.0,1.0,3.0,39.237111890000094,0.1967999999999996,33
619cdd6245851b2ed2431459,low_WSe2,1.0,2.0,3.0,11.770498769999891,1.2957999999999998,33
619cdd6245851b2ed243145a,low_WSe2,0.0,3.0,3.0,0.4304563800000665,1.8324,33
619cdd6245851b2ed243145b,low_WSe2,1.0,2.0,3.0,11.772839080000027,1.302500000000002,33
619cdd6245851b2ed243145c,low_WSe2,1.0,2.0,3.0,11.764434200000084,1.3013000000000048,33
619cdd6245851b2ed243145d,low_WSe2,2.0,1.0,3.0,39.22578195999999,0.1884999999999994,33
619cdd6245851b2ed243145e,low_WSe2,2.0,1.0,3.0,39.23445272999997,0.1983999999999994,33
619cdd6245851b2ed243145f,low_WSe2,1.0,2.0,3.0,11.7619330299999,1.3021999999999991,33
619cdd6245851b2ed2431460,low_WSe2,2.0,1.0,3.0,39.25008585999994,0.1968999999999994,33
619cdd6245851b2ed2431461,low_WSe2,2.0,1.0,3.0,23.114610220000067,1.282299999999999,33
619cdd6245851b2ed2431462,low_WSe2,2.0,1.0,3.0,23.117819679999947,1.2659999999999982,33
619cdd6245851b2ed2431463,low_WSe2,2.0,1.0,3.0,39.32472587000011,0.2710999999999988,33
619cdd6245851b2ed2431464,low_WSe2,1.0,2.0,3.0,11.79905602000007,1.3004999999999995,33
619cdd6245851b2ed2431465,low_WSe2,2.0,1.0,3.0,39.241794999999954,0.1864999999999987,33
619cdd6245851b2ed2431466,low_WSe2,1.0,2.0,3.0,11.76826991000006,1.2963999999999984,33
619cdd6245851b2ed2431467,low_WSe2,0.0,3.0,3.0,0.4539685700000859,1.8275999999999968,33
619cdd6245851b2ed2431468,low_WSe2,0.0,3.0,3.0,0.4299081399998954,1.8318000000000008,33
619cdd6345851b2ed2431469,low_WSe2,0.0,3.0,3.0,0.4283989299999007,1.8290999999999968,33
619cdd6345851b2ed243146a,low_WSe2,2.0,1.0,3.0,38.63124193000003,0.193999999999999,33
619cdd6345851b2ed243146b,low_WSe2,1.0,2.0,3.0,28.055531210000023,0.2766999999999999,33
619cdd6345851b2ed243146c,low_WSe2,3.0,0.0,3.0,49.37680602999999,0.6405000000000012,33
619cdd6345851b2ed243146d,low_WSe2,2.0,1.0,3.0,23.119384059999938,1.2683000000000035,33
619cdd6345851b2ed243146e,low_WSe2,1.0,2.0,3.0,11.787338719999967,1.2744999999999962,33
619cdd6345851b2ed243146f,low_WSe2,1.0,2.0,3.0,11.77128132000006,1.3016999999999967,33
619cdd6345851b2ed2431470,low_WSe2,1.0,2.0,3.0,11.774255009999925,1.297699999999999,33
619cdd6345851b2ed2431471,low_WSe2,3.0,0.0,3.0,50.68086176999996,0.2476000000000002,33
619cdd6345851b2ed2431472,low_WSe2,2.0,1.0,3.0,39.24950668000001,0.2009000000000007,33
619cdd6345851b2ed2431473,low_WSe2,1.0,2.0,3.0,11.770955630000106,1.2978999999999985,33
619cdd6345851b2ed2431474,low_WSe2,0.0,3.0,3.0,0.4391130500000031,1.806199999999997,33
619cdd6345851b2ed2431475,low_WSe2,0.0,3.0,3.0,0.4312497800000869,1.827299999999994,33
619cdd6345851b2ed2431476,low_WSe2,2.0,1.0,3.0,39.18318503999994,0.2126000000000001,33
619cdd6345851b2ed2431477,low_WSe2,2.0,1.0,3.0,37.57551801999993,0.655899999999999,33
619cdd6345851b2ed2431478,low_WSe2,1.0,2.0,3.0,11.76514184000006,1.296599999999998,33
619cdd6345851b2ed2431479,low_WSe2,3.0,0.0,3.0,50.545408759999965,0.1992000000000011,33
619cdd6345851b2ed243147a,low_WSe2,3.0,0.0,3.0,50.58252068000011,0.2037000000000013,33
619cdd6345851b2ed243147b,low_WSe2,1.0,2.0,3.0,11.772671789999992,1.3046999999999969,33
619cdd6345851b2ed243147c,low_WSe2,1.0,2.0,3.0,27.88555649,0.2252999999999989,33
619cdd6345851b2ed243147d,low_WSe2,3.0,0.0,3.0,49.94862524999994,0.2026000000000003,33
619cdd6345851b2ed243147e,low_WSe2,0.0,3.0,3.0,0.4328569599999241,1.8202,33
619cdd6345851b2ed243147f,low_WSe2,1.0,2.0,3.0,11.78616297999996,1.294300000000007,33
619cdd6345851b2ed2431480,low_WSe2,1.0,2.0,3.0,11.750403929999935,1.2971000000000004,33
619cdd6345851b2ed2431481,low_WSe2,0.0,3.0,3.0,0.4290024999999673,1.8258999999999967,33
619cdd6345851b2ed2431482,low_WSe2,2.0,1.0,3.0,39.37457221000004,0.2858999999999998,33
619cdd6345851b2ed2431483,low_WSe2,0.0,3.0,3.0,0.4328345499999955,1.8168000000000009,33
619cdd6345851b2ed2431484,low_WSe2,3.0,0.0,3.0,50.53913876000011,0.2142999999999997,33
619cdd6345851b2ed2431485,low_WSe2,1.0,2.0,3.0,27.91604641999993,0.2003000000000003,33
619cdd6345851b2ed2431486,low_WSe2,1.0,2.0,3.0,11.770231989999946,1.301099999999998,33
619cdd6345851b2ed2431487,low_WSe2,3.0,0.0,3.0,50.51079063999996,0.2141000000000001,33
619cdd6345851b2ed2431488,low_WSe2,2.0,1.0,3.0,39.322704010000095,0.2695999999999987,33
619cdd6345851b2ed2431489,low_WSe2,2.0,1.0,3.0,39.246335679999945,0.1912999999999982,33
619cdd6345851b2ed243148a,low_WSe2,2.0,1.0,3.0,39.28220214999992,0.1941000000000006,33
619cdd6345851b2ed243148b,low_WSe2,1.0,2.0,3.0,11.777372589999905,1.294399999999996,33
619cdd6345851b2ed243148c,low_WSe2,3.0,0.0,3.0,50.55111773000008,0.1562000000000001,33
619cdd6345851b2ed243148d,low_WSe2,2.0,1.0,3.0,37.582153760000025,0.6564000000000014,33
619cdd6345851b2ed243148e,low_WSe2,2.0,1.0,3.0,23.11643877000009,1.1437999999999988,33
619cdd6345851b2ed243148f,low_WSe2,0.0,3.0,3.0,0.4293553199999564,1.8271999999999975,33
619cdd6345851b2ed2431490,low_WSe2,1.0,2.0,3.0,11.76404825999997,1.2920999999999978,33
619cdd6345851b2ed2431491,low_WSe2,2.0,1.0,3.0,39.25008708999989,0.1920000000000001,33
619cdd6345851b2ed2431492,low_WSe2,1.0,2.0,3.0,11.785509849999915,1.2715000000000032,33
619cdd6345851b2ed2431493,low_WSe2,1.0,2.0,3.0,11.788905869999995,1.2893999999999934,33
619cdd6345851b2ed2431494,low_WSe2,2.0,1.0,3.0,23.10711642999994,1.2710000000000008,33
619cdd6345851b2ed2431495,low_WSe2,3.0,0.0,3.0,50.57777537999991,0.1493000000000002,33
619cdd6345851b2ed2431496,low_WSe2,1.0,2.0,3.0,11.7866715,1.1567000000000007,33
619cdd6345851b2ed2431497,low_WSe2,1.0,2.0,3.0,27.914655060000086,0.1954999999999991,33
619cdd6345851b2ed2431498,low_WSe2,2.0,1.0,3.0,39.235659470000016,0.1856000000000008,33
619cdd6345851b2ed2431499,low_WSe2,2.0,1.0,3.0,39.24969259999993,0.1938999999999993,33
619cdd6345851b2ed243149a,low_WSe2,0.0,3.0,3.0,0.4294759599999338,1.8290999999999968,33
619cdd6345851b2ed243149b,low_WSe2,1.0,2.0,3.0,11.773930459999963,1.2941000000000005,33
619cdd6345851b2ed243149c,low_WSe2,2.0,1.0,3.0,39.24095274000005,0.1819999999999986,33
619cdd6345851b2ed243149d,low_WSe2,3.0,0.0,3.0,50.533536400000095,0.2086000000000005,33
619cdd6345851b2ed243149e,low_WSe2,2.0,1.0,3.0,39.19799321000009,0.2042000000000001,33
619cdd6345851b2ed243149f,low_WSe2,1.0,2.0,3.0,11.77530739000007,1.2920000000000016,33
619cdd6345851b2ed24314a0,low_WSe2,1.0,2.0,3.0,27.879837169999973,0.1758999999999986,33
619cdd6345851b2ed24314a1,low_WSe2,3.0,0.0,3.0,50.59369088999993,0.2042000000000001,33
619cdd6345851b2ed24314a2,low_WSe2,1.0,2.0,3.0,27.909532209999952,0.1932999999999989,33
619cdd6345851b2ed24314a3,low_WSe2,3.0,0.0,3.0,50.67802042000003,0.2698999999999998,33
619cdd6345851b2ed24314a4,low_WSe2,2.0,1.0,3.0,23.115419669999973,1.198599999999999,33
619cdd6345851b2ed24314a5,low_WSe2,2.0,1.0,3.0,39.34306180000003,0.2517999999999993,33
619cdd6345851b2ed24314a6,low_WSe2,3.0,0.0,3.0,50.56892894000007,0.2146999999999987,33
619cdd6345851b2ed24314a7,low_WSe2,2.0,1.0,3.0,39.24818598000006,0.1936999999999997,33
619cdd6345851b2ed24314a8,low_WSe2,2.0,1.0,3.0,23.25321480000006,0.855400000000003,33
619cdd6345851b2ed24314a9,low_WSe2,1.0,2.0,3.0,11.763900120000006,1.299599999999998,33
619cdd6345851b2ed24314aa,low_WSe2,0.0,3.0,3.0,0.424952029999929,1.825800000000001,33
619cdd6345851b2ed24314ab,low_WSe2,1.0,2.0,3.0,11.77382273000011,1.3008000000000024,33
619cdd6345851b2ed24314ac,low_WSe2,0.0,3.0,3.0,0.4368927600000347,1.8262999999999965,33
619cdd6345851b2ed24314ad,low_WSe2,3.0,0.0,3.0,50.52080338000005,0.2187999999999998,33
619cdd6345851b2ed24314ae,low_WSe2,0.0,3.0,3.0,0.4281550000000038,1.8271000000000013,33
619cdd6345851b2ed24314af,low_WSe2,1.0,2.0,3.0,11.789113430000032,1.1539,33
619cdd6345851b2ed24314b0,low_WSe2,2.0,1.0,3.0,23.1206113000001,1.2793999999999954,33
619cdd6345851b2ed24314b1,low_WSe2,1.0,2.0,3.0,27.97156122000001,0.1562000000000001,33
619cdd6345851b2ed24314b2,low_WSe2,1.0,2.0,3.0,11.78577696000001,1.2704000000000022,33
619cdd6345851b2ed24314b3,low_WSe2,1.0,2.0,3.0,11.77232602999992,1.2798000000000016,33
619cdd6345851b2ed24314b4,low_WSe2,2.0,0.0,2.0,19.37583489000001,1.1996000000000002,34
619cdd6345851b2ed24314b5,low_WSe2,1.0,2.0,3.0,11.780912899999963,1.1558999999999957,33
619cdd6345851b2ed24314b6,low_WSe2,1.0,2.0,3.0,27.92747553999993,0.1896000000000004,33
619cdd6345851b2ed24314b7,low_WSe2,1.0,2.0,3.0,27.964969440000004,0.1608999999999998,33
619cdd6345851b2ed24314b8,low_WSe2,2.0,1.0,3.0,39.18715696000008,0.1910999999999987,33
619cdd6345851b2ed24314b9,low_WSe2,1.0,2.0,3.0,11.787838100000034,1.154200000000003,33
619cdd6345851b2ed24314ba,low_WSe2,3.0,0.0,3.0,50.58705468999992,0.2202999999999999,33
619cdd6345851b2ed24314bb,low_WSe2,1.0,2.0,3.0,28.00311932999989,0.2663000000000011,33
619cdd6445851b2ed24314bc,low_WSe2,1.0,2.0,3.0,11.773326519999944,1.3003,33
619cdd6445851b2ed24314bd,low_WSe2,1.0,2.0,3.0,11.767502639999964,1.2978999999999985,33
619cdd6445851b2ed24314be,low_WSe2,2.0,1.0,3.0,39.234628810000046,0.2079000000000004,33
619cdd6445851b2ed24314bf,low_WSe2,1.0,2.0,3.0,11.744939809999996,1.3000000000000045,33
619cdd6445851b2ed24314c0,low_WSe2,3.0,0.0,3.0,50.57254504000012,0.1999999999999993,33
619cdd6445851b2ed24314c1,low_WSe2,1.0,2.0,3.0,11.767387820000057,1.297000000000004,33
619cdd6445851b2ed24314c2,low_WSe2,1.0,2.0,3.0,11.754069509999898,1.3008999999999986,33
619cdd6445851b2ed24314c3,low_WSe2,0.0,3.0,3.0,0.4377664900000013,1.8299999999999983,33
619cdd6445851b2ed24314c4,low_WSe2,2.0,1.0,3.0,23.111238739999894,1.2445000000000022,33
619cdd6445851b2ed24314c5,low_WSe2,0.0,3.0,3.0,0.427640560000043,1.8252999999999984,33
619cdd6445851b2ed24314c6,low_WSe2,2.0,1.0,3.0,39.3423585200001,0.2700999999999993,33
619cdd6445851b2ed24314c7,low_WSe2,2.0,1.0,3.0,39.2319214300001,0.2173999999999996,33
619cdd6445851b2ed24314c8,low_WSe2,2.0,1.0,3.0,39.19501808999989,0.2073,33
619cdd6445851b2ed24314c9,low_WSe2,2.0,1.0,3.0,39.230855399999925,0.1990000000000016,33
619cdd6445851b2ed24314ca,low_WSe2,2.0,1.0,3.0,39.24395144000009,0.1855000000000011,33
619cdd6445851b2ed24314cb,low_WSe2,2.0,1.0,3.0,23.1487276799999,1.180799999999998,33
619cdd6445851b2ed24314cc,low_WSe2,2.0,1.0,3.0,38.62751278,0.1913999999999998,33
619cdd6445851b2ed24314cd,low_WSe2,0.0,3.0,3.0,0.4370780500000251,1.8256999999999977,33
619cdd6445851b2ed24314ce,low_WSe2,0.0,3.0,3.0,0.4286116400000423,1.8284999999999985,33
619cdd6445851b2ed24314cf,low_WSe2,2.0,1.0,3.0,39.33880825999999,0.266,33
619cdd6445851b2ed24314d0,low_WSe2,1.0,2.0,3.0,11.771103060000076,1.305500000000002,33
619cdd6445851b2ed24314d1,low_WSe2,2.0,1.0,3.0,39.25039386000008,0.1940999999999988,33
619cdd6445851b2ed24314d2,low_WSe2,1.0,2.0,3.0,28.001684049999994,0.2627999999999986,33
619cdd6445851b2ed24314d3,low_WSe2,2.0,1.0,3.0,39.191624350000026,0.2030999999999991,33
619cdd6445851b2ed24314d4,low_WSe2,0.0,3.0,3.0,0.429939979999915,1.8285999999999945,33
619cdd6445851b2ed24314d5,low_WSe2,1.0,2.0,3.0,11.772269629999972,1.3056000000000054,33
619cdd6445851b2ed24314d6,low_WSe2,1.0,2.0,3.0,28.052353840000023,0.2187000000000001,33
619cdd6445851b2ed24314d7,low_WSe2,1.0,2.0,3.0,11.775373050000088,1.289500000000004,33
619cdd6445851b2ed24314d8,low_WSe2,3.0,0.0,3.0,50.54894389000001,0.1564999999999994,33
619cdd6445851b2ed24314d9,low_WSe2,1.0,2.0,3.0,27.92054228999996,0.1931000000000011,33
619cdd6445851b2ed24314da,low_WSe2,2.0,1.0,3.0,23.09896510999992,1.1994999999999931,33
619cdd6445851b2ed24314db,low_WSe2,1.0,2.0,3.0,11.7609127600001,1.2974999999999994,33
619cdd6445851b2ed24314dc,low_WSe2,3.0,0.0,3.0,50.60739176999992,0.2245999999999988,33
619cdd6445851b2ed24314dd,low_WSe2,1.0,2.0,3.0,11.7817356800001,1.155200000000001,33
619cdd6445851b2ed24314de,low_WSe2,2.0,1.0,3.0,39.27398391999991,0.1837999999999997,33
619cdd6445851b2ed24314df,low_WSe2,1.0,2.0,3.0,27.89151984999989,0.1739000000000015,33
619cdd6445851b2ed24314e0,low_WSe2,1.0,2.0,3.0,11.774590089999936,1.3019999999999996,33
619cdd6445851b2ed24314e1,low_WSe2,1.0,2.0,3.0,11.767204329999904,1.2965000000000018,33
619cdd6445851b2ed24314e2,low_WSe2,2.0,1.0,3.0,23.10739068999991,1.282100000000007,33
619cdd6445851b2ed24314e3,low_WSe2,2.0,1.0,3.0,39.19588434999996,0.1843000000000003,33
619cdd6445851b2ed24314e4,low_WSe2,0.0,3.0,3.0,0.4548865399999044,1.8286999999999975,33
619cdd6445851b2ed24314e5,low_WSe2,2.0,1.0,3.0,23.2616930699999,0.8481000000000023,33
619cdd6445851b2ed24314e6,low_WSe2,3.0,0.0,3.0,49.92252685999993,0.1800999999999994,33
619cdd6445851b2ed24314e7,low_WSe2,1.0,2.0,3.0,11.77238568000006,1.2845000000000013,33
619cdd6445851b2ed24314e8,low_WSe2,2.0,1.0,3.0,38.62945139000003,0.1945999999999994,33
619cdd6445851b2ed24314e9,low_WSe2,1.0,2.0,3.0,11.7627520599999,1.3024000000000058,33
619cdd6445851b2ed24314ea,low_WSe2,1.0,2.0,3.0,27.87769963000005,0.1750999999999987,33
619cdd6445851b2ed24314eb,low_WSe2,3.0,0.0,3.0,50.559021500000064,0.1957000000000004,33
619cdd6445851b2ed24314ec,low_WSe2,1.0,2.0,3.0,11.766382349999947,1.2676000000000016,33
619cdd6445851b2ed24314ed,low_WSe2,2.0,1.0,3.0,23.117856150000115,1.278200000000005,33
619cdd6445851b2ed24314ee,low_WSe2,3.0,0.0,3.0,50.68180835999997,0.1707,33
619cdd6445851b2ed24314ef,low_WSe2,1.0,2.0,3.0,28.00015030999998,0.262500000000001,33
619cdd6445851b2ed24314f0,low_WSe2,0.0,2.0,2.0,-3.3232573699998973,1.8652999999999995,34
619cdd6445851b2ed24314f1,low_WSe2,1.0,2.0,3.0,27.946950660000084,0.1664999999999992,33
619cdd6445851b2ed24314f2,low_WSe2,1.0,2.0,3.0,11.767353879999964,1.2959000000000032,33
619cdd6445851b2ed24314f3,low_WSe2,2.0,1.0,3.0,23.127784060000103,1.2820999999999998,33
619cdd6445851b2ed24314f4,low_WSe2,2.0,1.0,3.0,39.38005230000003,0.2646999999999995,33
619cdd6445851b2ed24314f5,low_WSe2,1.0,2.0,3.0,11.793649210000002,1.3004999999999995,33
619cdd6445851b2ed24314f6,low_WSe2,2.0,1.0,3.0,23.27403843000005,0.8589000000000055,33
619cdd6445851b2ed24314f7,low_WSe2,1.0,2.0,3.0,11.769531399999996,1.2975999999999956,33
619cdd6445851b2ed24314f8,low_WSe2,2.0,1.0,3.0,39.245302269999954,0.1836000000000002,33
619cdd6445851b2ed24314f9,low_WSe2,2.0,1.0,3.0,39.232083890000055,0.1915999999999993,33
619cdd6445851b2ed24314fa,low_WSe2,3.0,0.0,3.0,50.67096733000003,0.1744000000000003,33
619cdd6445851b2ed24314fb,low_WSe2,1.0,2.0,3.0,11.798073350000085,1.3018,33
619cdd6445851b2ed24314fc,low_WSe2,1.0,2.0,3.0,11.7743782299999,1.2980000000000018,33
619cdd6445851b2ed24314fd,low_WSe2,1.0,2.0,3.0,11.758177610000065,1.3028000000000048,33
619cdd6445851b2ed24314fe,low_WSe2,0.0,3.0,3.0,0.4376605899998935,1.8324,33
619cdd6445851b2ed24314ff,low_WSe2,2.0,1.0,3.0,39.22565966000006,0.1972000000000004,33
619cdd6445851b2ed2431500,low_WSe2,3.0,0.0,3.0,48.89910519000009,0.1554999999999999,33
619cdd6445851b2ed2431501,low_WSe2,2.0,1.0,3.0,39.23619046000003,0.2031999999999989,33
619cdd6445851b2ed2431502,low_WSe2,2.0,1.0,3.0,39.25068298000001,0.1943999999999999,33
619cdd6445851b2ed2431503,low_WSe2,2.0,1.0,3.0,38.63802177000007,0.1941000000000006,33
619cdd6445851b2ed2431504,low_WSe2,2.0,1.0,3.0,23.11945668000002,1.287700000000001,33
619cdd6445851b2ed2431505,low_WSe2,1.0,2.0,3.0,11.752212560000078,1.2971999999999966,33
619cdd6445851b2ed2431506,low_WSe2,1.0,2.0,3.0,27.990756229999988,0.2652999999999998,33
619cdd6445851b2ed2431507,low_WSe2,0.0,2.0,2.0,-3.3198057799999567,1.866,34
619cdd6445851b2ed2431508,low_WSe2,2.0,1.0,3.0,39.323078290000055,0.2651000000000003,33
619cdd6445851b2ed2431509,low_WSe2,1.0,2.0,3.0,27.91344028000003,0.1973000000000002,33
619cdd6445851b2ed243150a,low_WSe2,1.0,0.0,1.0,31.323757049999973,0.2591000000000001,35
619cdd6445851b2ed243150b,low_WSe2,3.0,0.0,3.0,50.52253165000011,0.2022000000000012,33
619cdd6445851b2ed243150c,low_WSe2,0.0,3.0,3.0,0.4277281100000323,1.8243999999999967,33
619cdd6445851b2ed243150d,low_WSe2,1.0,2.0,3.0,11.764724999999988,1.3025999999999982,33
619cdd6445851b2ed243150e,low_WSe2,1.0,2.0,3.0,11.77108674000009,1.3034000000000034,33
619cdd6545851b2ed243150f,low_WSe2,2.0,1.0,3.0,23.10946902000004,1.2539000000000016,33
619cdd6545851b2ed2431510,low_WSe2,2.0,1.0,3.0,39.24839200000001,0.2001999999999988,33
619cdd6545851b2ed2431511,low_WSe2,1.0,2.0,3.0,11.770886190000043,1.2882999999999996,33
619cdd6545851b2ed2431512,low_WSe2,2.0,1.0,3.0,39.24609330999992,0.1972000000000004,33
619cdd6545851b2ed2431513,low_WSe2,2.0,1.0,3.0,37.58351672999997,0.6557999999999993,33
619cdd6545851b2ed2431514,low_WSe2,1.0,2.0,3.0,28.10727840000004,0.2082999999999994,33
619cdd6545851b2ed2431515,low_WSe2,3.0,0.0,3.0,50.56603710999989,0.2015999999999991,33
619cdd6545851b2ed2431516,low_WSe2,0.0,3.0,3.0,0.4290613699999426,1.8264,33
619cdd6545851b2ed2431517,low_WSe2,2.0,1.0,3.0,23.1206748,1.2872000000000057,33
619cdd6545851b2ed2431518,low_WSe2,1.0,2.0,3.0,27.875684079999928,0.1761999999999997,33
619cdd6545851b2ed2431519,low_WSe2,1.0,2.0,3.0,27.92380054,0.1923999999999992,33
619cdd6545851b2ed243151a,low_WSe2,1.0,2.0,3.0,11.773285980000072,1.2907999999999973,33
619cdd6545851b2ed243151b,low_WSe2,0.0,3.0,3.0,0.428004289999933,1.8333999999999973,33
619cdd6545851b2ed243151c,low_WSe2,2.0,1.0,3.0,39.18032307000003,0.2124000000000006,33
619cdd6545851b2ed243151d,low_WSe2,0.0,3.0,3.0,0.4286343600001032,1.8280999999999992,33
619cdd6545851b2ed243151e,low_WSe2,2.0,1.0,3.0,39.32293538000003,0.2718000000000007,33
619cdd6545851b2ed243151f,low_WSe2,2.0,1.0,3.0,23.11063500000004,1.2734999999999983,33
619cdd6545851b2ed2431520,low_WSe2,0.0,3.0,3.0,0.4287016600000584,1.8281999999999956,33
619cdd6545851b2ed2431521,low_WSe2,2.0,1.0,3.0,39.172595759999965,0.2091000000000011,33
619cdd6545851b2ed2431522,low_WSe2,3.0,0.0,3.0,50.6658506100001,0.2816999999999989,33
619cdd6545851b2ed2431523,low_WSe2,2.0,1.0,3.0,39.34034064000007,0.254999999999999,33
619cdd6545851b2ed2431524,low_WSe2,3.0,0.0,3.0,50.54213295999998,0.1539999999999999,33
619cdd6545851b2ed2431525,low_WSe2,1.0,2.0,3.0,11.772966029999896,1.2805999999999995,33
619cdd6545851b2ed2431526,low_WSe2,3.0,0.0,3.0,49.61693984999997,0.6512999999999991,33
619cdd6545851b2ed2431527,low_WSe2,1.0,2.0,3.0,27.91202859000009,0.1938999999999993,33
619cdd6545851b2ed2431528,low_WSe2,0.0,3.0,3.0,0.4288722999999095,1.8217,33
619cdd6545851b2ed2431529,low_WSe2,2.0,1.0,3.0,39.24054572999994,0.2011000000000002,33
619cdd6545851b2ed243152a,low_WSe2,0.0,3.0,3.0,0.4263538199999743,1.8256999999999977,33
619cdd6545851b2ed243152b,low_WSe2,1.0,1.0,2.0,8.021531459999892,1.3026,34
619cdd6545851b2ed243152c,low_WSe2,1.0,2.0,3.0,11.771440010000097,1.3031000000000006,33
619cdd6545851b2ed243152d,low_WSe2,1.0,2.0,3.0,11.777827330000026,1.2998000000000047,33
619cdd6545851b2ed243152e,low_WSe2,2.0,1.0,3.0,39.29075414000003,0.1822999999999996,33
619cdd6545851b2ed243152f,low_WSe2,1.0,2.0,3.0,11.76662753000004,1.298099999999998,33
619cdd6545851b2ed2431530,low_WSe2,2.0,1.0,3.0,39.24999443000006,0.1966000000000001,33
619cdd6545851b2ed2431531,low_WSe2,0.0,3.0,3.0,0.4269017399998915,1.8290999999999968,33
619cdd6545851b2ed2431532,low_WSe2,1.0,2.0,3.0,11.786857329999965,1.1627999999999972,33
619cdd6545851b2ed2431533,low_WSe2,1.0,2.0,3.0,11.78761671999995,1.1608000000000018,33
619cdd6545851b2ed2431534,low_WSe2,2.0,1.0,3.0,39.24512682000004,0.1890999999999998,33
619cdd6545851b2ed2431535,low_WSe2,0.0,3.0,3.0,0.4341446699999665,1.816200000000002,33
619cdd6545851b2ed2431536,low_WSe2,0.0,3.0,3.0,0.4296820700000694,1.825800000000001,33
619cdd6545851b2ed2431537,low_WSe2,2.0,1.0,3.0,39.23657435,0.2689000000000003,33
619cdd6545851b2ed2431538,low_WSe2,1.0,2.0,3.0,11.769443489999947,1.3011000000000053,33
619cdd6545851b2ed2431539,low_WSe2,2.0,1.0,3.0,39.273181459999975,0.1913999999999998,33
619cdd6545851b2ed243153a,low_WSe2,2.0,1.0,3.0,39.19901308000003,0.2222999999999988,33
619cdd6545851b2ed243153b,low_WSe2,1.0,2.0,3.0,11.781729620000068,1.2937000000000012,33
619cdd6545851b2ed243153c,low_WSe2,1.0,2.0,3.0,27.91631183000004,0.1979000000000006,33
619cdd6545851b2ed243153d,low_WSe2,0.0,3.0,3.0,0.4286815400000137,1.8255000000000048,33
619cdd6545851b2ed243153e,low_WSe2,3.0,0.0,3.0,50.56931835999999,0.1728000000000005,33
619cdd6545851b2ed243153f,low_WSe2,0.0,3.0,3.0,0.4274680699999749,1.8255999999999943,33
619cdd6545851b2ed2431540,low_WSe2,1.0,2.0,3.0,11.764251320000074,1.2993000000000023,33
619cdd6545851b2ed2431541,low_WSe2,1.0,2.0,3.0,11.765762499999926,1.3008000000000024,33
619cdd6545851b2ed2431542,low_WSe2,1.0,2.0,3.0,11.772312289999936,1.2989999999999997,33
619cdd6545851b2ed2431543,low_WSe2,3.0,0.0,3.0,50.51507621000005,0.2070000000000007,33
619cdd6545851b2ed2431544,low_WSe2,1.0,2.0,3.0,11.74363328000003,1.296599999999998,33
619cdd6545851b2ed2431545,low_WSe2,1.0,2.0,3.0,11.773375870000098,1.3019000000000034,33
619cdd6545851b2ed2431546,low_WSe2,0.0,3.0,3.0,0.4298442599999248,1.8316999999999977,33
619cdd6545851b2ed2431547,low_WSe2,1.0,2.0,3.0,11.792214029999958,1.3027000000000015,33
619cdd6545851b2ed2431548,low_WSe2,3.0,0.0,3.0,50.51620347999992,0.2185999999999985,33
619cdd6545851b2ed2431549,low_WSe2,3.0,0.0,3.0,50.49138920000005,0.1615999999999999,33
619cdd6545851b2ed243154a,low_WSe2,1.0,2.0,3.0,27.930289180000045,0.1925000000000007,33
619cdd6545851b2ed243154b,low_WSe2,3.0,0.0,3.0,50.57014482999998,0.2241999999999997,33
619cdd6545851b2ed243154c,low_WSe2,1.0,2.0,3.0,11.76587044000006,1.2954000000000008,33
619cdd6545851b2ed243154d,low_WSe2,3.0,0.0,3.0,50.543297080000094,0.2179999999999999,33
619cdd6545851b2ed243154e,low_WSe2,0.0,3.0,3.0,0.4297489800000562,1.8253999999999948,33
619cdd6545851b2ed243154f,low_WSe2,3.0,0.0,3.0,48.883857749999926,0.5975000000000001,33
619cdd6545851b2ed2431550,low_WSe2,2.0,1.0,3.0,23.11998588000009,1.2786000000000044,33
619cdd6545851b2ed2431551,low_WSe2,1.0,2.0,3.0,28.000430170000072,0.2614999999999998,33
619cdd6545851b2ed2431552,low_WSe2,0.0,3.0,3.0,0.4279789799999776,1.828000000000003,33
619cdd6545851b2ed2431553,low_WSe2,3.0,0.0,3.0,50.59900643000001,0.1643999999999987,33
619cdd6545851b2ed2431554,low_WSe2,2.0,1.0,3.0,23.04165530999993,1.120800000000003,33
619cdd6545851b2ed2431555,low_WSe2,1.0,2.0,3.0,11.769289040000093,1.2971999999999966,33
619cdd6545851b2ed2431556,low_WSe2,1.0,2.0,3.0,28.01266297999996,0.2650000000000005,33
619cdd6545851b2ed2431557,low_WSe2,1.0,2.0,3.0,27.92982537000012,0.1876999999999995,33
619cdd6545851b2ed2431558,low_WSe2,0.0,3.0,3.0,0.4287668300000291,1.8320000000000007,33
619cdd6545851b2ed2431559,low_WSe2,0.0,3.0,3.0,0.4283153999999172,1.8233999999999997,33
619cdd6545851b2ed243155a,low_WSe2,2.0,1.0,3.0,23.11088883999995,1.2860999999999976,33
619cdd6545851b2ed243155b,low_WSe2,2.0,1.0,3.0,38.629685599999945,0.1920999999999999,33
619cdd6545851b2ed243155c,low_WSe2,2.0,1.0,3.0,23.115536130000045,1.198900000000002,33
619cdd6545851b2ed243155d,low_WSe2,2.0,1.0,3.0,39.26875270999999,0.1841000000000008,33
619cdd6545851b2ed243155e,low_WSe2,1.0,1.0,2.0,13.424324520000098,1.298499999999997,34
619cdd6545851b2ed243155f,low_WSe2,1.0,2.0,3.0,27.91951930999994,0.1911000000000005,33
619cdd6545851b2ed2431560,low_WSe2,1.0,2.0,3.0,27.99815211000009,0.264899999999999,33
619cdd6545851b2ed2431561,low_WSe2,2.0,1.0,3.0,39.23489483999997,0.1531000000000002,33
619cdd6545851b2ed2431562,low_WSe2,2.0,1.0,3.0,39.23590674999996,0.2026000000000003,33
619cdd6645851b2ed2431563,low_WSe2,1.0,2.0,3.0,27.99738174999993,0.2644000000000002,33
619cdd6645851b2ed2431564,low_WSe2,1.0,2.0,3.0,11.78555477000008,1.295499999999997,33
619cdd6645851b2ed2431565,low_WSe2,2.0,1.0,3.0,22.603439389999984,1.232599999999998,33
619cdd6645851b2ed2431566,low_WSe2,1.0,2.0,3.0,11.770203759999948,1.3023000000000025,33
619cdd6645851b2ed2431567,low_WSe2,0.0,3.0,3.0,0.4279916600000319,1.8296999999999957,33
619cdd6645851b2ed2431568,low_WSe2,3.0,0.0,3.0,50.55856847999994,0.2184999999999988,33
619cdd6645851b2ed2431569,low_WSe2,2.0,1.0,3.0,39.23638983000005,0.184000000000001,33
619cdd6645851b2ed243156a,low_WSe2,0.0,3.0,3.0,0.4302833500000247,1.8312999999999988,33
619cdd6645851b2ed243156b,low_WSe2,2.0,1.0,3.0,23.09162870000004,1.2726000000000042,33
619cdd6645851b2ed243156c,low_WSe2,2.0,1.0,3.0,23.10201319999991,1.2579999999999956,33
619cdd6645851b2ed243156d,low_WSe2,1.0,2.0,3.0,27.99792002999993,0.2607999999999997,33
619cdd6645851b2ed243156e,low_WSe2,2.0,1.0,3.0,39.18214001999995,0.212299999999999,33
619cdd6645851b2ed243156f,low_WSe2,2.0,1.0,3.0,23.088531720000027,1.2842000000000056,33
619cdd6645851b2ed2431570,low_WSe2,2.0,1.0,3.0,39.35115617000001,0.2704000000000004,33
619cdd6645851b2ed2431571,low_WSe2,1.0,2.0,3.0,27.880890619999946,0.1738999999999997,33
619cdd6645851b2ed2431572,low_WSe2,1.0,2.0,3.0,11.77668919000006,1.2941000000000005,33
619cdd6645851b2ed2431573,low_WSe2,0.0,3.0,3.0,0.4344585200000779,1.8286000000000016,33
619cdd6645851b2ed2431574,low_WSe2,1.0,2.0,3.0,27.914114460000064,0.1958000000000002,33
619cdd6645851b2ed2431575,low_WSe2,2.0,1.0,3.0,39.2386532200001,0.147400000000001,33
619cdd6645851b2ed2431576,low_WSe2,3.0,0.0,3.0,50.67800509000004,0.2697000000000003,33
619cdd6645851b2ed2431577,low_WSe2,0.0,3.0,3.0,0.4323372499999891,1.8143999999999991,33
619cdd6645851b2ed2431578,low_WSe2,3.0,0.0,3.0,49.38750639999999,0.3998999999999988,33
619cdd6645851b2ed2431579,low_WSe2,1.0,2.0,3.0,27.91567052000005,0.1978000000000008,33
619cdd6645851b2ed243157a,low_WSe2,1.0,2.0,3.0,27.92846609000003,0.1864000000000008,33
619cdd6645851b2ed243157b,low_WSe2,0.0,3.0,3.0,0.4283711400000243,1.8275999999999968,33
619cdd6645851b2ed243157c,low_WSe2,3.0,0.0,3.0,50.5787053,0.1925000000000007,33
619cdd6645851b2ed243157d,low_WSe2,2.0,1.0,3.0,23.102698929999896,1.217700000000001,33
619cdd6645851b2ed243157e,low_WSe2,1.0,2.0,3.0,11.771219539999937,1.2996000000000052,33
619cdd6645851b2ed243157f,low_WSe2,2.0,1.0,3.0,39.26287028000006,0.1936999999999997,33
619cdd6645851b2ed2431580,low_WSe2,3.0,0.0,3.0,50.66689649999999,0.2797,33
619cdd6645851b2ed2431581,low_WSe2,0.0,3.0,3.0,0.4288238999999407,1.829100000000004,33
619cdd6645851b2ed2431582,low_WSe2,2.0,1.0,3.0,39.25573127000011,0.1976000000000013,33
619cdd6645851b2ed2431583,low_WSe2,1.0,2.0,3.0,11.763916059999918,1.3021999999999991,33
619cdd6645851b2ed2431584,low_WSe2,1.0,2.0,3.0,11.761035510000044,1.302399999999999,33
619cdd6645851b2ed2431585,low_WSe2,2.0,1.0,3.0,39.25293087000004,0.1814,33
619cdd6645851b2ed2431586,low_WSe2,2.0,1.0,3.0,39.25417433000011,0.1838999999999995,33
619cdd6645851b2ed2431587,low_WSe2,1.0,2.0,3.0,27.91573298000003,0.1936999999999997,33
619cdd6645851b2ed2431588,low_WSe2,2.0,1.0,3.0,39.265788210000025,0.1909000000000009,33
619cdd6645851b2ed2431589,low_WSe2,1.0,2.0,3.0,11.775109290000035,1.302100000000003,33
619cdd6645851b2ed243158a,low_WSe2,1.0,2.0,3.0,11.786564459999898,1.295500000000004,33
619cdd6645851b2ed243158b,low_WSe2,1.0,2.0,3.0,27.929386680000107,0.1884999999999994,33
619cdd6645851b2ed243158c,low_WSe2,1.0,2.0,3.0,11.762923089999948,1.299199999999999,33
619cdd6645851b2ed243158d,low_WSe2,2.0,1.0,3.0,39.25668098999999,0.1936,33
619cdd6645851b2ed243158e,low_WSe2,2.0,1.0,3.0,23.12263497000007,1.2801000000000045,33
619cdd6645851b2ed243158f,low_WSe2,1.0,2.0,3.0,11.769665139999905,1.302100000000003,33
619cdd6645851b2ed2431590,low_WSe2,1.0,2.0,3.0,28.14411550999989,0.3460999999999998,33
619cdd6645851b2ed2431591,low_WSe2,2.0,1.0,3.0,23.09677319999995,1.2426999999999992,33
619cdd6645851b2ed2431592,low_WSe2,1.0,2.0,3.0,11.793723020000003,1.3020999999999958,33
619cdd6645851b2ed2431593,low_WSe2,2.0,1.0,3.0,39.219821740000086,0.1494999999999997,33
619cdd6645851b2ed2431594,low_WSe2,0.0,3.0,3.0,0.428533619999996,1.830500000000001,33
619cdd6645851b2ed2431595,low_WSe2,1.0,2.0,3.0,27.91475125000011,0.1922999999999994,33
619cdd6645851b2ed2431596,low_WSe2,1.0,2.0,3.0,27.926875580000114,0.1898999999999997,33
619cdd6645851b2ed2431597,low_WSe2,2.0,1.0,3.0,23.1160406899999,1.2695000000000007,33
619cdd6645851b2ed2431598,low_WSe2,2.0,1.0,3.0,39.36769764,0.2789000000000001,33
619cdd6645851b2ed2431599,low_WSe2,1.0,2.0,3.0,28.01819212000009,0.2475000000000005,33
619cdd6645851b2ed243159a,low_WSe2,3.0,0.0,3.0,49.96079575000008,0.1905999999999998,33
619cdd6645851b2ed243159b,low_WSe2,3.0,0.0,3.0,50.48741847999995,0.2228999999999992,33
619cdd6645851b2ed243159c,low_WSe2,2.0,1.0,3.0,23.099408029999985,1.2672000000000023,33
619cdd6645851b2ed243159d,low_WSe2,2.0,1.0,3.0,39.217453150000026,0.1661000000000001,33
619cdd6645851b2ed243159e,low_WSe2,3.0,0.0,3.0,50.64300199,0.2790999999999997,33
619cdd6645851b2ed243159f,low_WSe2,2.0,1.0,3.0,23.13698361000005,1.281800000000004,33
619cdd6645851b2ed24315a0,low_WSe2,2.0,1.0,3.0,39.24503209999993,0.1978999999999988,33
619cdd6645851b2ed24315a1,low_WSe2,2.0,1.0,3.0,23.10636492999996,1.2705999999999946,33
619cdd6645851b2ed24315a2,low_WSe2,1.0,2.0,3.0,11.768461590000005,1.298499999999997,33
619cdd6645851b2ed24315a3,low_WSe2,1.0,2.0,3.0,11.776258119999955,1.3044000000000011,33
619cdd6645851b2ed24315a4,low_WSe2,3.0,0.0,3.0,50.57411527999998,0.2069000000000009,33
619cdd6645851b2ed24315a5,low_WSe2,0.0,3.0,3.0,0.4294371000000296,1.8281999999999956,33
619cdd6645851b2ed24315a6,low_WSe2,3.0,0.0,3.0,49.95365845000001,0.1785999999999994,33
619cdd6645851b2ed24315a7,low_WSe2,2.0,1.0,3.0,39.24396013999994,0.1895000000000006,33
619cdd6645851b2ed24315a8,low_WSe2,2.0,1.0,3.0,39.27135122999998,0.1989,33
619cdd6645851b2ed24315a9,low_WSe2,1.0,2.0,3.0,11.748318740000048,1.296199999999999,33
619cdd6645851b2ed24315aa,low_WSe2,1.0,2.0,3.0,27.917699820000053,0.1947000000000009,33
619cdd6645851b2ed24315ab,low_WSe2,1.0,2.0,3.0,27.93508029999998,0.1902999999999988,33
619cdd6645851b2ed24315ac,low_WSe2,2.0,1.0,3.0,39.25930393999992,0.1960999999999995,33
619cdd6645851b2ed24315ad,low_WSe2,2.0,1.0,3.0,39.25237889999998,0.2662999999999993,33
619cdd6645851b2ed24315ae,low_WSe2,0.0,2.0,2.0,2.0902989599999504,1.833200000000005,34
619cdd6645851b2ed24315af,low_WSe2,1.0,2.0,3.0,11.758884809999916,1.2973,33
619cdd6645851b2ed24315b0,low_WSe2,2.0,1.0,3.0,23.12065164000004,1.285199999999996,33
619cdd6645851b2ed24315b1,low_WSe2,2.0,1.0,3.0,39.18987689000009,0.2662000000000013,33
619cdd6645851b2ed24315b2,low_WSe2,2.0,1.0,3.0,23.04059370000008,1.119499999999995,33
619cdd6645851b2ed24315b3,low_WSe2,2.0,1.0,3.0,39.23050418999996,0.2150999999999996,33
619cdd6645851b2ed24315b4,low_WSe2,1.0,2.0,3.0,11.77384140999992,1.3001000000000005,33
619cdd6645851b2ed24315b5,low_WSe2,1.0,2.0,3.0,11.760403230000056,1.2989999999999997,33
619cdd6645851b2ed24315b6,low_WSe2,1.0,2.0,3.0,11.787280089999957,1.1614999999999966,33
619cdd6745851b2ed24315b7,low_WSe2,2.0,0.0,2.0,40.99860097999989,0.2656000000000009,34
619cdd6745851b2ed24315b8,low_WSe2,2.0,1.0,3.0,23.12675380999989,1.2836,33
619cdd6745851b2ed24315b9,low_WSe2,2.0,1.0,3.0,23.126316290000013,1.133000000000003,33
619cdd6745851b2ed24315ba,low_WSe2,2.0,1.0,3.0,39.22317679999996,0.2053000000000011,33
619cdd6745851b2ed24315bb,low_WSe2,2.0,1.0,3.0,39.23921283999998,0.2020999999999997,33
619cdd6745851b2ed24315bc,low_WSe2,2.0,1.0,3.0,39.19787285000011,0.1423000000000005,33
619cdd6745851b2ed24315bd,low_WSe2,2.0,1.0,3.0,23.107495750000037,1.1998999999999995,33
619cdd6745851b2ed24315be,low_WSe2,1.0,2.0,3.0,11.77709391999996,1.2989000000000033,33
619cdd6745851b2ed24315bf,low_WSe2,0.0,3.0,3.0,0.4545675199998982,1.826900000000002,33
619cdd6745851b2ed24315c0,low_WSe2,1.0,2.0,3.0,27.973006409999925,0.1566000000000009,33
619cdd6745851b2ed24315c1,low_WSe2,2.0,1.0,3.0,23.125500220000085,1.2817000000000007,33
619cdd6745851b2ed24315c2,low_WSe2,1.0,2.0,3.0,11.799158069999963,1.2650000000000006,33
619cdd6745851b2ed24315c3,low_WSe2,2.0,1.0,3.0,23.09789052,1.243299999999998,33
619cdd6745851b2ed24315c4,low_WSe2,2.0,1.0,3.0,39.198405879999925,0.2047999999999987,33
619cdd6745851b2ed24315c5,low_WSe2,1.0,2.0,3.0,27.912112839999963,0.1968999999999994,33
619cdd6745851b2ed24315c6,low_WSe2,1.0,2.0,3.0,27.91220838999993,0.2013999999999995,33
619cdd6745851b2ed24315c7,low_WSe2,1.0,2.0,3.0,11.770235769999989,1.2987000000000035,33
619cdd6745851b2ed24315c8,low_WSe2,2.0,1.0,3.0,23.116501159999903,1.270700000000005,33
619cdd6745851b2ed24315c9,low_WSe2,2.0,1.0,3.0,39.23745983999997,0.1738999999999997,33
619cdd6745851b2ed24315ca,low_WSe2,1.0,2.0,3.0,11.715165520000015,1.1612999999999971,33
619cdd6745851b2ed24315cb,low_WSe2,1.0,2.0,3.0,11.785751090000064,1.1601,33
619cdd6745851b2ed24315cc,low_WSe2,1.0,2.0,3.0,11.762435919999906,1.2985000000000042,33
619cdd6745851b2ed24315cd,low_WSe2,2.0,1.0,3.0,23.110591079999985,1.2698999999999998,33
619cdd6745851b2ed24315ce,low_WSe2,2.0,1.0,3.0,39.23421751000005,0.2006999999999994,33
619cdd6745851b2ed24315cf,low_WSe2,1.0,2.0,3.0,27.91549798000005,0.1925000000000007,33
619cdd6745851b2ed24315d0,low_WSe2,1.0,2.0,3.0,27.92416125,0.1932000000000009,33
619cdd6745851b2ed24315d1,low_WSe2,1.0,2.0,3.0,27.87129299000003,0.2036999999999995,33
619cdd6745851b2ed24315d2,low_WSe2,3.0,0.0,3.0,50.49260242,0.2068999999999992,33
619cdd6745851b2ed24315d3,low_WSe2,1.0,2.0,3.0,27.8877222000001,0.171899999999999,33
619cdd6745851b2ed24315d4,low_WSe2,1.0,2.0,3.0,11.766592619999972,1.2957999999999998,33
619cdd6745851b2ed24315d5,low_WSe2,2.0,1.0,3.0,23.11133386000009,1.197600000000001,33
619cdd6745851b2ed24315d6,low_WSe2,1.0,1.0,2.0,13.426093820000077,1.2997000000000014,34
619cdd6745851b2ed24315d7,low_WSe2,2.0,1.0,3.0,39.19476379000007,0.2018999999999984,33
619cdd6745851b2ed24315d8,low_WSe2,0.0,3.0,3.0,0.4251614399999539,1.8236999999999952,33
619cdd6745851b2ed24315d9,low_WSe2,1.0,2.0,3.0,27.91719248999993,0.1938999999999993,33
619cdd6745851b2ed24315da,low_WSe2,2.0,1.0,3.0,39.19987451999991,0.2111999999999998,33
619cdd6745851b2ed24315db,low_WSe2,1.0,2.0,3.0,27.915454140000065,0.1881000000000003,33
619cdd6745851b2ed24315dc,low_WSe2,2.0,1.0,3.0,39.326896289999965,0.2409999999999996,33
619cdd6745851b2ed24315dd,low_WSe2,1.0,2.0,3.0,11.752007519999996,1.2993000000000023,33
619cdd6745851b2ed24315de,low_WSe2,1.0,2.0,3.0,28.05276542000001,0.2192999999999987,33
619cdd6745851b2ed24315df,low_WSe2,0.0,3.0,3.0,0.4559136400000056,1.8181999999999972,33
619cdd6745851b2ed24315e0,low_WSe2,2.0,1.0,3.0,23.138316060000115,1.2824999999999989,33
619cdd6745851b2ed24315e1,low_WSe2,2.0,1.0,3.0,23.11597267999995,1.1392999999999986,33
619cdd6745851b2ed24315e2,low_WSe2,2.0,1.0,3.0,39.2321602,0.1594999999999995,33
619cdd6745851b2ed24315e3,low_WSe2,1.0,2.0,3.0,11.772842070000014,1.298099999999998,33
619cdd6745851b2ed24315e4,low_WSe2,2.0,1.0,3.0,39.237869679999946,0.1952999999999995,33
619cdd6745851b2ed24315e5,low_WSe2,3.0,0.0,3.0,50.55520600999999,0.2172,33
619cdd6745851b2ed24315e6,low_WSe2,1.0,2.0,3.0,11.76894317999994,1.2993999999999986,33
619cdd6745851b2ed24315e7,low_WSe2,1.0,2.0,3.0,11.772315749999953,1.3012000000000017,33
619cdd6745851b2ed24315e8,low_WSe2,2.0,1.0,3.0,39.21156707999994,0.1844000000000001,33
619cdd6745851b2ed24315e9,low_WSe2,1.0,2.0,3.0,11.783760539999992,1.2968000000000046,33
619cdd6745851b2ed24315ea,low_WSe2,2.0,1.0,3.0,39.18288865000004,0.2127999999999996,33
619cdd6745851b2ed24315eb,low_WSe2,3.0,0.0,3.0,50.53924164000009,0.2148000000000003,33
619cdd6745851b2ed24315ec,low_WSe2,2.0,1.0,3.0,23.119807029999983,1.2804000000000002,33
619cdd6745851b2ed24315ed,low_WSe2,0.0,3.0,3.0,0.4276035300001126,1.8297999999999988,33
619cdd6745851b2ed24315ee,low_WSe2,1.0,2.0,3.0,11.762269609999963,1.2989000000000033,33
619cdd6745851b2ed24315ef,low_WSe2,1.0,2.0,3.0,27.91546859999994,0.1952999999999995,33
619cdd6745851b2ed24315f0,low_WSe2,1.0,2.0,3.0,27.930525660000058,0.1934000000000004,33
619cdd6745851b2ed24315f1,low_WSe2,1.0,2.0,3.0,11.7650907300001,1.3003,33
619cdd6745851b2ed24315f2,low_WSe2,0.0,2.0,2.0,2.090092890000074,1.834699999999998,34
619cdd6745851b2ed24315f3,low_WSe2,2.0,1.0,3.0,23.1252619100001,1.2657000000000025,33
619cdd6745851b2ed24315f4,low_WSe2,1.0,2.0,3.0,11.767330560000108,1.296199999999999,33
619cdd6745851b2ed24315f5,low_WSe2,2.0,1.0,3.0,39.2713078499999,0.2596000000000007,33
619cdd6745851b2ed24315f6,low_WSe2,1.0,2.0,3.0,11.773030459999962,1.301400000000001,33
619cdd6745851b2ed24315f7,low_WSe2,3.0,0.0,3.0,50.55610299000009,0.1557000000000012,33
619cdd6745851b2ed24315f8,low_WSe2,1.0,2.0,3.0,11.768492299999924,1.2956999999999963,33
619cdd6745851b2ed24315f9,low_WSe2,1.0,2.0,3.0,11.77241430999992,1.3007000000000062,33
619cdd6745851b2ed24315fa,low_WSe2,2.0,1.0,3.0,23.11055558999991,1.2445999999999984,33
619cdd6745851b2ed24315fb,low_WSe2,3.0,0.0,3.0,50.56083191999992,0.2072000000000002,33
619cdd6745851b2ed24315fc,low_WSe2,2.0,1.0,3.0,23.11199119000006,1.2817000000000007,33
619cdd6745851b2ed24315fd,low_WSe2,2.0,1.0,3.0,22.59023686000004,1.244099999999996,33
619cdd6745851b2ed24315fe,low_WSe2,1.0,2.0,3.0,11.751718720000088,1.296599999999998,33
619cdd6745851b2ed24315ff,low_WSe2,2.0,1.0,3.0,23.11718221999994,1.2802999999999969,33
619cdd6745851b2ed2431600,low_WSe2,1.0,2.0,3.0,11.81515400000011,1.2783000000000015,33
619cdd6745851b2ed2431601,low_WSe2,2.0,1.0,3.0,23.12358391999991,1.280300000000004,33
619cdd6745851b2ed2431602,low_WSe2,1.0,2.0,3.0,28.05532416999995,0.2783999999999995,33
619cdd6745851b2ed2431603,low_WSe2,1.0,2.0,3.0,11.765796249999983,1.3031999999999968,33
619cdd6745851b2ed2431604,low_WSe2,0.0,3.0,3.0,0.431219530000078,1.8170999999999964,33
619cdd6745851b2ed2431605,low_WSe2,3.0,0.0,3.0,50.70752378000007,0.1196000000000001,33
619cdd6745851b2ed2431606,low_WSe2,3.0,0.0,3.0,50.51924689999996,0.2129999999999992,33
619cdd6745851b2ed2431607,low_WSe2,1.0,2.0,3.0,11.762157319999904,1.2997000000000014,33
619cdd6745851b2ed2431608,low_WSe2,2.0,1.0,3.0,39.23610400000011,0.1503999999999994,33
619cdd6745851b2ed2431609,low_WSe2,0.0,3.0,3.0,0.4276009199999748,1.8303999999999971,33
619cdd6745851b2ed243160a,low_WSe2,2.0,1.0,3.0,39.207513590000005,0.2125000000000003,33
619cdd6845851b2ed243160b,low_WSe2,2.0,1.0,3.0,23.138981919999917,1.2742000000000004,33
619cdd6845851b2ed243160c,low_WSe2,2.0,1.0,3.0,23.04394187999996,1.1206999999999994,33
619cdd6845851b2ed243160d,low_WSe2,2.0,1.0,3.0,39.234886730000014,0.1932999999999989,33
619cdd6845851b2ed243160e,low_WSe2,3.0,0.0,3.0,50.51548104000003,0.2175000000000011,33
619cdd6845851b2ed243160f,low_WSe2,0.0,3.0,3.0,0.4274751600000286,1.828400000000002,33
619cdd6845851b2ed2431610,low_WSe2,2.0,1.0,3.0,39.23555483,0.1970000000000009,33
619cdd6845851b2ed2431611,low_WSe2,2.0,1.0,3.0,39.230982529999935,0.1961999999999992,33
619cdd6845851b2ed2431612,low_WSe2,3.0,0.0,3.0,50.58945552999999,0.2197999999999993,33
619cdd6845851b2ed2431613,low_WSe2,3.0,0.0,3.0,50.15449060000001,0.2601000000000013,33
619cdd6845851b2ed2431614,low_WSe2,3.0,0.0,3.0,50.00084561999993,0.1752000000000002,33
619cdd6845851b2ed2431615,low_WSe2,2.0,1.0,3.0,39.26710213999995,0.1950000000000002,33
619cdd6845851b2ed2431616,low_WSe2,1.0,2.0,3.0,27.91855129999999,0.1990999999999996,33
619cdd6845851b2ed2431617,low_WSe2,2.0,1.0,3.0,23.11984190000002,1.2682999999999964,33
619cdd6845851b2ed2431618,low_WSe2,1.0,2.0,3.0,27.92396020000001,0.1895000000000006,33
619cdd6845851b2ed2431619,low_WSe2,1.0,2.0,3.0,11.76760766999995,1.2934999999999943,33
619cdd6845851b2ed243161a,low_WSe2,1.0,2.0,3.0,11.75264530000003,1.3006000000000029,33
619cdd6845851b2ed243161b,low_WSe2,1.0,2.0,3.0,11.771594750000066,1.3011000000000053,33
619cdd6845851b2ed243161c,low_WSe2,1.0,2.0,3.0,27.91600126000003,0.1976999999999993,33
619cdd6845851b2ed243161d,low_WSe2,0.0,3.0,3.0,0.4274594400000637,1.830299999999994,33
619cdd6845851b2ed243161e,low_WSe2,1.0,2.0,3.0,28.00004304999993,0.2642000000000006,33
619cdd6845851b2ed243161f,low_WSe2,2.0,1.0,3.0,39.23551892000005,0.1970000000000009,33
619cdd6845851b2ed2431620,low_WSe2,2.0,1.0,3.0,39.252903630000034,0.1994000000000007,33
619cdd6845851b2ed2431621,low_WSe2,1.0,2.0,3.0,11.788314990000108,1.1610000000000014,33
619cdd6845851b2ed2431622,low_WSe2,2.0,1.0,3.0,37.583721380000085,0.6537000000000006,33
619cdd6845851b2ed2431623,low_WSe2,2.0,1.0,3.0,23.120050479999957,1.1490999999999971,33
619cdd6845851b2ed2431624,low_WSe2,1.0,2.0,3.0,11.775762669999938,1.304300000000005,33
619cdd6845851b2ed2431625,low_WSe2,1.0,2.0,3.0,11.765103700000044,1.3019999999999996,33
619cdd6845851b2ed2431626,low_WSe2,2.0,1.0,3.0,39.23893011999989,0.1819000000000006,33
619cdd6845851b2ed2431627,low_WSe2,1.0,2.0,3.0,11.783960330000117,1.2697000000000005,33
619cdd6845851b2ed2431628,low_WSe2,3.0,0.0,3.0,50.51409782000005,0.2118000000000002,33
619cdd6845851b2ed2431629,low_WSe2,2.0,1.0,3.0,39.19322691999996,0.2035999999999997,33
619cdd6845851b2ed243162a,low_WSe2,0.0,3.0,3.0,0.4286585199999422,1.8324,33
619cdd6845851b2ed243162b,low_WSe2,1.0,2.0,3.0,11.773776680000072,1.2987000000000035,33
619cdd6845851b2ed243162c,low_WSe2,1.0,2.0,3.0,11.774078270000008,1.3031000000000006,33
619cdd6845851b2ed243162d,low_WSe2,2.0,1.0,3.0,23.10985906999989,1.281799999999997,33
619cdd6845851b2ed243162e,low_WSe2,1.0,2.0,3.0,27.87675227,0.1742000000000008,33
619cdd6845851b2ed243162f,low_WSe2,0.0,3.0,3.0,0.4531875500001092,1.8288999999999973,33
619cdd6845851b2ed2431630,low_WSe2,0.0,3.0,3.0,0.4294011900000782,1.826499999999996,33
619cdd6845851b2ed2431631,low_WSe2,0.0,3.0,3.0,0.4335959700001126,1.828800000000001,33
619cdd6845851b2ed2431632,low_WSe2,2.0,1.0,3.0,39.229335600000056,0.1512000000000011,33
619cdd6845851b2ed2431633,low_WSe2,0.0,3.0,3.0,0.4294333899999287,1.8327999999999989,33
619cdd6845851b2ed2431634,low_WSe2,2.0,1.0,3.0,23.091397740000083,1.244799999999998,33
619cdd6845851b2ed2431635,low_WSe2,2.0,1.0,3.0,39.251786970000055,0.1887000000000007,33
619cdd6845851b2ed2431636,low_WSe2,1.0,2.0,3.0,28.000750059999973,0.2619000000000007,33
619cdd6845851b2ed2431637,low_WSe2,1.0,2.0,3.0,11.774709230000088,1.284399999999998,33
619cdd6845851b2ed2431638,low_WSe2,2.0,1.0,3.0,22.579721999999983,1.2457000000000065,33
619cdd6845851b2ed2431639,low_WSe2,2.0,1.0,3.0,39.32980116000003,0.2678999999999991,33
619cdd6845851b2ed243163a,low_WSe2,0.0,3.0,3.0,0.428036610000106,1.8280999999999992,33
619cdd6845851b2ed243163b,low_WSe2,2.0,1.0,3.0,39.17753991999989,0.2271999999999998,33
619cdd6845851b2ed243163c,low_WSe2,2.0,1.0,3.0,38.63460977000004,0.1875,33
619cdd6845851b2ed243163d,low_WSe2,2.0,1.0,3.0,23.113507829999925,1.2839000000000027,33
619cdd6845851b2ed243163e,low_WSe2,2.0,1.0,3.0,39.28716151999997,0.1698000000000004,33
619cdd6845851b2ed243163f,low_WSe2,1.0,2.0,3.0,27.99297765999995,0.2643000000000004,33
619cdd6845851b2ed2431640,low_WSe2,1.0,2.0,3.0,27.934918169999943,0.1875,33
619cdd6845851b2ed2431641,low_WSe2,3.0,0.0,3.0,50.671236980000096,0.2744999999999997,33
619cdd6845851b2ed2431642,low_WSe2,2.0,1.0,3.0,38.638235189999975,0.1969999999999991,33
619cdd6845851b2ed2431643,low_WSe2,2.0,1.0,3.0,39.30609422999992,0.1620000000000008,33
619cdd6845851b2ed2431644,low_WSe2,2.0,1.0,3.0,39.33384202000006,0.2522999999999999,33
619cdd6845851b2ed2431645,low_WSe2,3.0,0.0,3.0,49.99197310999998,0.25,33
619cdd6845851b2ed2431646,low_WSe2,2.0,1.0,3.0,39.34445260000011,0.2712000000000003,33
619cdd6845851b2ed2431647,low_WSe2,3.0,0.0,3.0,50.56348816,0.2006999999999994,33
619cdd6845851b2ed2431648,low_WSe2,1.0,2.0,3.0,11.77465305999998,1.299900000000001,33
619cdd6845851b2ed2431649,low_WSe2,1.0,2.0,3.0,27.915193959999897,0.1974,33
619cdd6845851b2ed243164a,low_WSe2,1.0,2.0,3.0,11.782780750000018,1.2941000000000005,33
619cdd6845851b2ed243164b,low_WSe2,1.0,2.0,3.0,28.00750543999993,0.232800000000001,33
619cdd6845851b2ed243164c,low_WSe2,2.0,1.0,3.0,39.22077964000009,0.2197999999999993,33
619cdd6845851b2ed243164d,low_WSe2,1.0,2.0,3.0,27.99799819000009,0.2663000000000011,33
619cdd6845851b2ed243164e,low_WSe2,2.0,1.0,3.0,39.21648931999998,0.1750000000000007,33
619cdd6845851b2ed243164f,low_WSe2,2.0,1.0,3.0,39.24285571,0.1880000000000006,33
619cdd6845851b2ed2431650,low_WSe2,1.0,2.0,3.0,27.935194279999905,0.1934000000000004,33
619cdd6845851b2ed2431651,low_WSe2,2.0,1.0,3.0,22.59090917999996,1.2485,33
619cdd6845851b2ed2431652,low_WSe2,1.0,2.0,3.0,11.766813070000117,1.3018999999999965,33
619cdd6845851b2ed2431653,low_WSe2,1.0,2.0,3.0,11.800021129999994,1.292899999999996,33
619cdd6845851b2ed2431654,low_WSe2,1.0,2.0,3.0,11.786156729999892,1.2956000000000003,33
619cdd6845851b2ed2431655,low_WSe2,1.0,2.0,3.0,27.879700779999894,0.1733000000000011,33
619cdd6845851b2ed2431656,low_WSe2,1.0,2.0,3.0,11.758735000000105,1.301700000000004,33
619cdd6845851b2ed2431657,low_WSe2,2.0,1.0,3.0,39.24046705999994,0.1981000000000001,33
619cdd6845851b2ed2431658,low_WSe2,1.0,2.0,3.0,27.920127009999987,0.2018000000000004,33
619cdd6845851b2ed2431659,low_WSe2,3.0,0.0,3.0,49.96383544,0.1903999999999985,33
619cdd6845851b2ed243165a,low_WSe2,1.0,2.0,3.0,27.9503871899999,0.1658999999999988,33
619cdd6945851b2ed243165b,low_WSe2,1.0,2.0,3.0,28.0154096199999,0.2482999999999986,33
619cdd6945851b2ed243165c,low_WSe2,1.0,2.0,3.0,11.769226610000022,1.299199999999999,33
619cdd6945851b2ed243165d,low_WSe2,0.0,3.0,3.0,0.4269541699999877,1.8314999999999984,33
619cdd6945851b2ed243165e,low_WSe2,2.0,1.0,3.0,23.112138360000053,1.2011000000000038,33
619cdd6945851b2ed243165f,low_WSe2,1.0,2.0,3.0,11.767083030000084,1.2926000000000002,33
619cdd6945851b2ed2431660,low_WSe2,3.0,0.0,3.0,50.58672308000005,0.2203999999999997,33
619cdd6945851b2ed2431661,low_WSe2,2.0,1.0,3.0,39.25759694000003,0.1959999999999997,33
619cdd6945851b2ed2431662,low_WSe2,1.0,1.0,2.0,13.433006920000096,1.298099999999998,34
619cdd6945851b2ed2431663,low_WSe2,0.0,3.0,3.0,0.4542211299998939,1.8325999999999996,33
619cdd6945851b2ed2431664,low_WSe2,0.0,3.0,3.0,0.4266062200001101,1.8267999999999984,33
619cdd6945851b2ed2431665,low_WSe2,1.0,2.0,3.0,27.937080530000003,0.1844999999999999,33
619cdd6945851b2ed2431666,low_WSe2,1.0,2.0,3.0,28.066686910000044,0.2797999999999998,33
619cdd6945851b2ed2431667,low_WSe2,3.0,0.0,3.0,48.62727836999998,0.462299999999999,33
619cdd6945851b2ed2431668,low_WSe2,2.0,1.0,3.0,39.22083372999991,0.1471,33
619cdd6945851b2ed2431669,low_WSe2,0.0,3.0,3.0,0.4293678299999897,1.8303999999999971,33
619cdd6945851b2ed243166a,low_WSe2,2.0,1.0,3.0,23.12531257000004,1.2805000000000035,33
619cdd6945851b2ed243166b,low_WSe2,1.0,2.0,3.0,11.749138419999998,1.295500000000004,33
619cdd6945851b2ed243166c,low_WSe2,2.0,1.0,3.0,39.24456708000007,0.1938999999999993,33
619cdd6945851b2ed243166d,low_WSe2,1.0,2.0,3.0,11.768249660000029,1.3019999999999996,33
619cdd6945851b2ed243166e,low_WSe2,1.0,2.0,3.0,27.99488210999993,0.2639999999999993,33
619cdd6945851b2ed243166f,low_WSe2,2.0,1.0,3.0,39.20869619999989,0.2041000000000004,33
619cdd6945851b2ed2431670,low_WSe2,1.0,2.0,3.0,11.772721580000042,1.2832000000000008,33
619cdd6945851b2ed2431671,low_WSe2,2.0,1.0,3.0,39.22586228000005,0.1471,33
619cdd6945851b2ed2431672,low_WSe2,1.0,2.0,3.0,11.752401239999916,1.295500000000004,33
619cdd6945851b2ed2431673,low_WSe2,1.0,2.0,3.0,27.919051800000037,0.1958000000000002,33
619cdd6945851b2ed2431674,low_WSe2,2.0,1.0,3.0,39.24618278000007,0.1976000000000013,33
619cdd6945851b2ed2431675,low_WSe2,2.0,1.0,3.0,23.107888739999943,1.2464000000000013,33
619cdd6945851b2ed2431676,low_WSe2,2.0,1.0,3.0,23.12307037999998,1.2648999999999972,33
619cdd6945851b2ed2431677,low_WSe2,1.0,2.0,3.0,11.74914689000001,1.2963999999999984,33
619cdd6945851b2ed2431678,low_WSe2,1.0,2.0,3.0,27.91543853999997,0.1914999999999995,33
619cdd6945851b2ed2431679,low_WSe2,2.0,1.0,3.0,38.63424723000007,0.1892999999999993,33
619cdd6945851b2ed243167a,low_WSe2,2.0,1.0,3.0,23.119365099999904,1.2817000000000007,33
619cdd6945851b2ed243167b,low_WSe2,0.0,3.0,3.0,0.4366487900001061,1.822699999999997,33
619cdd6945851b2ed243167c,low_WSe2,2.0,1.0,3.0,23.11515179999996,1.2642999999999986,33
619cdd6945851b2ed243167d,low_WSe2,2.0,1.0,3.0,39.15839688999999,0.1951999999999998,33
619cdd6945851b2ed243167e,low_WSe2,2.0,1.0,3.0,39.23581698999992,0.1930999999999993,33
619cdd6945851b2ed243167f,low_WSe2,2.0,1.0,3.0,23.099235930000116,1.2567999999999984,33
619cdd6945851b2ed2431680,low_WSe2,1.0,2.0,3.0,11.773222569999906,1.3028000000000048,33
619cdd6945851b2ed2431681,low_WSe2,3.0,0.0,3.0,50.5882376999999,0.2711000000000005,33
619cdd6945851b2ed2431682,low_WSe2,2.0,1.0,3.0,39.19569039999992,0.208499999999999,33
619cdd6945851b2ed2431683,low_WSe2,2.0,1.0,3.0,23.082619430000054,1.2180999999999995,33
619cdd6945851b2ed2431684,low_WSe2,1.0,2.0,3.0,11.77505954000002,1.3006000000000029,33
619cdd6945851b2ed2431685,low_WSe2,1.0,2.0,3.0,27.917839790000016,0.190199999999999,33
619cdd6945851b2ed2431686,low_WSe2,0.0,3.0,3.0,0.4253246000000104,1.8238999999999947,33
619cdd6945851b2ed2431687,low_WSe2,1.0,2.0,3.0,11.799131060000024,1.140100000000004,33
619cdd6945851b2ed2431688,low_WSe2,2.0,1.0,3.0,39.22631789999996,0.1394999999999999,33
619cdd6945851b2ed2431689,low_WSe2,0.0,3.0,3.0,0.4285797500000967,1.8303999999999971,33
619cdd6945851b2ed243168a,low_WSe2,3.0,0.0,3.0,50.57343307999995,0.1987000000000005,33
619cdd6945851b2ed243168b,low_WSe2,3.0,0.0,3.0,50.48230789999989,0.2322000000000006,33
619cdd6945851b2ed243168c,low_WSe2,1.0,2.0,3.0,11.765666210000052,1.3040999999999985,33
619cdd6945851b2ed243168d,low_WSe2,3.0,0.0,3.0,50.48709386000005,0.1503999999999994,33
619cdd6945851b2ed243168e,low_WSe2,2.0,0.0,2.0,19.378606599999948,1.2719000000000005,34
619cdd6945851b2ed243168f,low_WSe2,2.0,1.0,3.0,23.08241365000007,1.2563999999999993,33
619cdd6945851b2ed2431690,low_WSe2,1.0,2.0,3.0,28.05182375999993,0.2811000000000003,33
619cdd6945851b2ed2431691,low_WSe2,1.0,2.0,3.0,28.063516519999894,0.2802000000000006,33
619cdd6945851b2ed2431692,low_WSe2,2.0,1.0,3.0,23.10121873999996,1.264000000000003,33
619cdd6945851b2ed2431693,low_WSe2,1.0,2.0,3.0,28.04406212999993,0.2146000000000008,33
619cdd6945851b2ed2431694,low_WSe2,2.0,1.0,3.0,23.09499572000008,1.264800000000001,33
619cdd6945851b2ed2431695,low_WSe2,1.0,2.0,3.0,11.77393034999999,1.3019999999999996,33
619cdd6945851b2ed2431696,low_WSe2,1.0,2.0,3.0,11.78887052999993,1.3014999999999972,33
619cdd6945851b2ed2431697,low_WSe2,2.0,1.0,3.0,23.0359723500001,1.1161999999999992,33
619cdd6945851b2ed2431698,low_WSe2,1.0,2.0,3.0,27.88466552,0.1722999999999999,33
619cdd6945851b2ed2431699,low_WSe2,1.0,2.0,3.0,11.770832370000097,1.3012000000000017,33
619cdd6945851b2ed243169a,low_WSe2,2.0,1.0,3.0,39.25604073000004,0.1844999999999999,33
619cdd6945851b2ed243169b,low_WSe2,1.0,2.0,3.0,11.769780040000104,1.3004999999999995,33
619cdd6945851b2ed243169c,low_WSe2,2.0,1.0,3.0,39.245861449999936,0.1995000000000004,33
619cdd6945851b2ed243169d,low_WSe2,2.0,1.0,3.0,39.18883964000001,0.2101000000000006,33
619cdd6945851b2ed243169e,low_WSe2,2.0,1.0,3.0,39.24916583000008,0.1849000000000007,33
619cdd6945851b2ed243169f,low_WSe2,1.0,2.0,3.0,11.796504800000085,1.3002000000000038,33
619cdd6945851b2ed24316a0,low_WSe2,3.0,0.0,3.0,50.57997527000007,0.200099999999999,33
619cdd6945851b2ed24316a1,low_WSe2,2.0,1.0,3.0,39.24039227000007,0.1825999999999989,33
619cdd6945851b2ed24316a2,low_WSe2,2.0,1.0,3.0,39.196421659999984,0.2120999999999995,33
619cdd6945851b2ed24316a3,low_WSe2,2.0,1.0,3.0,39.22939152999997,0.1458999999999992,33
619cdd6945851b2ed24316a4,low_WSe2,1.0,2.0,3.0,11.76720851999993,1.3019000000000034,33
619cdd6945851b2ed24316a5,low_WSe2,1.0,2.0,3.0,27.92831503000002,0.1800999999999994,33
619cdd6945851b2ed24316a6,low_WSe2,1.0,2.0,3.0,11.768998660000069,1.2993000000000023,33
619cdd6945851b2ed24316a7,low_WSe2,2.0,1.0,3.0,39.19445716,0.2028999999999996,33
619cdd6945851b2ed24316a8,low_WSe2,1.0,2.0,3.0,28.063129720000006,0.279300000000001,33
619cdd6945851b2ed24316a9,low_WSe2,2.0,1.0,3.0,39.19631499000006,0.2050999999999998,33
619cdd6945851b2ed24316aa,low_WSe2,2.0,1.0,3.0,23.130348980000043,1.1388000000000034,33
619cdd6945851b2ed24316ab,low_WSe2,1.0,2.0,3.0,11.772417280000116,1.3037999999999954,33
619cdd6945851b2ed24316ac,low_WSe2,1.0,2.0,3.0,11.767585009999936,1.2975999999999956,33
619cdd6945851b2ed24316ad,low_WSe2,0.0,3.0,3.0,0.4299453900000003,1.8269999999999984,33
619cdd6a45851b2ed24316ae,low_WSe2,2.0,1.0,3.0,23.08685797000002,1.2009000000000043,33
619cdd6a45851b2ed24316af,low_WSe2,2.0,1.0,3.0,37.5815697200001,0.6597000000000008,33
619cdd6a45851b2ed24316b0,low_WSe2,2.0,0.0,2.0,19.36786455999998,1.267900000000001,34
619cdd6a45851b2ed24316b1,low_WSe2,2.0,1.0,3.0,39.23338910000011,0.202300000000001,33
619cdd6a45851b2ed24316b2,low_WSe2,1.0,2.0,3.0,11.747262320000107,1.2997000000000014,33
619cdd6a45851b2ed24316b3,low_WSe2,3.0,0.0,3.0,50.60862675000008,0.2712000000000003,33
619cdd6a45851b2ed24316b4,low_WSe2,2.0,1.0,3.0,23.11860337000011,1.281100000000002,33
619cdd6a45851b2ed24316b5,low_WSe2,2.0,1.0,3.0,39.18562230999992,0.2073,33
619cdd6a45851b2ed24316b6,low_WSe2,2.0,1.0,3.0,39.19860913000007,0.2057999999999999,33
619cdd6a45851b2ed24316b7,low_WSe2,0.0,3.0,3.0,0.4289824899998962,1.829899999999995,33
619cdd6a45851b2ed24316b8,low_WSe2,3.0,0.0,3.0,49.93750572999998,0.1762999999999994,33
619cdd6a45851b2ed24316b9,low_WSe2,2.0,1.0,3.0,23.139118899999893,1.1814999999999998,33
619cdd6a45851b2ed24316ba,low_WSe2,2.0,1.0,3.0,39.23864170000006,0.1912000000000002,33
619cdd6a45851b2ed24316bb,low_WSe2,2.0,1.0,3.0,23.11696510000005,1.2021000000000015,33
619cdd6a45851b2ed24316bc,low_WSe2,1.0,1.0,2.0,29.65714308999994,0.2632999999999992,34
619cdd6a45851b2ed24316bd,low_WSe2,1.0,2.0,3.0,11.786205910000024,1.1567000000000007,33
619cdd6a45851b2ed24316be,low_WSe2,2.0,1.0,3.0,39.209335569999936,0.2049000000000003,33
619cdd6a45851b2ed24316bf,low_WSe2,1.0,2.0,3.0,11.768228829999988,1.296599999999998,33
619cdd6a45851b2ed24316c0,low_WSe2,1.0,2.0,3.0,27.914021820000016,0.1856999999999988,33
619cdd6a45851b2ed24316c1,low_WSe2,1.0,2.0,3.0,11.76012809000007,1.2975999999999956,33
619cdd6a45851b2ed24316c2,low_WSe2,0.0,3.0,3.0,0.4298130700000797,1.8303000000000007,33
619cdd6a45851b2ed24316c3,low_WSe2,1.0,2.0,3.0,11.766473990000112,1.2998000000000047,33
619cdd6a45851b2ed24316c4,low_WSe2,0.0,3.0,3.0,0.4326562900000112,1.817700000000002,33
619cdd6a45851b2ed24316c5,low_WSe2,1.0,2.0,3.0,11.791702160000105,1.2678000000000011,33
619cdd6a45851b2ed24316c6,low_WSe2,1.0,2.0,3.0,11.796623299999954,1.3000000000000045,33
619cdd6a45851b2ed24316c7,low_WSe2,2.0,1.0,3.0,39.23483270999991,0.2008000000000009,33
619cdd6a45851b2ed24316c8,low_WSe2,1.0,2.0,3.0,11.767364150000038,1.2975999999999956,33
619cdd6a45851b2ed24316c9,low_WSe2,3.0,0.0,3.0,48.88797553000004,0.6181000000000001,33
619cdd6a45851b2ed24316ca,low_WSe2,2.0,1.0,3.0,23.10490503000009,1.258900000000004,33
619cdd6a45851b2ed24316cb,low_WSe2,3.0,0.0,3.0,50.59287000000004,0.2192000000000007,33
619cdd6a45851b2ed24316cc,low_WSe2,2.0,1.0,3.0,39.24691166999996,0.2012,33
619cdd6a45851b2ed24316cd,low_WSe2,2.0,1.0,3.0,23.10068598999991,1.2817000000000007,33
619cdd6a45851b2ed24316ce,low_WSe2,2.0,1.0,3.0,23.031300820000105,1.117600000000003,33
619cdd6a45851b2ed24316cf,low_WSe2,2.0,1.0,3.0,23.12078716,1.2462000000000018,33
619cdd6a45851b2ed24316d0,low_WSe2,0.0,3.0,3.0,0.4567057099999942,1.8271999999999975,33
619cdd6a45851b2ed24316d1,low_WSe2,0.0,3.0,3.0,0.4285578099999725,1.8301999999999976,33
619cdd6a45851b2ed24316d2,low_WSe2,2.0,1.0,3.0,37.57878480999993,0.6589000000000009,33
619cdd6a45851b2ed24316d3,low_WSe2,2.0,1.0,3.0,39.23325277000008,0.1981999999999999,33
619cdd6a45851b2ed24316d4,low_WSe2,1.0,2.0,3.0,11.746333210000092,1.301000000000002,33
619cdd6a45851b2ed24316d5,low_WSe2,1.0,2.0,3.0,27.92435533999992,0.1896000000000004,33
619cdd6a45851b2ed24316d6,low_WSe2,2.0,1.0,3.0,39.239848969999954,0.1963000000000008,33
619cdd6a45851b2ed24316d7,low_WSe2,2.0,1.0,3.0,37.575780949999896,0.6589999999999989,33
619cdd6a45851b2ed24316d8,low_WSe2,2.0,1.0,3.0,39.24612445999996,0.1938000000000013,33
619cdd6a45851b2ed24316d9,low_WSe2,1.0,2.0,3.0,11.774752199999956,1.2963999999999984,33
619cdd6a45851b2ed24316da,low_WSe2,2.0,1.0,3.0,23.27375108999994,0.8594000000000008,33
619cdd6a45851b2ed24316db,low_WSe2,2.0,1.0,3.0,39.17962926999989,0.2167000000000012,33
619cdd6a45851b2ed24316dc,low_WSe2,1.0,2.0,3.0,11.77521296000008,1.2998000000000047,33
619cdd6a45851b2ed24316dd,low_WSe2,0.0,3.0,3.0,0.4287505900001065,1.8284999999999985,33
619cdd6a45851b2ed24316de,low_WSe2,3.0,0.0,3.0,49.96876376999999,0.1932999999999989,33
619cdd6a45851b2ed24316df,low_WSe2,1.0,1.0,2.0,29.589617310000072,0.1922999999999994,34
619cdd6a45851b2ed24316e0,low_WSe2,2.0,1.0,3.0,22.5846450500001,1.245800000000003,33
619cdd6a45851b2ed24316e1,low_WSe2,2.0,1.0,3.0,39.19719631000002,0.2103000000000001,33
619cdd6a45851b2ed24316e2,low_WSe2,2.0,1.0,3.0,23.13008031999997,1.267400000000002,33
619cdd6a45851b2ed24316e3,low_WSe2,3.0,0.0,3.0,50.10767126000005,0.1988000000000003,33
619cdd6a45851b2ed24316e4,low_WSe2,3.0,0.0,3.0,48.90721560000007,0.5990000000000002,33
619cdd6a45851b2ed24316e5,low_WSe2,1.0,2.0,3.0,11.768708020000066,1.297699999999999,33
619cdd6a45851b2ed24316e6,low_WSe2,1.0,2.0,3.0,11.772535880000069,1.2988999999999962,33
619cdd6a45851b2ed24316e7,low_WSe2,1.0,2.0,3.0,11.774226060000036,1.3041000000000054,33
619cdd6a45851b2ed24316e8,low_WSe2,1.0,2.0,3.0,11.754052510000054,1.2982000000000014,33
619cdd6a45851b2ed24316e9,low_WSe2,2.0,1.0,3.0,23.125147320000032,1.137999999999998,33
619cdd6a45851b2ed24316ea,low_WSe2,2.0,1.0,3.0,39.20217134999989,0.1767000000000003,33
619cdd6a45851b2ed24316eb,low_WSe2,0.0,3.0,3.0,0.4370976600000062,1.823599999999999,33
619cdd6a45851b2ed24316ec,low_WSe2,1.0,2.0,3.0,11.776750080000046,1.2809999999999988,33
619cdd6a45851b2ed24316ed,low_WSe2,3.0,0.0,3.0,49.94792541999991,0.2049000000000003,33
619cdd6a45851b2ed24316ee,low_WSe2,1.0,2.0,3.0,11.755368119999948,1.296999999999997,33
619cdd6a45851b2ed24316ef,low_WSe2,0.0,3.0,3.0,0.4290672500000596,1.830500000000001,33
619cdd6a45851b2ed24316f0,low_WSe2,3.0,0.0,3.0,49.86417981000009,0.2059999999999995,33
619cdd6a45851b2ed24316f1,low_WSe2,1.0,2.0,3.0,11.77269126000009,1.283699999999996,33
619cdd6a45851b2ed24316f2,low_WSe2,1.0,2.0,3.0,11.762786920000044,1.299900000000001,33
619cdd6a45851b2ed24316f3,low_WSe2,2.0,1.0,3.0,23.08979135999997,1.2792999999999992,33
619cdd6a45851b2ed24316f4,low_WSe2,3.0,0.0,3.0,48.93647147000011,0.6084999999999994,33
619cdd6a45851b2ed24316f5,low_WSe2,1.0,2.0,3.0,27.916950080000102,0.1920999999999999,33
619cdd6a45851b2ed24316f6,low_WSe2,2.0,1.0,3.0,38.63258883000008,0.1896000000000004,33
619cdd6a45851b2ed24316f7,low_WSe2,1.0,2.0,3.0,11.776776429999916,1.3000000000000045,33
619cdd6a45851b2ed24316f8,low_WSe2,1.0,2.0,3.0,27.87632241999995,0.1754999999999995,33
619cdd6a45851b2ed24316f9,low_WSe2,0.0,3.0,3.0,0.4294672299999433,1.830999999999996,33
619cdd6a45851b2ed24316fa,low_WSe2,1.0,2.0,3.0,11.770339550000006,1.3038999999999987,33
619cdd6a45851b2ed24316fb,low_WSe2,2.0,1.0,3.0,39.1863988999999,0.2086999999999985,33
619cdd6a45851b2ed24316fc,low_WSe2,0.0,3.0,3.0,0.4310264499999334,1.8241999999999976,33
619cdd6a45851b2ed24316fd,low_WSe2,0.0,3.0,3.0,0.4282600000000798,1.826500000000003,33
619cdd6a45851b2ed24316fe,low_WSe2,2.0,1.0,3.0,37.57772161999996,0.6555,33
619cdd6a45851b2ed24316ff,low_WSe2,1.0,2.0,3.0,11.785033070000043,1.2683999999999995,33
619cdd6b45851b2ed2431700,low_WSe2,2.0,1.0,3.0,38.775293669999925,0.1834000000000006,33
619cdd6b45851b2ed2431701,low_WSe2,1.0,2.0,3.0,11.769397640000069,1.300699999999999,33
619cdd6b45851b2ed2431702,low_WSe2,3.0,0.0,3.0,50.67806430000005,0.2491000000000003,33
619cdd6b45851b2ed2431703,low_WSe2,1.0,2.0,3.0,11.74960291000001,1.299599999999998,33
619cdd6b45851b2ed2431704,low_WSe2,2.0,1.0,3.0,39.19714941000011,0.1809000000000011,33
619cdd6b45851b2ed2431705,low_WSe2,1.0,2.0,3.0,11.755789820000007,1.3029999999999973,33
619cdd6b45851b2ed2431706,low_WSe2,3.0,0.0,3.0,50.55824212999992,0.1455999999999999,33
619cdd6b45851b2ed2431707,low_WSe2,1.0,2.0,3.0,11.770359589999988,1.286200000000001,33
619cdd6b45851b2ed2431708,low_WSe2,1.0,2.0,3.0,11.765223430000097,1.3028000000000048,33
619cdd6b45851b2ed2431709,low_WSe2,3.0,0.0,3.0,50.58163662000002,0.1860000000000017,33
619cdd6b45851b2ed243170a,low_WSe2,2.0,1.0,3.0,39.239023010000025,0.1942000000000003,33
619cdd6b45851b2ed243170b,low_WSe2,1.0,2.0,3.0,11.767999890000045,1.2971000000000004,33
619cdd6b45851b2ed243170c,low_WSe2,3.0,0.0,3.0,48.91166007999991,0.5975999999999999,33
619cdd6b45851b2ed243170d,low_WSe2,0.0,3.0,3.0,0.4294801000000348,1.828400000000002,33
619cdd6b45851b2ed243170e,low_WSe2,1.0,2.0,3.0,11.773837250000032,1.2950000000000017,33
619cdd6b45851b2ed243170f,low_WSe2,1.0,2.0,3.0,11.765080760000036,1.295199999999994,33
619cdd6b45851b2ed2431710,low_WSe2,1.0,2.0,3.0,27.93136376999996,0.190199999999999,33
619cdd6b45851b2ed2431711,low_WSe2,0.0,3.0,3.0,0.4284988000001135,1.8252000000000024,33
619cdd6b45851b2ed2431712,low_WSe2,1.0,2.0,3.0,28.06206021999992,0.2850999999999999,33
619cdd6b45851b2ed2431713,low_WSe2,1.0,2.0,3.0,11.77684595000004,1.2953999999999937,33
619cdd6b45851b2ed2431714,low_WSe2,0.0,3.0,3.0,0.4285846600000127,1.8299999999999983,33
619cdd6b45851b2ed2431715,low_WSe2,0.0,3.0,3.0,0.4256545000000074,1.8207999999999984,33
619cdd6b45851b2ed2431716,low_WSe2,0.0,3.0,3.0,0.4283543599999007,1.816699999999997,33
619cdd6b45851b2ed2431717,low_WSe2,2.0,1.0,3.0,39.32368989999991,0.2727000000000004,33
619cdd6b45851b2ed2431718,low_WSe2,1.0,2.0,3.0,27.92139980999991,0.1959999999999997,33
619cdd6b45851b2ed2431719,low_WSe2,3.0,0.0,3.0,49.985818210000026,0.1980999999999984,33
619cdd6b45851b2ed243171a,low_WSe2,0.0,3.0,3.0,0.4311731800000302,1.8224000000000016,33
619cdd6b45851b2ed243171b,low_WSe2,1.0,2.0,3.0,11.78080649000002,1.293300000000002,33
619cdd6b45851b2ed243171c,low_WSe2,2.0,1.0,3.0,39.33010865999999,0.2190999999999991,33
619cdd6b45851b2ed243171d,low_WSe2,1.0,2.0,3.0,11.784248859999924,1.2916999999999987,33
619cdd6b45851b2ed243171e,low_WSe2,3.0,0.0,3.0,50.57488868000005,0.2101000000000006,33
619cdd6b45851b2ed243171f,low_WSe2,1.0,2.0,3.0,28.052692149999984,0.2790999999999997,33
619cdd6b45851b2ed2431720,low_WSe2,1.0,2.0,3.0,27.99503475000006,0.2672999999999987,33
619cdd6b45851b2ed2431721,low_WSe2,1.0,2.0,3.0,11.772140269999898,1.3046000000000006,33
619cdd6b45851b2ed2431722,low_WSe2,1.0,2.0,3.0,11.765618370000071,1.297000000000004,33
619cdd6b45851b2ed2431723,low_WSe2,1.0,2.0,3.0,11.74320734999991,1.2918999999999985,33
619cdd6b45851b2ed2431724,low_WSe2,1.0,2.0,3.0,11.772656560000076,1.2986000000000004,33
619cdd6b45851b2ed2431725,low_WSe2,1.0,2.0,3.0,11.77041148000011,1.299199999999999,33
619cdd6b45851b2ed2431726,low_WSe2,2.0,1.0,3.0,39.24199251000009,0.2003999999999983,33
619cdd6b45851b2ed2431727,low_WSe2,1.0,2.0,3.0,11.767100689999996,1.2990999999999957,33
619cdd6b45851b2ed2431728,low_WSe2,2.0,1.0,3.0,39.23549168999993,0.1943000000000001,33
619cdd6b45851b2ed2431729,low_WSe2,3.0,0.0,3.0,50.58383093000007,0.2100999999999988,33
619cdd6b45851b2ed243172a,low_WSe2,1.0,2.0,3.0,11.78974932999994,1.302900000000001,33
619cdd6b45851b2ed243172b,low_WSe2,2.0,1.0,3.0,39.23066879999992,0.2041000000000004,33
619cdd6b45851b2ed243172c,low_WSe2,1.0,2.0,3.0,27.91254511000011,0.1910000000000007,33
619cdd6b45851b2ed243172d,low_WSe2,1.0,2.0,3.0,27.91897145999997,0.1952999999999995,33
619cdd6b45851b2ed243172e,low_WSe2,2.0,1.0,3.0,39.238545740000106,0.2032000000000007,33
619cdd6b45851b2ed243172f,low_WSe2,0.0,3.0,3.0,0.4274129100001005,1.824300000000001,33
619cdd6b45851b2ed2431730,low_WSe2,2.0,1.0,3.0,39.19801310000007,0.2055000000000006,33
619cdd6b45851b2ed2431731,low_WSe2,2.0,1.0,3.0,23.115553619999936,1.2652,33
619cdd6b45851b2ed2431732,low_WSe2,2.0,1.0,3.0,23.0808798200001,1.2446999999999946,33
619cdd6b45851b2ed2431733,low_WSe2,2.0,1.0,3.0,37.58506485999992,0.6443999999999992,33
619cdd6b45851b2ed2431734,low_WSe2,0.0,3.0,3.0,0.4303169700000921,1.829499999999996,33
619cdd6b45851b2ed2431735,low_WSe2,0.0,3.0,3.0,0.4328554499999768,1.8168999999999969,33
619cdd6b45851b2ed2431736,low_WSe2,2.0,1.0,3.0,23.093818269999964,1.2426999999999992,33
619cdd6b45851b2ed2431737,low_WSe2,1.0,2.0,3.0,11.785024380000085,1.1544999999999987,33
619cdd6b45851b2ed2431738,low_WSe2,3.0,0.0,3.0,50.50565354,0.2019999999999999,33
619cdd6b45851b2ed2431739,low_WSe2,2.0,1.0,3.0,39.25374577000007,0.1859000000000001,33
619cdd6b45851b2ed243173a,low_WSe2,1.0,2.0,3.0,11.771365779999986,1.2974999999999994,33
619cdd6b45851b2ed243173b,low_WSe2,2.0,1.0,3.0,39.25606567000004,0.1972000000000004,33
619cdd6b45851b2ed243173c,low_WSe2,1.0,2.0,3.0,11.783581749999929,1.1825000000000043,33
619cdd6b45851b2ed243173d,low_WSe2,2.0,1.0,3.0,39.23522351999991,0.1904000000000003,33
619cdd6b45851b2ed243173e,low_WSe2,1.0,2.0,3.0,27.912850330000083,0.1973000000000002,33
619cdd6b45851b2ed243173f,low_WSe2,3.0,0.0,3.0,50.66454305000011,0.1790000000000002,33
619cdd6b45851b2ed2431740,low_WSe2,2.0,1.0,3.0,39.38277477999991,0.2711000000000005,33
619cdd6b45851b2ed2431741,low_WSe2,2.0,1.0,3.0,39.25039526000005,0.1935000000000002,33
619cdd6b45851b2ed2431742,low_WSe2,2.0,1.0,3.0,23.12733886999994,1.2819000000000005,33
619cdd6b45851b2ed2431743,low_WSe2,2.0,1.0,3.0,39.23276784,0.1969000000000011,33
619cdd6b45851b2ed2431744,low_WSe2,2.0,1.0,3.0,39.338969250000034,0.2712000000000003,33
619cdd6b45851b2ed2431745,low_WSe2,2.0,1.0,3.0,39.23814670000006,0.1994999999999986,33
619cdd6b45851b2ed2431746,low_WSe2,2.0,1.0,3.0,37.58260664000004,0.6553000000000004,33
619cdd6b45851b2ed2431747,low_WSe2,3.0,0.0,3.0,49.991391099999966,0.186399999999999,33
619cdd6b45851b2ed2431748,low_WSe2,1.0,2.0,3.0,11.768441149999934,1.3002000000000038,33
619cdd6b45851b2ed2431749,low_WSe2,2.0,0.0,2.0,19.37623320000005,1.2628000000000004,34
619cdd6b45851b2ed243174a,low_WSe2,1.0,1.0,2.0,8.026984080000034,1.3019999999999996,34
619cdd6b45851b2ed243174b,low_WSe2,3.0,0.0,3.0,50.54833143000005,0.1778999999999992,33
619cdd6b45851b2ed243174c,low_WSe2,1.0,2.0,3.0,11.765983380000067,1.301000000000002,33
619cdd6b45851b2ed243174d,low_WSe2,2.0,1.0,3.0,23.146338640000103,1.1791000000000054,33
619cdd6b45851b2ed243174e,low_WSe2,2.0,1.0,3.0,39.23189914999993,0.1920000000000001,33
619cdd6b45851b2ed243174f,low_WSe2,0.0,3.0,3.0,0.4253843799999117,1.8245000000000005,33
619cdd6b45851b2ed2431750,low_WSe2,2.0,1.0,3.0,23.170364469999903,1.0922000000000054,33
619cdd6c45851b2ed2431751,low_WSe2,2.0,1.0,3.0,23.104562699999896,1.2860999999999976,33
619cdd6c45851b2ed2431752,low_WSe2,1.0,2.0,3.0,11.790940020000097,1.270699999999998,33
619cdd6c45851b2ed2431753,low_WSe2,0.0,3.0,3.0,0.4276810999999156,1.8253000000000057,33
619cdd6c45851b2ed2431754,low_WSe2,2.0,1.0,3.0,23.12635208999999,1.2768999999999977,33
619cdd6c45851b2ed2431755,low_WSe2,2.0,1.0,3.0,39.23370697999989,0.1906999999999996,33
619cdd6c45851b2ed2431756,low_WSe2,2.0,1.0,3.0,39.21855882000004,0.1871999999999989,33
619cdd6c45851b2ed2431757,low_WSe2,2.0,1.0,3.0,23.12579996000003,1.281400000000005,33
619cdd6c45851b2ed2431758,low_WSe2,2.0,1.0,3.0,39.19462363000007,0.2058999999999997,33
619cdd6c45851b2ed2431759,low_WSe2,0.0,3.0,3.0,0.4283069100001171,1.8277,33
619cdd6c45851b2ed243175a,low_WSe2,2.0,1.0,3.0,39.25798708000006,0.1913,33
619cdd6c45851b2ed243175b,low_WSe2,1.0,2.0,3.0,27.88161261999994,0.1734000000000009,33
619cdd6c45851b2ed243175c,low_WSe2,3.0,0.0,3.0,50.58193981000009,0.1485000000000003,33
619cdd6c45851b2ed243175d,low_WSe2,1.0,2.0,3.0,11.775014490000093,1.2834999999999963,33
619cdd6c45851b2ed243175e,low_WSe2,1.0,2.0,3.0,11.769097339999906,1.2994000000000057,33
619cdd6c45851b2ed243175f,low_WSe2,0.0,3.0,3.0,0.4547724400001129,1.8277,33
619cdd6c45851b2ed2431760,low_WSe2,1.0,2.0,3.0,11.763607009999976,1.3037000000000063,33
619cdd6c45851b2ed2431761,low_WSe2,1.0,2.0,3.0,27.99741685000004,0.2684999999999995,33
619cdd6c45851b2ed2431762,low_WSe2,2.0,1.0,3.0,39.19147552999998,0.2050999999999998,33
619cdd6c45851b2ed2431763,low_WSe2,2.0,1.0,3.0,23.118750579999904,1.1957999999999984,33
619cdd6c45851b2ed2431764,low_WSe2,0.0,3.0,3.0,0.4366267400000083,1.824600000000004,33
619cdd6c45851b2ed2431765,low_WSe2,1.0,2.0,3.0,27.91467923999994,0.1906999999999996,33
619cdd6c45851b2ed2431766,low_WSe2,2.0,1.0,3.0,37.57993715000002,0.6532,33
619cdd6c45851b2ed2431767,low_WSe2,1.0,2.0,3.0,11.76906131999998,1.2999999999999972,33
619cdd6c45851b2ed2431768,low_WSe2,0.0,3.0,3.0,0.4422694300000671,1.8042000000000016,33
619cdd6c45851b2ed2431769,low_WSe2,2.0,1.0,3.0,39.24850096999994,0.1931000000000011,33
619cdd6c45851b2ed243176a,low_WSe2,1.0,2.0,3.0,11.768291549999947,1.2994999999999948,33
619cdd6c45851b2ed243176b,low_WSe2,1.0,2.0,3.0,11.763988339999958,1.2988999999999962,33
619cdd6c45851b2ed243176c,low_WSe2,1.0,2.0,3.0,27.95849032000001,0.1639999999999997,33
619cdd6c45851b2ed243176d,low_WSe2,2.0,1.0,3.0,23.12313034999992,1.2840999999999951,33
619cdd6c45851b2ed243176e,low_WSe2,1.0,2.0,3.0,11.773351849999916,1.2990999999999957,33
619cdd6c45851b2ed243176f,low_WSe2,0.0,3.0,3.0,0.4302198699999167,1.8125,33
619cdd6c45851b2ed2431770,low_WSe2,0.0,3.0,3.0,0.4318436699999779,1.833600000000004,33
619cdd6c45851b2ed2431771,low_WSe2,2.0,1.0,3.0,23.10742720000011,1.2856000000000023,33
619cdd6c45851b2ed2431772,low_WSe2,2.0,1.0,3.0,38.63370824000008,0.1932000000000009,33
619cdd6c45851b2ed2431773,low_WSe2,2.0,1.0,3.0,39.223851150000016,0.1473000000000013,33
619cdd6c45851b2ed2431774,low_WSe2,1.0,2.0,3.0,27.919814009999985,0.1948999999999987,33
619cdd6c45851b2ed2431775,low_WSe2,3.0,0.0,3.0,50.12478326000005,0.2842000000000002,33
619cdd6c45851b2ed2431776,low_WSe2,2.0,1.0,3.0,23.1232374900001,1.2727999999999966,33
619cdd6c45851b2ed2431777,low_WSe2,1.0,2.0,3.0,28.05023972000004,0.2164000000000001,33
619cdd6c45851b2ed2431778,low_WSe2,1.0,2.0,3.0,11.786806130000048,1.2717000000000027,33
619cdd6c45851b2ed2431779,low_WSe2,1.0,2.0,3.0,11.78698435,1.2744,33
619cdd6c45851b2ed243177a,low_WSe2,1.0,2.0,3.0,27.88316959999997,0.1746999999999996,33
619cdd6c45851b2ed243177b,low_WSe2,2.0,1.0,3.0,39.23498470000008,0.1926999999999985,33
619cdd6c45851b2ed243177c,low_WSe2,2.0,1.0,3.0,23.27135976000003,0.8558999999999983,33
619cdd6c45851b2ed243177d,low_WSe2,1.0,2.0,3.0,11.772484359999895,1.3037999999999954,33
619cdd6c45851b2ed243177e,low_WSe2,1.0,2.0,3.0,27.91105816000004,0.1961999999999992,33
619cdd6c45851b2ed243177f,low_WSe2,1.0,2.0,3.0,27.879902440000023,0.1752000000000002,33
619cdd6c45851b2ed2431780,low_WSe2,3.0,0.0,3.0,50.53888519000007,0.1489999999999991,33
619cdd6c45851b2ed2431781,low_WSe2,3.0,0.0,3.0,50.50925345000005,0.2152999999999991,33
619cdd6c45851b2ed2431782,low_WSe2,0.0,3.0,3.0,0.4352755300000694,1.823999999999998,33
619cdd6c45851b2ed2431783,low_WSe2,2.0,0.0,2.0,19.381164659999904,1.2668,34
619cdd6c45851b2ed2431784,low_WSe2,0.0,3.0,3.0,0.4293382400000496,1.827300000000001,33
619cdd6c45851b2ed2431785,low_WSe2,2.0,1.0,3.0,39.22602280000005,0.1974999999999998,33
619cdd6c45851b2ed2431786,low_WSe2,2.0,1.0,3.0,23.06769839999996,1.213000000000001,33
619cdd6c45851b2ed2431787,low_WSe2,2.0,1.0,3.0,39.33938883,0.2530000000000001,33
619cdd6c45851b2ed2431788,low_WSe2,0.0,3.0,3.0,0.4279551999999853,1.8290000000000008,33
619cdd6c45851b2ed2431789,low_WSe2,2.0,1.0,3.0,23.11086955,1.284400000000005,33
619cdd6c45851b2ed243178a,low_WSe2,1.0,2.0,3.0,27.99931392999997,0.2643000000000004,33
619cdd6c45851b2ed243178b,low_WSe2,2.0,1.0,3.0,38.62814465000001,0.1882000000000001,33
619cdd6c45851b2ed243178c,low_WSe2,2.0,1.0,3.0,39.250057999999896,0.1914999999999995,33
619cdd6c45851b2ed243178d,low_WSe2,1.0,2.0,3.0,11.774395679999987,1.2993999999999986,33
619cdd6c45851b2ed243178e,low_WSe2,0.0,3.0,3.0,0.4283961800001066,1.8319000000000043,33
619cdd6c45851b2ed243178f,low_WSe2,3.0,0.0,3.0,50.61533126000004,0.2729999999999997,33
619cdd6c45851b2ed2431790,low_WSe2,2.0,1.0,3.0,39.24423523,0.2096999999999997,33
619cdd6c45851b2ed2431791,low_WSe2,1.0,2.0,3.0,11.786968540000078,1.272300000000001,33
619cdd6c45851b2ed2431792,low_WSe2,2.0,1.0,3.0,39.403251219999945,0.2865999999999999,33
619cdd6c45851b2ed2431793,low_WSe2,1.0,2.0,3.0,11.77167084000006,1.2993999999999986,33
619cdd6c45851b2ed2431794,low_WSe2,0.0,3.0,3.0,0.4330383400001096,1.818000000000005,33
619cdd6c45851b2ed2431795,low_WSe2,1.0,2.0,3.0,11.75188625999998,1.2802999999999969,33
619cdd6c45851b2ed2431796,low_WSe2,0.0,3.0,3.0,0.4294520000000261,1.8268999999999949,33
619cdd6c45851b2ed2431797,low_WSe2,1.0,2.0,3.0,11.772317469999953,1.3074000000000012,33
619cdd6c45851b2ed2431798,low_WSe2,3.0,0.0,3.0,50.158155799999896,0.2498000000000004,33
619cdd6c45851b2ed2431799,low_WSe2,0.0,3.0,3.0,0.4274926699999355,1.8248999999999995,33
619cdd6c45851b2ed243179a,low_WSe2,3.0,0.0,3.0,50.58053092000009,0.158100000000001,33
619cdd6c45851b2ed243179b,low_WSe2,2.0,1.0,3.0,39.30105938000001,0.2360000000000006,33
619cdd6c45851b2ed243179c,low_WSe2,2.0,1.0,3.0,23.10759476000002,1.2441999999999993,33
619cdd6c45851b2ed243179d,low_WSe2,1.0,2.0,3.0,11.773406479999938,1.3008999999999986,33
619cdd6c45851b2ed243179e,low_WSe2,1.0,2.0,3.0,27.91736306000007,0.1966000000000001,33
619cdd6c45851b2ed243179f,low_WSe2,2.0,1.0,3.0,39.27891623000009,0.1722999999999999,33
619cdd6c45851b2ed24317a0,low_WSe2,2.0,1.0,3.0,23.108919080000117,1.241499999999995,33
619cdd6c45851b2ed24317a1,low_WSe2,2.0,1.0,3.0,23.10565395999996,1.216700000000003,33
619cdd6c45851b2ed24317a2,low_WSe2,3.0,0.0,3.0,50.54564670999989,0.1710000000000011,33
619cdd6d45851b2ed24317a3,low_WSe2,0.0,3.0,3.0,0.4314362399999822,1.8301999999999976,33
619cdd6d45851b2ed24317a4,low_WSe2,2.0,1.0,3.0,39.23474156000002,0.2013999999999995,33
619cdd6d45851b2ed24317a5,low_WSe2,2.0,1.0,3.0,39.23847011999992,0.1956999999999986,33
619cdd6d45851b2ed24317a6,low_WSe2,1.0,2.0,3.0,27.91773459000001,0.1897999999999999,33
619cdd6d45851b2ed24317a7,low_WSe2,0.0,3.0,3.0,0.4595361300000036,1.813900000000004,33
619cdd6d45851b2ed24317a8,low_WSe2,1.0,2.0,3.0,11.771559960000094,1.3034000000000034,33
619cdd6d45851b2ed24317a9,low_WSe2,1.0,2.0,3.0,28.003347159999976,0.2555000000000014,33
619cdd6d45851b2ed24317aa,low_WSe2,1.0,2.0,3.0,11.763389519999908,1.300699999999999,33
619cdd6d45851b2ed24317ab,low_WSe2,2.0,1.0,3.0,39.24030255999996,0.2141999999999999,33
619cdd6d45851b2ed24317ac,low_WSe2,2.0,1.0,3.0,39.25832378999989,0.1857000000000006,33
619cdd6d45851b2ed24317ad,low_WSe2,2.0,1.0,3.0,23.099933929999946,1.2443999999999988,33
619cdd6d45851b2ed24317ae,low_WSe2,1.0,2.0,3.0,27.888707520000025,0.1714999999999999,33
619cdd6d45851b2ed24317af,low_WSe2,2.0,1.0,3.0,23.10894545,1.282599999999995,33
619cdd6d45851b2ed24317b0,low_WSe2,1.0,2.0,3.0,27.91566611999997,0.1958999999999999,33
619cdd6d45851b2ed24317b1,low_WSe2,2.0,1.0,3.0,23.10979408999996,1.270399999999995,33
619cdd6d45851b2ed24317b2,low_WSe2,3.0,0.0,3.0,50.57740653000005,0.1936,33
619cdd6d45851b2ed24317b3,low_WSe2,3.0,0.0,3.0,49.96549121999997,0.1866000000000003,33
619cdd6d45851b2ed24317b4,low_WSe2,2.0,1.0,3.0,23.12307308000008,1.2441999999999993,33
619cdd6d45851b2ed24317b5,low_WSe2,2.0,1.0,3.0,39.27630681999999,0.1684999999999998,33
619cdd6d45851b2ed24317b6,low_WSe2,1.0,2.0,3.0,28.073398219999945,0.2921999999999993,33
619cdd6d45851b2ed24317b7,low_WSe2,1.0,2.0,3.0,11.752242499999957,1.2970999999999933,33
619cdd6d45851b2ed24317b8,low_WSe2,3.0,0.0,3.0,50.59695814999996,0.1908999999999991,33
619cdd6d45851b2ed24317b9,low_WSe2,2.0,1.0,3.0,23.10461607999995,1.259599999999999,33
619cdd6d45851b2ed24317ba,low_WSe2,0.0,3.0,3.0,0.4295230699999024,1.8282999999999987,33
619cdd6d45851b2ed24317bb,low_WSe2,1.0,2.0,3.0,27.876679400000057,0.1753999999999997,33
619cdd6d45851b2ed24317bc,low_WSe2,2.0,1.0,3.0,39.23564308000009,0.1865000000000005,33
619cdd6d45851b2ed24317bd,low_WSe2,2.0,1.0,3.0,39.18840385000003,0.2110000000000003,33
619cdd6d45851b2ed24317be,low_WSe2,1.0,2.0,3.0,11.78325506000009,1.2712000000000003,33
619cdd6d45851b2ed24317bf,low_WSe2,2.0,1.0,3.0,39.18780161,0.2094000000000004,33
619cdd6d45851b2ed24317c0,low_WSe2,1.0,2.0,3.0,27.99716102999992,0.2629999999999999,33
619cdd6d45851b2ed24317c1,low_WSe2,1.0,2.0,3.0,27.995577480000065,0.2597000000000005,33
619cdd6d45851b2ed24317c2,low_WSe2,1.0,2.0,3.0,11.76843002999998,1.2961000000000027,33
619cdd6d45851b2ed24317c3,low_WSe2,2.0,1.0,3.0,23.12433826000009,1.276399999999995,33
619cdd6d45851b2ed24317c4,low_WSe2,1.0,2.0,3.0,28.04998273000001,0.2230999999999987,33
619cdd6d45851b2ed24317c5,low_WSe2,0.0,3.0,3.0,0.4322638299999539,1.821999999999996,33
619cdd6d45851b2ed24317c6,low_WSe2,2.0,1.0,3.0,23.034679440000023,1.116500000000002,33
619cdd6d45851b2ed24317c7,low_WSe2,1.0,2.0,3.0,11.762234060000072,1.2993000000000023,33
619cdd6d45851b2ed24317c8,low_WSe2,2.0,1.0,3.0,39.18798505999989,0.2073999999999998,33
619cdd6d45851b2ed24317c9,low_WSe2,0.0,3.0,3.0,0.4310970000000793,1.823599999999999,33
619cdd6d45851b2ed24317ca,low_WSe2,2.0,1.0,3.0,39.23276700000001,0.1877000000000013,33
619cdd6d45851b2ed24317cb,low_WSe2,1.0,2.0,3.0,27.92479307000008,0.1898999999999997,33
619cdd6d45851b2ed24317cc,low_WSe2,2.0,1.0,3.0,23.11055171999991,1.2668000000000037,33
619cdd6d45851b2ed24317cd,low_WSe2,1.0,2.0,3.0,27.875977610000064,0.1753999999999997,33
619cdd6d45851b2ed24317ce,low_WSe2,2.0,1.0,3.0,38.640867959999966,0.1929999999999996,33
619cdd6d45851b2ed24317cf,low_WSe2,1.0,2.0,3.0,27.996938900000032,0.2618999999999989,33
619cdd6d45851b2ed24317d0,low_WSe2,0.0,3.0,3.0,0.4256667700000776,1.829900000000002,33
619cdd6d45851b2ed24317d1,low_WSe2,2.0,1.0,3.0,38.743521270000016,0.190100000000001,33
619cdd6d45851b2ed24317d2,low_WSe2,0.0,3.0,3.0,0.4291809700000044,1.8265999999999991,33
619cdd6d45851b2ed24317d3,low_WSe2,2.0,1.0,3.0,23.131954389999954,1.1788000000000023,33
619cdd6d45851b2ed24317d4,low_WSe2,0.0,3.0,3.0,0.4294778499999552,1.831300000000006,33
619cdd6d45851b2ed24317d5,low_WSe2,3.0,0.0,3.0,49.9604147399999,0.1889000000000003,33
619cdd6d45851b2ed24317d6,low_WSe2,2.0,1.0,3.0,39.21741208999997,0.1907999999999994,33
619cdd6d45851b2ed24317d7,low_WSe2,3.0,0.0,3.0,49.88606295999998,0.2103000000000001,33
619cdd6d45851b2ed24317d8,low_WSe2,0.0,3.0,3.0,0.4518818000000806,1.8295999999999992,33
619cdd6d45851b2ed24317d9,low_WSe2,2.0,1.0,3.0,23.11647204,1.2578000000000031,33
619cdd6d45851b2ed24317da,low_WSe2,1.0,2.0,3.0,11.768977910000093,1.3004999999999995,33
619cdd6d45851b2ed24317db,low_WSe2,2.0,1.0,3.0,39.24047511000008,0.1921999999999997,33
619cdd6d45851b2ed24317dc,low_WSe2,2.0,1.0,3.0,23.103322810000044,1.258899999999997,33
619cdd6d45851b2ed24317dd,low_WSe2,1.0,2.0,3.0,11.751199770000074,1.2964000000000055,33
619cdd6d45851b2ed24317de,low_WSe2,0.0,3.0,3.0,0.4272028600000226,1.8356000000000063,33
619cdd6d45851b2ed24317df,low_WSe2,0.0,3.0,3.0,0.4268961699999067,1.829500000000003,33
619cdd6d45851b2ed24317e0,low_WSe2,3.0,0.0,3.0,50.75101529999993,0.1676999999999999,33
619cdd6d45851b2ed24317e1,low_WSe2,2.0,1.0,3.0,37.66287250999999,0.6720000000000006,33
619cdd6d45851b2ed24317e2,low_WSe2,2.0,1.0,3.0,38.64713013999999,0.1853999999999995,33
619cdd6d45851b2ed24317e3,low_WSe2,2.0,1.0,3.0,39.23058552999992,0.1928,33
619cdd6d45851b2ed24317e4,low_WSe2,1.0,2.0,3.0,11.771476549999978,1.2876000000000047,33
619cdd6d45851b2ed24317e5,low_WSe2,1.0,2.0,3.0,11.739011440000002,1.2963999999999984,33
619cdd6d45851b2ed24317e6,low_WSe2,0.0,3.0,3.0,0.4278014299999881,1.8268000000000055,33
619cdd6d45851b2ed24317e7,low_WSe2,2.0,1.0,3.0,39.24266597,0.1965000000000003,33
619cdd6d45851b2ed24317e8,low_WSe2,0.0,3.0,3.0,0.4270168100001115,1.8245000000000005,33
619cdd6d45851b2ed24317e9,low_WSe2,1.0,2.0,3.0,11.784726970000056,1.2716999999999956,33
619cdd6d45851b2ed24317ea,low_WSe2,2.0,1.0,3.0,39.22030232999991,0.1523000000000003,33
619cdd6d45851b2ed24317eb,low_WSe2,1.0,2.0,3.0,11.770841850000114,1.3036999999999992,33
619cdd6d45851b2ed24317ec,low_WSe2,1.0,1.0,2.0,8.024725330000024,1.2997999999999994,34
619cdd6d45851b2ed24317ed,low_WSe2,2.0,1.0,3.0,23.13199495000007,1.2853999999999957,33
619cdd6d45851b2ed24317ee,low_WSe2,2.0,1.0,3.0,23.084452869999986,1.2824999999999989,33
619cdd6d45851b2ed24317ef,low_WSe2,3.0,0.0,3.0,50.55800830999997,0.1998999999999995,33
619cdd6d45851b2ed24317f0,low_WSe2,1.0,2.0,3.0,27.91291623999996,0.1987000000000005,33
619cdd6d45851b2ed24317f1,low_WSe2,2.0,1.0,3.0,39.19342097999997,0.1864999999999987,33
619cdd6d45851b2ed24317f2,low_WSe2,1.0,2.0,3.0,11.76816890000008,1.3020999999999958,33
619cdd6d45851b2ed24317f3,low_WSe2,2.0,1.0,3.0,39.18683328999991,0.2078000000000006,33
619cdd6d45851b2ed24317f4,low_WSe2,1.0,2.0,3.0,11.77259653000009,1.3019999999999996,33
619cdd6e45851b2ed24317f5,low_WSe2,2.0,1.0,3.0,39.28646587000007,0.1588000000000011,33
619cdd6e45851b2ed24317f6,low_WSe2,0.0,3.0,3.0,0.4572017200000005,1.829500000000003,33
619cdd6e45851b2ed24317f7,low_WSe2,2.0,1.0,3.0,23.10722809000007,1.280700000000003,33
619cdd6e45851b2ed24317f8,low_WSe2,2.0,1.0,3.0,23.12549341999992,1.1403999999999996,33
619cdd6e45851b2ed24317f9,low_WSe2,1.0,2.0,3.0,27.92511923999996,0.1905000000000001,33
619cdd6e45851b2ed24317fa,low_WSe2,3.0,0.0,3.0,50.58732233999999,0.2222000000000008,33
619cdd6e45851b2ed24317fb,low_WSe2,1.0,2.0,3.0,11.76204591999998,1.2974999999999994,33
619cdd6e45851b2ed24317fc,low_WSe2,1.0,2.0,3.0,11.784400089999952,1.3013000000000048,33
619cdd6e45851b2ed24317fd,low_WSe2,2.0,1.0,3.0,39.2465560000001,0.1958000000000002,33
619cdd6e45851b2ed24317fe,low_WSe2,0.0,3.0,3.0,0.4280454700000859,1.8269999999999984,33
619cdd6e45851b2ed24317ff,low_WSe2,1.0,2.0,3.0,11.783365770000035,1.158299999999997,33
619cdd6e45851b2ed2431800,low_WSe2,3.0,0.0,3.0,49.9710347199999,0.198500000000001,33
619cdd6e45851b2ed2431801,low_WSe2,1.0,2.0,3.0,27.91507748000004,0.1979000000000006,33
619cdd6e45851b2ed2431802,low_WSe2,2.0,1.0,3.0,23.018585359999896,1.0508999999999986,33
619cdd6e45851b2ed2431803,low_WSe2,1.0,2.0,3.0,11.794683260000046,1.301099999999998,33
619cdd6e45851b2ed2431804,low_WSe2,2.0,1.0,3.0,39.24117353999991,0.1844999999999999,33
619cdd6e45851b2ed2431805,low_WSe2,2.0,1.0,3.0,39.22091950000008,0.1859000000000001,33
619cdd6e45851b2ed2431806,low_WSe2,2.0,1.0,3.0,23.12402589000002,1.281399999999998,33
619cdd6e45851b2ed2431807,low_WSe2,1.0,2.0,3.0,11.771262539999942,1.2982999999999976,33
619cdd6e45851b2ed2431808,low_WSe2,2.0,1.0,3.0,39.23054372999995,0.158100000000001,33
619cdd6e45851b2ed2431809,low_WSe2,3.0,0.0,3.0,50.66925191000005,0.2544000000000004,33
619cdd6e45851b2ed243180a,low_WSe2,0.0,3.0,3.0,0.4305923999999663,1.8309,33
619cdd6e45851b2ed243180b,low_WSe2,2.0,1.0,3.0,39.2452663699999,0.2037000000000013,33
619cdd6e45851b2ed243180c,low_WSe2,1.0,2.0,3.0,11.77380491000007,1.3038999999999987,33
619cdd6e45851b2ed243180d,low_WSe2,2.0,1.0,3.0,39.2161491100001,0.2184000000000008,33
619cdd6e45851b2ed243180e,low_WSe2,1.0,2.0,3.0,11.773920280000072,1.3015000000000043,33
619cdd6e45851b2ed243180f,low_WSe2,1.0,2.0,3.0,11.750275670000054,1.2937999999999974,33
619cdd6e45851b2ed2431810,low_WSe2,1.0,2.0,3.0,27.875199659999907,0.1759999999999983,33
619cdd6e45851b2ed2431811,low_WSe2,2.0,1.0,3.0,23.107029430000047,1.2872000000000057,33
619cdd6e45851b2ed2431812,low_WSe2,1.0,2.0,3.0,27.97583701999997,0.2550999999999987,33
619cdd6e45851b2ed2431813,low_WSe2,2.0,1.0,3.0,23.112060340000006,1.2191999999999936,33
619cdd6e45851b2ed2431814,low_WSe2,2.0,1.0,3.0,39.23718618999992,0.216099999999999,33
619cdd6e45851b2ed2431815,low_WSe2,1.0,2.0,3.0,11.765707190000048,1.2973,33
619cdd6e45851b2ed2431816,low_WSe2,2.0,1.0,3.0,23.12125120999989,1.180800000000005,33
619cdd6e45851b2ed2431817,low_WSe2,2.0,1.0,3.0,39.25163636999996,0.1922000000000014,33
619cdd6e45851b2ed2431818,low_WSe2,2.0,1.0,3.0,23.1338891400001,1.2627000000000024,33
619cdd6e45851b2ed2431819,low_WSe2,3.0,0.0,3.0,50.599589389999984,0.171800000000001,33
619cdd6e45851b2ed243181a,low_WSe2,0.0,2.0,2.0,-3.3203590699999275,1.8678999999999988,34
619cdd6e45851b2ed243181b,low_WSe2,1.0,2.0,3.0,11.770649880000054,1.2937999999999974,33
619cdd6e45851b2ed243181c,low_WSe2,2.0,1.0,3.0,37.535906840000095,0.6293999999999986,33
619cdd6e45851b2ed243181d,low_WSe2,2.0,1.0,3.0,39.23556366999996,0.1971999999999987,33
619cdd6e45851b2ed243181e,low_WSe2,1.0,2.0,3.0,11.771104509999976,1.298099999999998,33
619cdd6e45851b2ed243181f,low_WSe2,3.0,0.0,3.0,50.55655278000004,0.2115999999999989,33
619cdd6e45851b2ed2431820,low_WSe2,2.0,1.0,3.0,23.08829098000005,1.257399999999997,33
619cdd6e45851b2ed2431821,low_WSe2,0.0,3.0,3.0,0.4318085799999949,1.8314999999999984,33
619cdd6e45851b2ed2431822,low_WSe2,2.0,1.0,3.0,22.590823029999942,1.25,33
619cdd6e45851b2ed2431823,low_WSe2,2.0,1.0,3.0,39.19755699000011,0.2101999999999986,33
619cdd6e45851b2ed2431824,low_WSe2,2.0,1.0,3.0,23.11880707000004,1.2740999999999971,33
619cdd6e45851b2ed2431825,low_WSe2,2.0,1.0,3.0,39.250046800000106,0.1968000000000014,33
619cdd6e45851b2ed2431826,low_WSe2,1.0,2.0,3.0,11.76952051000011,1.2957999999999998,33
619cdd6e45851b2ed2431827,low_WSe2,1.0,2.0,3.0,28.003578500000003,0.2669999999999994,33
619cdd6e45851b2ed2431828,low_WSe2,1.0,2.0,3.0,27.91889672000002,0.1971000000000007,33
619cdd6e45851b2ed2431829,low_WSe2,3.0,0.0,3.0,49.93187335999992,0.1977999999999991,33
619cdd6e45851b2ed243182a,low_WSe2,2.0,1.0,3.0,23.1267965299999,1.2697000000000005,33
619cdd6e45851b2ed243182b,low_WSe2,1.0,2.0,3.0,11.74769654999999,1.291400000000003,33
619cdd6e45851b2ed243182c,low_WSe2,2.0,1.0,3.0,39.23711488999997,0.2149999999999998,33
619cdd6e45851b2ed243182d,low_WSe2,2.0,1.0,3.0,39.25621727000002,0.1588999999999991,33
619cdd6e45851b2ed243182e,low_WSe2,0.0,3.0,3.0,0.4539875400000142,1.8282000000000025,33
619cdd6e45851b2ed243182f,low_WSe2,1.0,2.0,3.0,11.766632410000046,1.2660000000000051,33
619cdd6e45851b2ed2431830,low_WSe2,2.0,1.0,3.0,39.25801292999999,0.1895000000000006,33
619cdd6e45851b2ed2431831,low_WSe2,1.0,1.0,2.0,13.42333605000006,1.302900000000001,34
619cdd6e45851b2ed2431832,low_WSe2,3.0,0.0,3.0,48.8595876800001,0.1286000000000005,33
619cdd6e45851b2ed2431833,low_WSe2,1.0,2.0,3.0,11.768912949999947,1.2986000000000004,33
619cdd6e45851b2ed2431834,low_WSe2,2.0,1.0,3.0,39.235888870000096,0.145999999999999,33
619cdd6e45851b2ed2431835,low_WSe2,3.0,0.0,3.0,50.603430740000114,0.1905000000000001,33
619cdd6e45851b2ed2431836,low_WSe2,2.0,1.0,3.0,39.42760587000002,0.2758000000000002,33
619cdd6e45851b2ed2431837,low_WSe2,2.0,1.0,3.0,23.10832617000009,1.2710000000000008,33
619cdd6e45851b2ed2431838,low_WSe2,1.0,2.0,3.0,11.771423959999982,1.301400000000001,33
619cdd6e45851b2ed2431839,low_WSe2,2.0,1.0,3.0,23.104878959999983,1.2864000000000004,33
619cdd6e45851b2ed243183a,low_WSe2,2.0,1.0,3.0,39.267608859999925,0.1724999999999994,33
619cdd6e45851b2ed243183b,low_WSe2,0.0,3.0,3.0,0.4327240199999664,1.8218999999999996,33
619cdd6e45851b2ed243183c,low_WSe2,3.0,0.0,3.0,50.66105193999997,0.2755000000000009,33
619cdd6e45851b2ed243183d,low_WSe2,2.0,1.0,3.0,39.24285012999989,0.1971000000000007,33
619cdd6e45851b2ed243183e,low_WSe2,1.0,2.0,3.0,11.768452210000069,1.2974999999999994,33
619cdd6e45851b2ed243183f,low_WSe2,2.0,1.0,3.0,23.10824920000008,1.2723999999999975,33
619cdd6e45851b2ed2431840,low_WSe2,2.0,1.0,3.0,23.120457710000014,1.244100000000003,33
619cdd6e45851b2ed2431841,low_WSe2,2.0,1.0,3.0,23.13635193000008,1.1616999999999962,33
619cdd6e45851b2ed2431842,low_WSe2,2.0,1.0,3.0,39.237647949999925,0.2021999999999995,33
619cdd6e45851b2ed2431843,low_WSe2,2.0,1.0,3.0,23.110520620000024,1.283999999999999,33
619cdd6e45851b2ed2431844,low_WSe2,2.0,1.0,3.0,38.61937569999991,0.1913,33
619cdd6e45851b2ed2431845,low_WSe2,2.0,1.0,3.0,39.36232610000006,0.2855000000000007,33
619cdd6e45851b2ed2431846,low_WSe2,3.0,0.0,3.0,48.893565700000046,0.5899000000000001,33
619cdd6f45851b2ed2431847,low_WSe2,3.0,0.0,3.0,49.96017259000005,0.1868999999999996,33
619cdd6f45851b2ed2431848,low_WSe2,1.0,2.0,3.0,11.77346454999996,1.2986000000000004,33
619cdd6f45851b2ed2431849,low_WSe2,2.0,1.0,3.0,39.25691121000004,0.1908000000000012,33
619cdd6f45851b2ed243184a,low_WSe2,2.0,1.0,3.0,37.57602937999995,0.6552999999999987,33
619cdd6f45851b2ed243184b,low_WSe2,1.0,2.0,3.0,27.88208286000008,0.1775000000000002,33
619cdd6f45851b2ed243184c,low_WSe2,3.0,0.0,3.0,50.53475715999989,0.2155000000000004,33
619cdd6f45851b2ed243184d,low_WSe2,1.0,2.0,3.0,27.914200489999985,0.1899999999999995,33
619cdd6f45851b2ed243184e,low_WSe2,1.0,2.0,3.0,11.771452480000097,1.2993000000000023,33
619cdd6f45851b2ed243184f,low_WSe2,1.0,2.0,3.0,28.00639969000008,0.2626000000000008,33
619cdd6f45851b2ed2431850,low_WSe2,1.0,2.0,3.0,11.795988670000032,1.3004999999999995,33
619cdd6f45851b2ed2431851,low_WSe2,2.0,1.0,3.0,23.271114380000007,0.8566999999999965,33
619cdd6f45851b2ed2431852,low_WSe2,2.0,1.0,3.0,37.58571388999989,0.6416000000000004,33
619cdd6f45851b2ed2431853,low_WSe2,0.0,3.0,3.0,0.4313768799999593,1.8279,33
619cdd6f45851b2ed2431854,low_WSe2,1.0,2.0,3.0,11.76479638999989,1.2817000000000007,33
619cdd6f45851b2ed2431855,low_WSe2,0.0,3.0,3.0,0.4273285399999054,1.8266999999999955,33
619cdd6f45851b2ed2431856,low_WSe2,1.0,2.0,3.0,11.775065739999937,1.302899999999994,33
619cdd6f45851b2ed2431857,low_WSe2,1.0,2.0,3.0,11.77049581999994,1.2939000000000007,33
619cdd6f45851b2ed2431858,low_WSe2,2.0,1.0,3.0,39.22790953999997,0.1993999999999989,33
619cdd6f45851b2ed2431859,low_WSe2,0.0,3.0,3.0,0.4320428000000333,1.8172,33
619cdd6f45851b2ed243185a,low_WSe2,2.0,1.0,3.0,23.12225225000001,1.2573000000000008,33
619cdd6f45851b2ed243185b,low_WSe2,2.0,1.0,3.0,37.5713871599999,0.6586000000000016,33
619cdd6f45851b2ed243185c,low_WSe2,0.0,3.0,3.0,0.4312477200000444,1.8297999999999988,33
619cdd6f45851b2ed243185d,low_WSe2,1.0,2.0,3.0,28.00717701000008,0.266,33
619cdd6f45851b2ed243185e,low_WSe2,1.0,2.0,3.0,11.77185871000005,1.2982000000000014,33
619cdd6f45851b2ed243185f,low_WSe2,2.0,1.0,3.0,23.12856770000011,1.1485999999999947,33
619cdd6f45851b2ed2431860,low_WSe2,3.0,0.0,3.0,50.55550185000002,0.2030999999999991,33
619cdd6f45851b2ed2431861,low_WSe2,1.0,2.0,3.0,28.06187245000001,0.2819000000000002,33
619cdd6f45851b2ed2431862,low_WSe2,2.0,1.0,3.0,22.588242240000035,1.2479000000000011,33
619cdd6f45851b2ed2431863,low_WSe2,2.0,1.0,3.0,39.21980925000007,0.1867999999999998,33
619cdd6f45851b2ed2431864,low_WSe2,3.0,0.0,3.0,50.549453420000056,0.2067999999999994,33
619cdd6f45851b2ed2431865,low_WSe2,1.0,2.0,3.0,11.774600140000064,1.295499999999997,33
619cdd6f45851b2ed2431866,low_WSe2,3.0,0.0,3.0,50.58978061000003,0.1938000000000013,33
619cdd6f45851b2ed2431867,low_WSe2,1.0,2.0,3.0,11.76592555000001,1.299599999999998,33
619cdd6f45851b2ed2431868,low_WSe2,3.0,0.0,3.0,50.59660876000007,0.3080999999999996,33
619cdd6f45851b2ed2431869,low_WSe2,1.0,2.0,3.0,11.768811240000094,1.3031000000000006,33
619cdd6f45851b2ed243186a,low_WSe2,1.0,2.0,3.0,11.791644010000017,1.300699999999999,33
619cdd6f45851b2ed243186b,low_WSe2,1.0,2.0,3.0,27.876478959999982,0.1743000000000005,33
619cdd6f45851b2ed243186c,low_WSe2,1.0,2.0,3.0,27.91142287999992,0.1904000000000003,33
619cdd6f45851b2ed243186d,low_WSe2,2.0,1.0,3.0,39.22962583000008,0.2108000000000007,33
619cdd6f45851b2ed243186e,low_WSe2,2.0,1.0,3.0,39.23783920999999,0.1935000000000002,33
619cdd6f45851b2ed243186f,low_WSe2,3.0,0.0,3.0,50.51466988000002,0.2195,33
619cdd6f45851b2ed2431870,low_WSe2,1.0,2.0,3.0,27.8764032900001,0.1761000000000017,33
619cdd6f45851b2ed2431871,low_WSe2,1.0,2.0,3.0,11.74656716000003,1.2986999999999966,33
619cdd6f45851b2ed2431872,low_WSe2,2.0,1.0,3.0,38.63141032000003,0.1893999999999991,33
619cdd6f45851b2ed2431873,low_WSe2,1.0,2.0,3.0,11.743167679999932,1.3008999999999986,33
619cdd6f45851b2ed2431874,low_WSe2,0.0,3.0,3.0,0.4293932600000403,1.8224000000000016,33
619cdd6f45851b2ed2431875,low_WSe2,2.0,1.0,3.0,23.113754589999907,1.256699999999995,33
619cdd6f45851b2ed2431876,low_WSe2,1.0,2.0,3.0,11.742169529999943,1.2990000000000066,33
619cdd6f45851b2ed2431877,low_WSe2,0.0,3.0,3.0,0.4344338299999322,1.8179999999999976,33
619cdd6f45851b2ed2431878,low_WSe2,3.0,0.0,3.0,48.89921280999997,0.5840999999999994,33
619cdd6f45851b2ed2431879,low_WSe2,3.0,0.0,3.0,50.513297090000016,0.2074999999999995,33
619cdd6f45851b2ed243187a,low_WSe2,2.0,1.0,3.0,39.23107716000008,0.2030999999999991,33
619cdd6f45851b2ed243187b,low_WSe2,1.0,2.0,3.0,11.7818684199999,1.157500000000006,33
619cdd6f45851b2ed243187c,low_WSe2,0.0,3.0,3.0,0.4281940200000349,1.8268999999999949,33
619cdd6f45851b2ed243187d,low_WSe2,0.0,3.0,3.0,0.42805347999996,1.8256999999999977,33
619cdd6f45851b2ed243187e,low_WSe2,2.0,1.0,3.0,39.18838301999999,0.2089999999999996,33
619cdd6f45851b2ed243187f,low_WSe2,2.0,1.0,3.0,39.19068812999994,0.2129000000000012,33
619cdd6f45851b2ed2431880,low_WSe2,0.0,3.0,3.0,0.431156289999933,1.8137000000000043,33
619cdd6f45851b2ed2431881,low_WSe2,2.0,1.0,3.0,22.69548616000001,1.1268999999999991,33
619cdd6f45851b2ed2431882,low_WSe2,2.0,1.0,3.0,39.244976629999925,0.1941000000000006,33
619cdd6f45851b2ed2431883,low_WSe2,3.0,0.0,3.0,50.7173993299999,0.1085999999999991,33
619cdd6f45851b2ed2431884,low_WSe2,1.0,2.0,3.0,27.98874615,0.2659000000000002,33
619cdd6f45851b2ed2431885,low_WSe2,1.0,2.0,3.0,27.921126149999964,0.1926000000000005,33
619cdd6f45851b2ed2431886,low_WSe2,1.0,2.0,3.0,27.919017519999898,0.1922999999999994,33
619cdd6f45851b2ed2431887,low_WSe2,0.0,3.0,3.0,0.4276377900000057,1.827299999999994,33
619cdd6f45851b2ed2431888,low_WSe2,1.0,2.0,3.0,11.766043840000057,1.3007000000000062,33
619cdd6f45851b2ed2431889,low_WSe2,2.0,1.0,3.0,23.093042940000068,1.2453999999999965,33
619cdd6f45851b2ed243188a,low_WSe2,1.0,2.0,3.0,11.768711939999992,1.2977999999999952,33
619cdd6f45851b2ed243188b,low_WSe2,1.0,2.0,3.0,11.750610399999903,1.3042000000000016,33
619cdd6f45851b2ed243188c,low_WSe2,2.0,0.0,2.0,19.36365919000007,1.2441999999999993,34
619cdd6f45851b2ed243188d,low_WSe2,2.0,1.0,3.0,23.097174399999894,1.2502999999999955,33
619cdd6f45851b2ed243188e,low_WSe2,1.0,2.0,3.0,11.76919199000007,1.2931999999999988,33
619cdd6f45851b2ed243188f,low_WSe2,2.0,1.0,3.0,39.193559699999966,0.2028999999999996,33
619cdd6f45851b2ed2431890,low_WSe2,2.0,1.0,3.0,39.23565295000007,0.1847999999999992,33
619cdd6f45851b2ed2431891,low_WSe2,1.0,2.0,3.0,27.87005782999995,0.1763999999999992,33
619cdd6f45851b2ed2431892,low_WSe2,2.0,1.0,3.0,23.10418536000001,1.2798999999999978,33
619cdd6f45851b2ed2431893,low_WSe2,2.0,1.0,3.0,39.26366914000009,0.1903000000000005,33
619cdd6f45851b2ed2431894,low_WSe2,2.0,1.0,3.0,39.23662646000007,0.1850000000000005,33
619cdd6f45851b2ed2431895,low_WSe2,2.0,1.0,3.0,39.29642236,0.2801999999999989,33
619cdd6f45851b2ed2431896,low_WSe2,3.0,0.0,3.0,50.67857128000001,0.2759,33
619cdd6f45851b2ed2431897,low_WSe2,0.0,3.0,3.0,0.4276311099999361,1.8301999999999976,33
619cdd6f45851b2ed2431898,low_WSe2,1.0,2.0,3.0,27.880640679999946,0.1737999999999999,33
619cdd6f45851b2ed2431899,low_WSe2,2.0,1.0,3.0,39.21572019999989,0.1838999999999995,33
619cdd7045851b2ed243189a,low_WSe2,1.0,2.0,3.0,27.927373880000005,0.1858000000000004,33
619cdd7045851b2ed243189b,low_WSe2,2.0,1.0,3.0,39.28453384999993,0.208499999999999,33
619cdd7045851b2ed243189c,low_WSe2,0.0,3.0,3.0,0.4274672400001122,1.8252999999999984,33
619cdd7045851b2ed243189d,low_WSe2,1.0,2.0,3.0,27.91587492000008,0.1880000000000006,33
619cdd7045851b2ed243189e,low_WSe2,2.0,1.0,3.0,23.117867460000102,1.2800000000000011,33
619cdd7045851b2ed243189f,low_WSe2,0.0,3.0,3.0,0.4279310700000565,1.8307999999999964,33
619cdd7045851b2ed24318a0,low_WSe2,1.0,2.0,3.0,11.77223157000002,1.299599999999998,33
619cdd7045851b2ed24318a1,low_WSe2,0.0,3.0,3.0,0.4291790300000571,1.828000000000003,33
619cdd7045851b2ed24318a2,low_WSe2,2.0,1.0,3.0,39.24061334000002,0.2005999999999996,33
619cdd7045851b2ed24318a3,low_WSe2,1.0,2.0,3.0,11.771572760000016,1.2988999999999962,33
619cdd7045851b2ed24318a4,low_WSe2,1.0,2.0,3.0,27.99342352000008,0.2667999999999999,33
619cdd7045851b2ed24318a5,low_WSe2,0.0,3.0,3.0,0.4320677699999464,1.8309,33
619cdd7045851b2ed24318a6,low_WSe2,2.0,1.0,3.0,39.37793358000003,0.2719000000000005,33
619cdd7045851b2ed24318a7,low_WSe2,3.0,0.0,3.0,48.918568670000106,0.6013000000000002,33
619cdd7045851b2ed24318a8,low_WSe2,2.0,1.0,3.0,39.24339171000001,0.1886999999999989,33
619cdd7045851b2ed24318a9,low_WSe2,3.0,0.0,3.0,50.57224155999993,0.205,33
619cdd7045851b2ed24318aa,low_WSe2,1.0,2.0,3.0,27.92108344999997,0.1914999999999995,33
619cdd7045851b2ed24318ab,low_WSe2,2.0,1.0,3.0,39.230862639999984,0.1848000000000009,33
619cdd7045851b2ed24318ac,low_WSe2,2.0,1.0,3.0,23.099987880000107,1.2478000000000051,33
619cdd7045851b2ed24318ad,low_WSe2,1.0,2.0,3.0,11.748980869999958,1.2957000000000036,33
619cdd7045851b2ed24318ae,low_WSe2,1.0,2.0,3.0,11.777371079999956,1.2963000000000022,33
619cdd7045851b2ed24318af,low_WSe2,0.0,3.0,3.0,0.4303181399999971,1.8262,33
619cdd7045851b2ed24318b0,low_WSe2,2.0,1.0,3.0,39.25476869999993,0.1951999999999998,33
619cdd7045851b2ed24318b1,low_WSe2,0.0,3.0,3.0,0.4286561999999208,1.8236999999999952,33
619cdd7045851b2ed24318b2,low_WSe2,1.0,2.0,3.0,11.772991519999994,1.298300000000005,33
619cdd7045851b2ed24318b3,low_WSe2,1.0,1.0,2.0,8.025114359999975,1.3000000000000007,34
619cdd7045851b2ed24318b4,low_WSe2,1.0,2.0,3.0,11.798939920000056,1.2988999999999962,33
619cdd7045851b2ed24318b5,low_WSe2,3.0,0.0,3.0,49.951683630000026,0.2056000000000004,33
619cdd7045851b2ed24318b6,low_WSe2,1.0,2.0,3.0,11.767095129999904,1.292900000000003,33
619cdd7045851b2ed24318b7,low_WSe2,3.0,0.0,3.0,49.45519690999991,0.2171000000000003,33
619cdd7045851b2ed24318b8,low_WSe2,1.0,2.0,3.0,11.76700421999998,1.2993000000000023,33
619cdd7045851b2ed24318b9,low_WSe2,1.0,2.0,3.0,11.767058370000075,1.2959000000000032,33
619cdd7045851b2ed24318ba,low_WSe2,3.0,0.0,3.0,49.9688454600001,0.2059999999999995,33
619cdd7045851b2ed24318bb,low_WSe2,2.0,1.0,3.0,23.11257750000008,1.2886999999999986,33
619cdd7045851b2ed24318bc,low_WSe2,1.0,2.0,3.0,28.022487720000072,0.2490000000000005,33
619cdd7045851b2ed24318bd,low_WSe2,2.0,1.0,3.0,39.24937004999997,0.1897999999999999,33
619cdd7045851b2ed24318be,low_WSe2,1.0,2.0,3.0,11.76676896999992,1.3021999999999991,33
619cdd7045851b2ed24318bf,low_WSe2,0.0,3.0,3.0,0.4295258100000296,1.8316999999999977,33
619cdd7045851b2ed24318c0,low_WSe2,0.0,3.0,3.0,0.4545369100000584,1.8248999999999995,33
619cdd7045851b2ed24318c1,low_WSe2,2.0,1.0,3.0,39.24683031999989,0.1969999999999991,33
619cdd7045851b2ed24318c2,low_WSe2,1.0,2.0,3.0,27.9199193500001,0.1541999999999994,33
619cdd7045851b2ed24318c3,low_WSe2,3.0,0.0,3.0,49.98005926999995,0.2072000000000002,33
619cdd7045851b2ed24318c4,low_WSe2,2.0,1.0,3.0,39.23774707000011,0.1826000000000007,33
619cdd7045851b2ed24318c5,low_WSe2,1.0,2.0,3.0,11.752821060000077,1.295499999999997,33
619cdd7045851b2ed24318c6,low_WSe2,1.0,2.0,3.0,11.774852439999894,1.3018,33
619cdd7045851b2ed24318c7,low_WSe2,2.0,1.0,3.0,39.23397598000001,0.193900000000001,33
619cdd7045851b2ed24318c8,low_WSe2,1.0,2.0,3.0,27.88032238000005,0.1773000000000006,33
619cdd7045851b2ed24318c9,low_WSe2,2.0,1.0,3.0,23.272435870000017,0.8549000000000007,33
619cdd7045851b2ed24318ca,low_WSe2,1.0,2.0,3.0,11.770484059999934,1.301400000000001,33
619cdd7045851b2ed24318cb,low_WSe2,1.0,2.0,3.0,27.885084880000026,0.1744000000000003,33
619cdd7045851b2ed24318cc,low_WSe2,2.0,1.0,3.0,39.243122350000064,0.1968999999999994,33
619cdd7045851b2ed24318cd,low_WSe2,0.0,3.0,3.0,0.4323906300000431,1.830299999999994,33
619cdd7045851b2ed24318ce,low_WSe2,2.0,1.0,3.0,39.23368488999999,0.1622000000000003,33
619cdd7045851b2ed24318cf,low_WSe2,2.0,1.0,3.0,39.23353286999991,0.2001000000000008,33
619cdd7045851b2ed24318d0,low_WSe2,1.0,2.0,3.0,11.755425410000033,1.3031000000000006,33
619cdd7045851b2ed24318d1,low_WSe2,2.0,1.0,3.0,23.140032659999896,1.274799999999999,33
619cdd7045851b2ed24318d2,low_WSe2,2.0,1.0,3.0,23.13005406999995,1.2798999999999978,33
619cdd7045851b2ed24318d3,low_WSe2,0.0,3.0,3.0,0.4305596000000946,1.8145999999999989,33
619cdd7045851b2ed24318d4,low_WSe2,1.0,2.0,3.0,11.772769959999994,1.3003,33
619cdd7045851b2ed24318d5,low_WSe2,1.0,2.0,3.0,11.776273310000068,1.3014999999999972,33
619cdd7045851b2ed24318d6,low_WSe2,2.0,1.0,3.0,23.105518549999974,1.2180000000000035,33
619cdd7045851b2ed24318d7,low_WSe2,1.0,2.0,3.0,11.762522460000117,1.3012000000000017,33
619cdd7045851b2ed24318d8,low_WSe2,3.0,0.0,3.0,50.726886629999946,0.1796000000000006,33
619cdd7045851b2ed24318d9,low_WSe2,0.0,3.0,3.0,0.4319881999999211,1.8273999999999968,33
619cdd7045851b2ed24318da,low_WSe2,1.0,2.0,3.0,11.752302450000103,1.3000000000000045,33
619cdd7045851b2ed24318db,low_WSe2,2.0,1.0,3.0,39.22579855000008,0.1993000000000009,33
619cdd7045851b2ed24318dc,low_WSe2,1.0,2.0,3.0,11.773430810000026,1.2967000000000013,33
619cdd7045851b2ed24318dd,low_WSe2,1.0,2.0,3.0,11.775703219999958,1.3003,33
619cdd7045851b2ed24318de,low_WSe2,0.0,3.0,3.0,0.431612340000072,1.825400000000002,33
619cdd7045851b2ed24318df,low_WSe2,3.0,0.0,3.0,50.47221838000005,0.2049000000000003,33
619cdd7045851b2ed24318e0,low_WSe2,1.0,2.0,3.0,11.747868910000069,1.297699999999999,33
619cdd7045851b2ed24318e1,low_WSe2,2.0,1.0,3.0,38.724701650000085,0.143699999999999,33
619cdd7045851b2ed24318e2,low_WSe2,2.0,1.0,3.0,39.24243611999991,0.1890999999999998,33
619cdd7045851b2ed24318e3,low_WSe2,3.0,0.0,3.0,50.54319410999992,0.2101000000000006,33
619cdd7045851b2ed24318e4,low_WSe2,2.0,1.0,3.0,23.11276933999992,1.2435000000000045,33
619cdd7045851b2ed24318e5,low_WSe2,3.0,0.0,3.0,50.55798904000003,0.2072000000000002,33
619cdd7045851b2ed24318e6,low_WSe2,2.0,1.0,3.0,23.08727546000004,1.2146000000000043,33
619cdd7045851b2ed24318e7,low_WSe2,1.0,1.0,2.0,13.429781549999989,1.3031000000000006,34
619cdd7045851b2ed24318e8,low_WSe2,1.0,2.0,3.0,28.00051497999993,0.2666000000000004,33
619cdd7045851b2ed24318e9,low_WSe2,2.0,1.0,3.0,39.16715499999991,0.2087000000000003,33
619cdd7145851b2ed24318ea,low_WSe2,2.0,1.0,3.0,39.22306334999989,0.1402999999999998,33
619cdd7145851b2ed24318eb,low_WSe2,0.0,3.0,3.0,0.4290794400000663,1.822600000000001,33
619cdd7145851b2ed24318ec,low_WSe2,1.0,2.0,3.0,11.768076790000112,1.3000000000000045,33
619cdd7145851b2ed24318ed,low_WSe2,2.0,1.0,3.0,23.13044827999992,1.2734000000000023,33
619cdd7145851b2ed24318ee,low_WSe2,1.0,2.0,3.0,11.772282099999972,1.3045000000000044,33
619cdd7145851b2ed24318ef,low_WSe2,1.0,2.0,3.0,11.741206449999924,1.2977999999999952,33
619cdd7145851b2ed24318f0,low_WSe2,1.0,2.0,3.0,11.78241221999996,1.1488999999999976,33
619cdd7145851b2ed24318f1,low_WSe2,1.0,2.0,3.0,27.91917811999997,0.1928999999999998,33
619cdd7145851b2ed24318f2,low_WSe2,2.0,1.0,3.0,39.23085790000009,0.2148000000000003,33
619cdd7145851b2ed24318f3,low_WSe2,1.0,2.0,3.0,27.92395781999994,0.1894999999999989,33
619cdd7145851b2ed24318f4,low_WSe2,0.0,3.0,3.0,0.4295352000000889,1.8262999999999965,33
619cdd7145851b2ed24318f5,low_WSe2,1.0,2.0,3.0,27.99890202000006,0.2584999999999997,33
619cdd7145851b2ed24318f6,low_WSe2,2.0,1.0,3.0,39.23144172999996,0.2150999999999996,33
619cdd7145851b2ed24318f7,low_WSe2,2.0,1.0,3.0,39.18783454999998,0.2167000000000012,33
619cdd7145851b2ed24318f8,low_WSe2,1.0,2.0,3.0,11.762827199999936,1.2969000000000008,33
619cdd7145851b2ed24318f9,low_WSe2,2.0,1.0,3.0,23.129873670000087,1.2695000000000007,33
619cdd7145851b2ed24318fa,low_WSe2,0.0,3.0,3.0,0.426894430000118,1.8229999999999933,33
619cdd7145851b2ed24318fb,low_WSe2,2.0,1.0,3.0,39.15953696999991,0.1966999999999998,33
619cdd7145851b2ed24318fc,low_WSe2,1.0,2.0,3.0,11.75886631000002,1.300699999999999,33
619cdd7145851b2ed24318fd,low_WSe2,1.0,2.0,3.0,11.76506051,1.3003,33
619cdd7145851b2ed24318fe,low_WSe2,1.0,2.0,3.0,11.796716540000023,1.3001000000000005,33
619cdd7145851b2ed24318ff,low_WSe2,3.0,0.0,3.0,50.54108228999994,0.1990999999999996,33
619cdd7145851b2ed2431900,low_WSe2,1.0,2.0,3.0,11.735487339999953,1.3004999999999995,33
619cdd7145851b2ed2431901,low_WSe2,0.0,3.0,3.0,0.45428368000006,1.828799999999994,33
619cdd7145851b2ed2431902,low_WSe2,1.0,2.0,3.0,28.07625394999991,0.2891000000000012,33
619cdd7145851b2ed2431903,low_WSe2,0.0,3.0,3.0,0.4550258700000427,1.8272000000000048,33
619cdd7145851b2ed2431904,low_WSe2,2.0,1.0,3.0,39.192518019999895,0.1877999999999993,33
619cdd7145851b2ed2431905,low_WSe2,0.0,3.0,3.0,0.429068119999954,1.8260000000000003,33
619cdd7145851b2ed2431906,low_WSe2,0.0,3.0,3.0,0.4276760199999785,1.8280999999999992,33
619cdd7145851b2ed2431907,low_WSe2,2.0,1.0,3.0,39.225561770000056,0.1798999999999999,33
619cdd7145851b2ed2431908,low_WSe2,0.0,3.0,3.0,0.4312813099999744,1.8279,33
619cdd7145851b2ed2431909,low_WSe2,0.0,3.0,3.0,0.4360192399998936,1.8342000000000027,33
619cdd7145851b2ed243190a,low_WSe2,1.0,2.0,3.0,11.796266840000031,1.3033,33
619cdd7145851b2ed243190b,low_WSe2,3.0,0.0,3.0,50.57179308,0.2009000000000007,33
619cdd7145851b2ed243190c,low_WSe2,3.0,0.0,3.0,50.53920062000007,0.2103999999999999,33
619cdd7145851b2ed243190d,low_WSe2,1.0,2.0,3.0,27.91356287999997,0.1989,33
619cdd7145851b2ed243190e,low_WSe2,3.0,0.0,3.0,48.81970166999995,0.202399999999999,33
619cdd7145851b2ed243190f,low_WSe2,2.0,1.0,3.0,39.24107983000003,0.1839999999999992,33
619cdd7145851b2ed2431910,low_WSe2,2.0,1.0,3.0,23.099955819999916,1.2571999999999974,33
619cdd7145851b2ed2431911,low_WSe2,1.0,2.0,3.0,11.76123834000008,1.2991000000000028,33
619cdd7145851b2ed2431912,low_WSe2,2.0,0.0,2.0,18.83803009000001,1.2478999999999996,34
619cdd7145851b2ed2431913,low_WSe2,1.0,2.0,3.0,11.766356489999897,1.298099999999998,33
619cdd7145851b2ed2431914,low_WSe2,1.0,2.0,3.0,27.877039250000053,0.1748999999999991,33
619cdd7145851b2ed2431915,low_WSe2,3.0,0.0,3.0,50.5416116299999,0.1602999999999994,33
619cdd7145851b2ed2431916,low_WSe2,1.0,1.0,2.0,8.023696070000028,1.3002000000000002,34
619cdd7145851b2ed2431917,low_WSe2,3.0,0.0,3.0,49.9511391699999,0.1785999999999994,33
619cdd7145851b2ed2431918,low_WSe2,1.0,2.0,3.0,27.87899730999993,0.1758999999999986,33
619cdd7145851b2ed2431919,low_WSe2,0.0,3.0,3.0,0.428352860000075,1.829499999999996,33
619cdd7145851b2ed243191a,low_WSe2,1.0,2.0,3.0,27.923283999999967,0.1897999999999999,33
619cdd7145851b2ed243191b,low_WSe2,0.0,3.0,3.0,0.4330307399999924,1.8168000000000009,33
619cdd7145851b2ed243191c,low_WSe2,1.0,2.0,3.0,11.7716229,1.2998999999999938,33
619cdd7145851b2ed243191d,low_WSe2,3.0,0.0,3.0,50.54108486000005,0.293099999999999,33
619cdd7145851b2ed243191e,low_WSe2,2.0,1.0,3.0,39.199827330000105,0.1940000000000008,33
619cdd7145851b2ed243191f,low_WSe2,1.0,2.0,3.0,11.809799150000106,1.142399999999995,33
619cdd7145851b2ed2431920,low_WSe2,1.0,2.0,3.0,11.762150940000073,1.299199999999999,33
619cdd7145851b2ed2431921,low_WSe2,1.0,2.0,3.0,11.772369349999952,1.2993999999999986,33
619cdd7145851b2ed2431922,low_WSe2,1.0,2.0,3.0,11.762403050000092,1.2988,33
619cdd7145851b2ed2431923,low_WSe2,3.0,0.0,3.0,50.53480610000006,0.2141000000000001,33
619cdd7145851b2ed2431924,low_WSe2,2.0,1.0,3.0,23.10844715000011,1.2428999999999988,33
619cdd7145851b2ed2431925,low_WSe2,3.0,0.0,3.0,48.88016533000005,0.5869999999999997,33
619cdd7145851b2ed2431926,low_WSe2,3.0,0.0,3.0,49.94331565999992,0.1994999999999986,33
619cdd7145851b2ed2431927,low_WSe2,3.0,0.0,3.0,50.571321839999975,0.2035,33
619cdd7145851b2ed2431928,low_WSe2,2.0,1.0,3.0,23.11391454999993,1.2761999999999958,33
619cdd7145851b2ed2431929,low_WSe2,1.0,2.0,3.0,11.748209849999956,1.296199999999999,33
619cdd7145851b2ed243192a,low_WSe2,3.0,0.0,3.0,50.55806366000011,0.1966000000000001,33
619cdd7145851b2ed243192b,low_WSe2,3.0,0.0,3.0,50.59356287000001,0.1997999999999997,33
619cdd7145851b2ed243192c,low_WSe2,2.0,1.0,3.0,38.6220870099999,0.1928,33
619cdd7145851b2ed243192d,low_WSe2,2.0,1.0,3.0,38.63068720999995,0.1890999999999998,33
619cdd7145851b2ed243192e,low_WSe2,3.0,0.0,3.0,50.52298982000011,0.2126999999999999,33
619cdd7145851b2ed243192f,low_WSe2,2.0,1.0,3.0,23.108890519999967,1.2595000000000027,33
619cdd7145851b2ed2431930,low_WSe2,3.0,0.0,3.0,50.51974458000005,0.2114000000000011,33
619cdd7145851b2ed2431931,low_WSe2,1.0,2.0,3.0,27.99668216000009,0.2666000000000004,33
619cdd7145851b2ed2431932,low_WSe2,2.0,1.0,3.0,23.11169735999992,1.2528999999999968,33
619cdd7145851b2ed2431933,low_WSe2,0.0,3.0,3.0,0.4284050000000547,1.8227000000000049,33
619cdd7145851b2ed2431934,low_WSe2,0.0,3.0,3.0,0.4272900499999537,1.8297999999999988,33
619cdd7145851b2ed2431935,low_WSe2,2.0,1.0,3.0,23.09342962999998,1.2471000000000032,33
619cdd7145851b2ed2431936,low_WSe2,1.0,2.0,3.0,11.762781650000068,1.3034000000000034,33
619cdd7145851b2ed2431937,low_WSe2,3.0,0.0,3.0,50.56009163000008,0.2080999999999999,33
619cdd7145851b2ed2431938,low_WSe2,1.0,2.0,3.0,11.764552919999904,1.297699999999999,33
619cdd7145851b2ed2431939,low_WSe2,1.0,2.0,3.0,27.880481950000103,0.1737000000000002,33
619cdd7245851b2ed243193a,low_WSe2,2.0,1.0,3.0,39.32771368000003,0.2670999999999992,33
619cdd7245851b2ed243193b,low_WSe2,1.0,2.0,3.0,27.911459149999928,0.1896000000000004,33
619cdd7245851b2ed243193c,low_WSe2,1.0,2.0,3.0,27.88576880000005,0.1706000000000003,33
619cdd7245851b2ed243193d,low_WSe2,0.0,3.0,3.0,0.4247731299998918,1.8255999999999943,33
619cdd7245851b2ed243193e,low_WSe2,1.0,2.0,3.0,11.78631476999998,1.2721000000000018,33
619cdd7245851b2ed243193f,low_WSe2,1.0,2.0,3.0,27.91827631000001,0.1947999999999989,33
619cdd7245851b2ed2431940,low_WSe2,1.0,2.0,3.0,11.750643950000027,1.2955999999999932,33
619cdd7245851b2ed2431941,low_WSe2,3.0,0.0,3.0,50.73597052,0.2112999999999996,33
619cdd7245851b2ed2431942,low_WSe2,3.0,0.0,3.0,50.4881799400001,0.1509999999999998,33
619cdd7245851b2ed2431943,low_WSe2,1.0,2.0,3.0,11.77542528999992,1.284799999999997,33
619cdd7245851b2ed2431944,low_WSe2,1.0,2.0,3.0,11.765368090000027,1.2993999999999986,33
619cdd7245851b2ed2431945,low_WSe2,2.0,1.0,3.0,39.26131521000006,0.1928,33
619cdd7245851b2ed2431946,low_WSe2,1.0,2.0,3.0,11.798434029999942,1.3048000000000002,33
619cdd7245851b2ed2431947,low_WSe2,1.0,2.0,3.0,11.782450919999963,1.2706000000000015,33
619cdd7245851b2ed2431948,low_WSe2,3.0,0.0,3.0,50.686341149999954,0.2602999999999991,33
619cdd7245851b2ed2431949,low_WSe2,2.0,1.0,3.0,39.399901499999984,0.2842000000000002,33
619cdd7245851b2ed243194a,low_WSe2,1.0,2.0,3.0,11.767278069999964,1.3011999999999944,33
619cdd7245851b2ed243194b,low_WSe2,2.0,1.0,3.0,37.576087850000064,0.6547999999999998,33
619cdd7245851b2ed243194c,low_WSe2,1.0,2.0,3.0,11.753888149999955,1.2974999999999994,33
619cdd7245851b2ed243194d,low_WSe2,2.0,1.0,3.0,23.112441770000068,1.2210000000000036,33
619cdd7245851b2ed243194e,low_WSe2,3.0,0.0,3.0,48.84558445999992,0.5678000000000001,33
619cdd7245851b2ed243194f,low_WSe2,3.0,0.0,3.0,50.17640177000008,0.1734000000000009,33
619cdd7245851b2ed2431950,low_WSe2,0.0,3.0,3.0,0.4298174800000538,1.8331000000000015,33
619cdd7245851b2ed2431951,low_WSe2,1.0,2.0,3.0,11.765598989999932,1.2975999999999956,33
619cdd7245851b2ed2431952,low_WSe2,1.0,2.0,3.0,11.77002141999991,1.296599999999998,33
619cdd7245851b2ed2431953,low_WSe2,1.0,2.0,3.0,27.917629510000097,0.1933999999999986,33
619cdd7245851b2ed2431954,low_WSe2,2.0,1.0,3.0,39.22950160000009,0.1480999999999994,33
619cdd7245851b2ed2431955,low_WSe2,0.0,3.0,3.0,0.4298639200000593,1.8320000000000007,33
619cdd7245851b2ed2431956,low_WSe2,0.0,3.0,3.0,0.427592440000069,1.8256000000000012,33
619cdd7245851b2ed2431957,low_WSe2,1.0,2.0,3.0,11.788987540000097,1.1606999999999985,33
619cdd7245851b2ed2431958,low_WSe2,2.0,1.0,3.0,39.27274229999993,0.1823999999999994,33
619cdd7245851b2ed2431959,low_WSe2,3.0,0.0,3.0,50.55079968000005,0.2193999999999984,33
619cdd7245851b2ed243195a,low_WSe2,0.0,3.0,3.0,0.4300634900000091,1.8327999999999989,33
619cdd7245851b2ed243195b,low_WSe2,2.0,1.0,3.0,23.098601299999963,1.2822000000000031,33
619cdd7245851b2ed243195c,low_WSe2,1.0,1.0,2.0,8.016139570000064,1.2998000000000012,34
619cdd7245851b2ed243195d,low_WSe2,1.0,2.0,3.0,28.205298419999963,0.3674999999999997,33
619cdd7245851b2ed243195e,low_WSe2,2.0,1.0,3.0,39.24595838000009,0.1957999999999984,33
619cdd7245851b2ed243195f,low_WSe2,0.0,3.0,3.0,0.4292005900001072,1.828400000000002,33
619cdd7245851b2ed2431960,low_WSe2,3.0,0.0,3.0,50.51309228,0.1897000000000002,33
619cdd7245851b2ed2431961,low_WSe2,2.0,1.0,3.0,39.23403177999994,0.1908000000000012,33
619cdd7245851b2ed2431962,low_WSe2,1.0,2.0,3.0,28.000206489999982,0.2585999999999995,33
619cdd7245851b2ed2431963,low_WSe2,1.0,2.0,3.0,27.91190071000005,0.1952000000000016,33
619cdd7245851b2ed2431964,low_WSe2,3.0,0.0,3.0,50.75397529999996,0.1610999999999993,33
619cdd7245851b2ed2431965,low_WSe2,3.0,0.0,3.0,49.95671473000002,0.1831000000000013,33
619cdd7245851b2ed2431966,low_WSe2,1.0,2.0,3.0,27.967568020000044,0.2225000000000001,33
619cdd7245851b2ed2431967,low_WSe2,0.0,3.0,3.0,0.4293633500000737,1.830500000000001,33
619cdd7245851b2ed2431968,low_WSe2,2.0,1.0,3.0,39.235476030000015,0.2034000000000002,33
619cdd7245851b2ed2431969,low_WSe2,3.0,0.0,3.0,50.59827862000007,0.2441999999999993,33
619cdd7245851b2ed243196a,low_WSe2,2.0,1.0,3.0,39.27591166999996,0.1812000000000004,33
619cdd7245851b2ed243196b,low_WSe2,1.0,2.0,3.0,11.789044670000056,1.159400000000005,33
619cdd7245851b2ed243196c,low_WSe2,3.0,0.0,3.0,50.60038049,0.2576999999999998,33
619cdd7245851b2ed243196d,low_WSe2,1.0,2.0,3.0,11.78664088000004,1.159799999999997,33
619cdd7245851b2ed243196e,low_WSe2,3.0,0.0,3.0,50.58836950000009,0.200099999999999,33
619cdd7245851b2ed243196f,low_WSe2,3.0,0.0,3.0,50.50007848000005,0.2294999999999998,33
619cdd7245851b2ed2431970,low_WSe2,1.0,2.0,3.0,27.87482043999989,0.1744000000000003,33
619cdd7245851b2ed2431971,low_WSe2,1.0,2.0,3.0,27.914240269999937,0.1923999999999992,33
619cdd7245851b2ed2431972,low_WSe2,2.0,1.0,3.0,39.233975729999926,0.1929999999999996,33
619cdd7245851b2ed2431973,low_WSe2,2.0,1.0,3.0,23.114089689999936,1.1249000000000038,33
619cdd7245851b2ed2431974,low_WSe2,1.0,2.0,3.0,11.77400680000004,1.3016000000000003,33
619cdd7245851b2ed2431975,low_WSe2,2.0,1.0,3.0,39.23866193000008,0.1919000000000004,33
619cdd7245851b2ed2431976,low_WSe2,3.0,0.0,3.0,50.571713420000016,0.1624999999999996,33
619cdd7245851b2ed2431977,low_WSe2,1.0,2.0,3.0,11.772741429999986,1.304000000000002,33
619cdd7245851b2ed2431978,low_WSe2,3.0,0.0,3.0,49.98870943999996,0.1874000000000002,33
619cdd7245851b2ed2431979,low_WSe2,3.0,0.0,3.0,50.500868619999984,0.2143999999999994,33
619cdd7245851b2ed243197a,low_WSe2,2.0,1.0,3.0,23.27279393000007,0.8581999999999965,33
619cdd7245851b2ed243197b,low_WSe2,2.0,1.0,3.0,23.119465100000102,1.155200000000001,33
619cdd7245851b2ed243197c,low_WSe2,1.0,2.0,3.0,11.763875289999977,1.3018,33
619cdd7245851b2ed243197d,low_WSe2,2.0,1.0,3.0,23.124762910000108,1.2760000000000034,33
619cdd7245851b2ed243197e,low_WSe2,1.0,2.0,3.0,27.917554690000088,0.1856999999999988,33
619cdd7245851b2ed243197f,low_WSe2,1.0,2.0,3.0,11.774212510000089,1.300699999999999,33
619cdd7245851b2ed2431980,low_WSe2,0.0,3.0,3.0,0.4280601899999396,1.823999999999998,33
619cdd7245851b2ed2431981,low_WSe2,2.0,1.0,3.0,39.28508564999997,0.1652000000000004,33
619cdd7245851b2ed2431982,low_WSe2,2.0,1.0,3.0,23.037790240000085,1.1206000000000031,33
619cdd7245851b2ed2431983,low_WSe2,1.0,2.0,3.0,27.990632210000054,0.2660999999999998,33
619cdd7245851b2ed2431984,low_WSe2,2.0,1.0,3.0,23.11143745999997,1.2682999999999964,33
619cdd7245851b2ed2431985,low_WSe2,1.0,2.0,3.0,11.770290680000006,1.299599999999998,33
619cdd7245851b2ed2431986,low_WSe2,2.0,1.0,3.0,39.248345530000094,0.1930999999999993,33
619cdd7245851b2ed2431987,low_WSe2,1.0,2.0,3.0,28.05861948000006,0.2826000000000004,33
619cdd7245851b2ed2431988,low_WSe2,1.0,2.0,3.0,27.875295049999977,0.1744000000000003,33
619cdd7245851b2ed2431989,low_WSe2,3.0,0.0,3.0,49.9701160600001,0.1913,33
619cdd7245851b2ed243198a,low_WSe2,1.0,2.0,3.0,27.92706268999996,0.1858000000000004,33
619cdd7345851b2ed243198b,low_WSe2,0.0,3.0,3.0,0.4290540900000792,1.8316000000000017,33
619cdd7345851b2ed243198c,low_WSe2,2.0,1.0,3.0,39.23559664000008,0.1971000000000007,33
619cdd7345851b2ed243198d,low_WSe2,3.0,0.0,3.0,48.05564710999997,0.6295000000000002,33
619cdd7345851b2ed243198e,low_WSe2,2.0,1.0,3.0,39.21477336999992,0.2010000000000005,33
619cdd7345851b2ed243198f,low_WSe2,1.0,2.0,3.0,11.784732809999912,1.2993000000000023,33
619cdd7345851b2ed2431990,low_WSe2,3.0,0.0,3.0,50.57178093999992,0.1508000000000002,33
619cdd7345851b2ed2431991,low_WSe2,2.0,1.0,3.0,23.10837186000007,1.1967,33
619cdd7345851b2ed2431992,low_WSe2,1.0,2.0,3.0,11.76350124999998,1.3013000000000048,33
619cdd7345851b2ed2431993,low_WSe2,1.0,2.0,3.0,11.77596741000001,1.3021999999999991,33
619cdd7345851b2ed2431994,low_WSe2,2.0,1.0,3.0,39.23347296999991,0.2180999999999997,33
619cdd7345851b2ed2431995,low_WSe2,1.0,2.0,3.0,11.769484160000037,1.2990000000000066,33
619cdd7345851b2ed2431996,low_WSe2,1.0,2.0,3.0,11.801237899999922,1.3036999999999992,33
619cdd7345851b2ed2431997,low_WSe2,1.0,2.0,3.0,11.76872617999992,1.2994999999999948,33
619cdd7345851b2ed2431998,low_WSe2,1.0,2.0,3.0,11.774012630000003,1.3049000000000035,33
619cdd7345851b2ed2431999,low_WSe2,2.0,1.0,3.0,39.231128409999926,0.2142999999999997,33
619cdd7345851b2ed243199a,low_WSe2,2.0,1.0,3.0,39.26497518000001,0.1907999999999994,33
619cdd7345851b2ed243199b,low_WSe2,3.0,0.0,3.0,50.559565500000055,0.2022999999999992,33
619cdd7345851b2ed243199c,low_WSe2,1.0,2.0,3.0,11.749158770000111,1.2971000000000004,33
619cdd7345851b2ed243199d,low_WSe2,2.0,1.0,3.0,23.11470962000002,1.2438000000000002,33
619cdd7345851b2ed243199e,low_WSe2,1.0,2.0,3.0,27.996857529999943,0.2636000000000003,33
619cdd7345851b2ed243199f,low_WSe2,1.0,2.0,3.0,27.91769464000004,0.1953999999999993,33
619cdd7345851b2ed24319a0,low_WSe2,1.0,2.0,3.0,11.768254479999984,1.2963000000000022,33
619cdd7345851b2ed24319a1,low_WSe2,1.0,2.0,3.0,11.777206030000103,1.3004999999999995,33
619cdd7345851b2ed24319a2,low_WSe2,2.0,1.0,3.0,39.25369217000007,0.1932999999999989,33
619cdd7345851b2ed24319a3,low_WSe2,1.0,2.0,3.0,11.76373009000007,1.303599999999996,33
619cdd7345851b2ed24319a4,low_WSe2,1.0,2.0,3.0,27.88741832000005,0.1721000000000003,33
619cdd7345851b2ed24319a5,low_WSe2,2.0,1.0,3.0,39.23449562,0.2032999999999987,33
619cdd7345851b2ed24319a6,low_WSe2,0.0,3.0,3.0,0.4273578799999882,1.8269999999999984,33
619cdd7345851b2ed24319a7,low_WSe2,2.0,1.0,3.0,38.63882799000002,0.1943999999999999,33
619cdd7345851b2ed24319a8,low_WSe2,0.0,3.0,3.0,0.432462380000004,1.8168999999999969,33
619cdd7345851b2ed24319a9,low_WSe2,1.0,2.0,3.0,11.747708840000076,1.2997000000000014,33
619cdd7345851b2ed24319aa,low_WSe2,1.0,2.0,3.0,11.776961360000076,1.2971999999999966,33
619cdd7345851b2ed24319ab,low_WSe2,1.0,2.0,3.0,11.753331050000032,1.295099999999998,33
619cdd7345851b2ed24319ac,low_WSe2,2.0,1.0,3.0,23.12900781000011,1.2712000000000003,33
619cdd7345851b2ed24319ad,low_WSe2,2.0,1.0,3.0,23.10589688000008,1.218900000000005,33
619cdd7345851b2ed24319ae,low_WSe2,2.0,1.0,3.0,23.09947317999994,1.286200000000001,33
619cdd7345851b2ed24319af,low_WSe2,2.0,1.0,3.0,23.239081819999942,0.8549000000000007,33
619cdd7345851b2ed24319b0,low_WSe2,2.0,1.0,3.0,39.19553066999997,0.1844999999999999,33
619cdd7345851b2ed24319b1,low_WSe2,1.0,2.0,3.0,11.782055789999948,1.157899999999998,33
619cdd7345851b2ed24319b2,low_WSe2,3.0,0.0,3.0,50.59144182999999,0.2658000000000005,33
619cdd7345851b2ed24319b3,low_WSe2,2.0,1.0,3.0,39.24839789000002,0.1994000000000007,33
619cdd7345851b2ed24319b4,low_WSe2,1.0,2.0,3.0,11.769310480000048,1.299199999999999,33
619cdd7345851b2ed24319b5,low_WSe2,1.0,2.0,3.0,27.881051800000023,0.1739999999999995,33
619cdd7345851b2ed24319b6,low_WSe2,0.0,3.0,3.0,0.4377808300000083,1.8280999999999992,33
619cdd7345851b2ed24319b7,low_WSe2,2.0,1.0,3.0,37.56181343000007,0.6194000000000006,33
619cdd7345851b2ed24319b8,low_WSe2,1.0,2.0,3.0,11.79137186999991,1.297699999999999,33
619cdd7345851b2ed24319b9,low_WSe2,3.0,0.0,3.0,50.49997175000008,0.2163999999999983,33
619cdd7345851b2ed24319ba,low_WSe2,1.0,2.0,3.0,27.998015769999935,0.2645999999999997,33
619cdd7345851b2ed24319bb,low_WSe2,2.0,1.0,3.0,23.119569600000013,1.242600000000003,33
619cdd7345851b2ed24319bc,low_WSe2,1.0,2.0,3.0,11.75357370000005,1.298099999999998,33
619cdd7345851b2ed24319bd,low_WSe2,1.0,2.0,3.0,11.773870879999992,1.2948000000000022,33
619cdd7345851b2ed24319be,low_WSe2,2.0,1.0,3.0,39.20158943999995,0.2025000000000005,33
619cdd7345851b2ed24319bf,low_WSe2,0.0,3.0,3.0,0.4290146000000163,1.822699999999997,33
619cdd7345851b2ed24319c0,low_WSe2,2.0,1.0,3.0,39.227126410000025,0.1486999999999998,33
619cdd7345851b2ed24319c1,low_WSe2,2.0,1.0,3.0,38.63135820999996,0.1914999999999995,33
619cdd7345851b2ed24319c2,low_WSe2,1.0,2.0,3.0,11.768710269999918,1.3045000000000044,33
619cdd7345851b2ed24319c3,low_WSe2,3.0,0.0,3.0,49.97244854000005,0.2132000000000005,33
619cdd7345851b2ed24319c4,low_WSe2,1.0,2.0,3.0,11.764919780000117,1.2978999999999985,33
619cdd7345851b2ed24319c5,low_WSe2,3.0,0.0,3.0,50.53166683000004,0.2123999999999988,33
619cdd7345851b2ed24319c6,low_WSe2,1.0,2.0,3.0,11.7586572099999,1.3027000000000015,33
619cdd7345851b2ed24319c7,low_WSe2,1.0,2.0,3.0,27.918352559999903,0.1935000000000002,33
619cdd7345851b2ed24319c8,low_WSe2,2.0,1.0,3.0,39.23910587999994,0.1989,33
619cdd7345851b2ed24319c9,low_WSe2,1.0,2.0,3.0,27.912755759999985,0.1964000000000005,33
619cdd7345851b2ed24319ca,low_WSe2,1.0,2.0,3.0,11.7648112700001,1.2980000000000018,33
619cdd7345851b2ed24319cb,low_WSe2,2.0,1.0,3.0,23.11315175000008,1.2697000000000005,33
619cdd7345851b2ed24319cc,low_WSe2,2.0,1.0,3.0,23.112300380000114,1.2548999999999992,33
619cdd7345851b2ed24319cd,low_WSe2,1.0,2.0,3.0,11.769585799999948,1.2969000000000008,33
619cdd7345851b2ed24319ce,low_WSe2,1.0,2.0,3.0,11.767155369999944,1.2935000000000016,33
619cdd7345851b2ed24319cf,low_WSe2,0.0,3.0,3.0,0.4280676800000833,1.8267999999999984,33
619cdd7345851b2ed24319d0,low_WSe2,1.0,2.0,3.0,27.96818377,0.160400000000001,33
619cdd7345851b2ed24319d1,low_WSe2,1.0,2.0,3.0,28.06454336999991,0.2754999999999992,33
619cdd7345851b2ed24319d2,low_WSe2,2.0,1.0,3.0,39.38140784000011,0.2873999999999999,33
619cdd7345851b2ed24319d3,low_WSe2,2.0,1.0,3.0,39.24094214999995,0.1923999999999992,33
619cdd7345851b2ed24319d4,low_WSe2,1.0,2.0,3.0,27.97040199999992,0.2339000000000002,33
619cdd7345851b2ed24319d5,low_WSe2,3.0,0.0,3.0,50.56969504999993,0.2008999999999989,33
619cdd7345851b2ed24319d6,low_WSe2,0.0,3.0,3.0,0.4284646200000566,1.822899999999997,33
619cdd7345851b2ed24319d7,low_WSe2,3.0,0.0,3.0,50.5082622200001,0.2218,33
619cdd7345851b2ed24319d8,low_WSe2,2.0,1.0,3.0,38.63561183999995,0.1911000000000005,33
619cdd7345851b2ed24319d9,low_WSe2,1.0,2.0,3.0,11.772636809999984,1.3038999999999987,33
619cdd7345851b2ed24319da,low_WSe2,3.0,0.0,3.0,50.15624717000001,0.2664999999999988,33
619cdd7445851b2ed24319db,low_WSe2,3.0,0.0,3.0,50.55781981999994,0.2067999999999994,33
619cdd7445851b2ed24319dc,low_WSe2,2.0,1.0,3.0,23.12373873000005,1.281499999999994,33
619cdd7445851b2ed24319dd,low_WSe2,1.0,2.0,3.0,28.002411660000007,0.2644999999999999,33
619cdd7445851b2ed24319de,low_WSe2,2.0,1.0,3.0,23.11596136999996,1.2851,33
619cdd7445851b2ed24319df,low_WSe2,0.0,3.0,3.0,0.4267648899999017,1.822899999999997,33
619cdd7445851b2ed24319e0,low_WSe2,1.0,2.0,3.0,27.91711994000002,0.1944999999999996,33
619cdd7445851b2ed24319e1,low_WSe2,1.0,2.0,3.0,27.927188650000065,0.1866000000000003,33
619cdd7445851b2ed24319e2,low_WSe2,0.0,3.0,3.0,0.429416930000059,1.8270999999999944,33
619cdd7445851b2ed24319e3,low_WSe2,2.0,0.0,2.0,40.98362708000003,0.2708000000000012,34
619cdd7445851b2ed24319e4,low_WSe2,2.0,1.0,3.0,39.38754010000007,0.3015000000000007,33
619cdd7445851b2ed24319e5,low_WSe2,3.0,0.0,3.0,50.518593370000055,0.2114999999999991,33
619cdd7445851b2ed24319e6,low_WSe2,2.0,1.0,3.0,39.236065560000085,0.1857999999999986,33
619cdd7445851b2ed24319e7,low_WSe2,2.0,1.0,3.0,23.102990420000005,1.2587999999999937,33
619cdd7445851b2ed24319e8,low_WSe2,1.0,2.0,3.0,11.769298859999925,1.2998000000000047,33
619cdd7445851b2ed24319e9,low_WSe2,2.0,1.0,3.0,39.19447558999995,0.2093999999999987,33
619cdd7445851b2ed24319ea,low_WSe2,2.0,1.0,3.0,39.23418614999996,0.205,33
619cdd7445851b2ed24319eb,low_WSe2,1.0,2.0,3.0,11.767695629999924,1.3029999999999973,33
619cdd7445851b2ed24319ec,low_WSe2,1.0,2.0,3.0,11.767352390000031,1.297399999999996,33
619cdd7445851b2ed24319ed,low_WSe2,1.0,2.0,3.0,27.936226829999896,0.1861999999999994,33
619cdd7445851b2ed24319ee,low_WSe2,2.0,1.0,3.0,23.108850280000105,1.218899999999998,33
619cdd7445851b2ed24319ef,low_WSe2,1.0,2.0,3.0,11.771281470000066,1.2975999999999956,33
619cdd7445851b2ed24319f0,low_WSe2,1.0,2.0,3.0,27.99537153999995,0.2675,33
619cdd7445851b2ed24319f1,low_WSe2,2.0,1.0,3.0,39.23522746000008,0.2171000000000003,33
619cdd7445851b2ed24319f2,low_WSe2,0.0,3.0,3.0,0.4296725099999889,1.824300000000001,33
619cdd7445851b2ed24319f3,low_WSe2,1.0,2.0,3.0,11.768618360000108,1.292500000000004,33
619cdd7445851b2ed24319f4,low_WSe2,1.0,2.0,3.0,11.775072549999994,1.304000000000002,33
619cdd7445851b2ed24319f5,low_WSe2,1.0,2.0,3.0,11.770066600000051,1.297699999999999,33
619cdd7445851b2ed24319f6,low_WSe2,3.0,0.0,3.0,50.52362499000001,0.2096,33
619cdd7445851b2ed24319f7,low_WSe2,0.0,3.0,3.0,0.4320422000000121,1.8140999999999965,33
619cdd7445851b2ed24319f8,low_WSe2,1.0,2.0,3.0,27.876254430000017,0.1751999999999984,33
619cdd7445851b2ed24319f9,low_WSe2,2.0,1.0,3.0,39.242957559999965,0.1839999999999992,33
619cdd7445851b2ed24319fa,low_WSe2,2.0,1.0,3.0,23.091363390000005,1.1965000000000003,33
619cdd7445851b2ed24319fb,low_WSe2,2.0,1.0,3.0,39.18581737999993,0.1904000000000003,33
619cdd7445851b2ed24319fc,low_WSe2,1.0,2.0,3.0,11.775139329999991,1.1584999999999963,33
619cdd7445851b2ed24319fd,low_WSe2,0.0,3.0,3.0,0.4304500899999652,1.8307999999999964,33
619cdd7445851b2ed24319fe,low_WSe2,2.0,1.0,3.0,39.25340312000007,0.1886999999999989,33
619cdd7445851b2ed24319ff,low_WSe2,1.0,2.0,3.0,11.766686930000096,1.2979999999999947,33
619cdd7445851b2ed2431a00,low_WSe2,0.0,2.0,2.0,2.08953109000006,1.828800000000001,34
619cdd7445851b2ed2431a01,low_WSe2,3.0,0.0,3.0,50.5755865300001,0.2181999999999995,33
619cdd7445851b2ed2431a02,low_WSe2,2.0,1.0,3.0,38.63490297000003,0.1896999999999984,33
619cdd7445851b2ed2431a03,low_WSe2,1.0,2.0,3.0,11.768668469999955,1.283299999999997,33
619cdd7445851b2ed2431a04,low_WSe2,1.0,2.0,3.0,27.921078569999963,0.1959999999999997,33
619cdd7445851b2ed2431a05,low_WSe2,0.0,3.0,3.0,0.4270672500001069,1.8301000000000016,33
619cdd7445851b2ed2431a06,low_WSe2,3.0,0.0,3.0,50.56166044999996,0.1951,33
619cdd7445851b2ed2431a07,low_WSe2,0.0,3.0,3.0,0.4319718999999509,1.8325999999999996,33
619cdd7445851b2ed2431a08,low_WSe2,0.0,3.0,3.0,0.4293377099999702,1.826900000000002,33
619cdd7445851b2ed2431a09,low_WSe2,1.0,2.0,3.0,11.7756171599999,1.298099999999998,33
619cdd7445851b2ed2431a0a,low_WSe2,3.0,0.0,3.0,49.97021716000004,0.1879999999999988,33
619cdd7445851b2ed2431a0b,low_WSe2,1.0,2.0,3.0,27.89048378999996,0.1712000000000006,33
619cdd7445851b2ed2431a0c,low_WSe2,2.0,1.0,3.0,39.2505025200001,0.1960999999999995,33
619cdd7445851b2ed2431a0d,low_WSe2,1.0,2.0,3.0,27.914217060000052,0.1861999999999994,33
619cdd7445851b2ed2431a0e,low_WSe2,3.0,0.0,3.0,50.578013680000005,0.220600000000001,33
619cdd7445851b2ed2431a0f,low_WSe2,1.0,2.0,3.0,11.764872989999947,1.301099999999998,33
619cdd7445851b2ed2431a10,low_WSe2,1.0,2.0,3.0,11.752092819999906,1.3021999999999991,33
619cdd7445851b2ed2431a11,low_WSe2,1.0,2.0,3.0,28.00365615999999,0.2647999999999992,33
619cdd7445851b2ed2431a12,low_WSe2,2.0,1.0,3.0,23.130582840000024,1.1411000000000016,33
619cdd7445851b2ed2431a13,low_WSe2,3.0,0.0,3.0,49.95817597000005,0.1980000000000004,33
619cdd7445851b2ed2431a14,low_WSe2,2.0,1.0,3.0,39.226361020000056,0.1553000000000004,33
619cdd7445851b2ed2431a15,low_WSe2,2.0,1.0,3.0,39.14510139000008,0.2039000000000008,33
619cdd7445851b2ed2431a16,low_WSe2,1.0,2.0,3.0,11.76692866999996,1.2969000000000008,33
619cdd7445851b2ed2431a17,low_WSe2,0.0,3.0,3.0,0.428674400000034,1.828400000000002,33
619cdd7445851b2ed2431a18,low_WSe2,1.0,1.0,2.0,8.036996910000084,1.2716000000000012,34
619cdd7445851b2ed2431a19,low_WSe2,2.0,1.0,3.0,39.19402861999997,0.2028999999999996,33
619cdd7445851b2ed2431a1a,low_WSe2,0.0,3.0,3.0,0.4271432600000366,1.825800000000001,33
619cdd7445851b2ed2431a1b,low_WSe2,2.0,1.0,3.0,23.10698181000001,1.137999999999998,33
619cdd7445851b2ed2431a1c,low_WSe2,1.0,2.0,3.0,11.762255829999948,1.3003,33
619cdd7445851b2ed2431a1d,low_WSe2,2.0,1.0,3.0,39.23159235000007,0.1507000000000005,33
619cdd7445851b2ed2431a1e,low_WSe2,2.0,1.0,3.0,39.24724993,0.1977999999999991,33
619cdd7445851b2ed2431a1f,low_WSe2,1.0,2.0,3.0,27.87921815000004,0.174199999999999,33
619cdd7445851b2ed2431a20,low_WSe2,2.0,1.0,3.0,38.65815301000002,0.2201999999999984,33
619cdd7445851b2ed2431a21,low_WSe2,3.0,0.0,3.0,50.6154220500001,0.2471999999999994,33
619cdd7445851b2ed2431a22,low_WSe2,0.0,2.0,2.0,2.0898508800001085,1.8288999999999973,34
619cdd7445851b2ed2431a23,low_WSe2,1.0,2.0,3.0,27.99869693000005,0.2629999999999999,33
619cdd7445851b2ed2431a24,low_WSe2,2.0,1.0,3.0,38.63026715000005,0.1940000000000008,33
619cdd7445851b2ed2431a25,low_WSe2,0.0,3.0,3.0,0.4508501699999101,1.827600000000004,33
619cdd7445851b2ed2431a26,low_WSe2,1.0,2.0,3.0,27.931201209999927,0.1541999999999994,33
619cdd7445851b2ed2431a27,low_WSe2,3.0,0.0,3.0,50.57811578999995,0.2031000000000009,33
619cdd7445851b2ed2431a28,low_WSe2,3.0,0.0,3.0,49.95433039999998,0.2003000000000003,33
619cdd7445851b2ed2431a29,low_WSe2,1.0,2.0,3.0,11.682920660000024,1.3078999999999965,33
619cdd7445851b2ed2431a2a,low_WSe2,2.0,1.0,3.0,23.106691320000017,1.2592,33
619cdd7445851b2ed2431a2b,low_WSe2,1.0,2.0,3.0,11.789347110000095,1.300699999999999,33
619cdd7545851b2ed2431a2c,low_WSe2,3.0,0.0,3.0,50.58845342000004,0.1616999999999997,33
619cdd7545851b2ed2431a2d,low_WSe2,2.0,1.0,3.0,23.12423846000005,1.2826999999999984,33
619cdd7545851b2ed2431a2e,low_WSe2,1.0,2.0,3.0,11.78088273000002,1.1563000000000017,33
619cdd7545851b2ed2431a2f,low_WSe2,1.0,2.0,3.0,28.06135307,0.2858999999999998,33
619cdd7545851b2ed2431a30,low_WSe2,2.0,1.0,3.0,23.11062294000002,1.269599999999997,33
619cdd7545851b2ed2431a31,low_WSe2,2.0,1.0,3.0,39.2275978600001,0.1408999999999984,33
619cdd7545851b2ed2431a32,low_WSe2,2.0,1.0,3.0,38.592055260000095,0.1800999999999994,33
619cdd7545851b2ed2431a33,low_WSe2,2.0,1.0,3.0,23.111861979999997,1.268000000000001,33
619cdd7545851b2ed2431a34,low_WSe2,1.0,2.0,3.0,11.76781802000004,1.3021999999999991,33
619cdd7545851b2ed2431a35,low_WSe2,1.0,2.0,3.0,11.680096660000109,1.3064999999999998,33
619cdd7545851b2ed2431a36,low_WSe2,2.0,1.0,3.0,39.22736833999993,0.1907999999999994,33
619cdd7545851b2ed2431a37,low_WSe2,2.0,1.0,3.0,23.1106368000001,1.287399999999998,33
619cdd7545851b2ed2431a38,low_WSe2,2.0,1.0,3.0,23.11760972999995,1.147199999999998,33
619cdd7545851b2ed2431a39,low_WSe2,1.0,1.0,2.0,29.663392869999903,0.2614000000000001,34
619cdd7545851b2ed2431a3a,low_WSe2,2.0,1.0,3.0,23.10519770999989,1.2560999999999964,33
619cdd7545851b2ed2431a3b,low_WSe2,1.0,2.0,3.0,11.770099540000036,1.2938000000000045,33
619cdd7545851b2ed2431a3c,low_WSe2,2.0,1.0,3.0,39.24654044999993,0.198500000000001,33
619cdd7545851b2ed2431a3d,low_WSe2,2.0,1.0,3.0,39.2175341099999,0.2165999999999996,33
619cdd7545851b2ed2431a3e,low_WSe2,3.0,0.0,3.0,50.5226645199999,0.2138999999999988,33
619cdd7545851b2ed2431a3f,low_WSe2,1.0,2.0,3.0,27.87050909000004,0.186300000000001,33
619cdd7545851b2ed2431a40,low_WSe2,0.0,3.0,3.0,0.4322473199999308,1.8192999999999984,33
619cdd7545851b2ed2431a41,low_WSe2,0.0,3.0,3.0,0.4310464300000944,1.8290000000000008,33
619cdd7545851b2ed2431a42,low_WSe2,2.0,1.0,3.0,39.25673005000003,0.1996000000000002,33
619cdd7545851b2ed2431a43,low_WSe2,1.0,2.0,3.0,11.763483879999956,1.2993000000000023,33
619cdd7545851b2ed2431a44,low_WSe2,2.0,1.0,3.0,38.58872367999997,0.1786999999999992,33
619cdd7545851b2ed2431a45,low_WSe2,1.0,1.0,2.0,13.43942774,1.2942999999999998,34
619cdd7545851b2ed2431a46,low_WSe2,2.0,1.0,3.0,39.23421205999993,0.1854999999999993,33
619cdd7545851b2ed2431a47,low_WSe2,1.0,2.0,3.0,11.766856429999953,1.3033,33
619cdd7545851b2ed2431a48,low_WSe2,1.0,2.0,3.0,11.77028246000008,1.2912999999999997,33
619cdd7545851b2ed2431a49,low_WSe2,1.0,2.0,3.0,11.788910920000024,1.157899999999998,33
619cdd7545851b2ed2431a4a,low_WSe2,2.0,1.0,3.0,23.099878929999967,1.2727000000000004,33
619cdd7545851b2ed2431a4b,low_WSe2,0.0,3.0,3.0,0.4299401200000261,1.8301000000000016,33
619cdd7545851b2ed2431a4c,low_WSe2,3.0,0.0,3.0,48.89127270000004,0.5643999999999991,33
619cdd7545851b2ed2431a4d,low_WSe2,1.0,1.0,2.0,29.730258160000027,0.2818000000000005,34
619cdd7545851b2ed2431a4e,low_WSe2,1.0,2.0,3.0,11.754573570000035,1.3011999999999944,33
619cdd7545851b2ed2431a4f,low_WSe2,2.0,1.0,3.0,39.19387813000007,0.1859999999999999,33
619cdd7545851b2ed2431a50,low_WSe2,0.0,3.0,3.0,0.4285794599999803,1.827300000000001,33
619cdd7545851b2ed2431a51,low_WSe2,3.0,0.0,3.0,50.52945239999995,0.2158999999999995,33
619cdd7545851b2ed2431a52,low_WSe2,1.0,2.0,3.0,27.88129058000004,0.1737000000000002,33
619cdd7545851b2ed2431a53,low_WSe2,3.0,0.0,3.0,50.54642475000001,0.2134999999999998,33
619cdd7545851b2ed2431a54,low_WSe2,0.0,3.0,3.0,0.4878023299999654,1.8301000000000016,33
619cdd7545851b2ed2431a55,low_WSe2,3.0,0.0,3.0,50.554766289999954,0.1984999999999992,33
619cdd7545851b2ed2431a56,low_WSe2,3.0,0.0,3.0,50.58350380000011,0.2004999999999999,33
619cdd7545851b2ed2431a57,low_WSe2,2.0,1.0,3.0,39.25490851999989,0.1845999999999996,33
619cdd7545851b2ed2431a58,low_WSe2,2.0,1.0,3.0,23.142591699999947,1.2653999999999996,33
619cdd7545851b2ed2431a59,low_WSe2,2.0,1.0,3.0,23.1055604399999,1.2798000000000016,33
619cdd7545851b2ed2431a5a,low_WSe2,3.0,0.0,3.0,50.59188428999992,0.1990999999999996,33
619cdd7545851b2ed2431a5b,low_WSe2,2.0,1.0,3.0,23.12471523999992,1.280300000000004,33
619cdd7545851b2ed2431a5c,low_WSe2,1.0,2.0,3.0,11.79997146000004,1.301400000000001,33
619cdd7545851b2ed2431a5d,low_WSe2,2.0,1.0,3.0,38.6364494299999,0.1941000000000006,33
619cdd7545851b2ed2431a5e,low_WSe2,1.0,2.0,3.0,11.80036990999996,1.3042000000000016,33
619cdd7545851b2ed2431a5f,low_WSe2,0.0,3.0,3.0,0.4278607900000111,1.8280999999999992,33
619cdd7545851b2ed2431a60,low_WSe2,1.0,2.0,3.0,11.766915359999974,1.3016000000000003,33
619cdd7545851b2ed2431a61,low_WSe2,1.0,2.0,3.0,28.04776865000008,0.2202999999999999,33
619cdd7545851b2ed2431a62,low_WSe2,2.0,1.0,3.0,39.19636930000006,0.2019999999999999,33
619cdd7545851b2ed2431a63,low_WSe2,1.0,2.0,3.0,11.77085890000011,1.301099999999998,33
619cdd7545851b2ed2431a64,low_WSe2,2.0,1.0,3.0,23.09653202000008,1.25,33
619cdd7545851b2ed2431a65,low_WSe2,1.0,2.0,3.0,11.754911080000046,1.3012000000000017,33
619cdd7545851b2ed2431a66,low_WSe2,2.0,1.0,3.0,39.245405010000056,0.2006999999999994,33
619cdd7545851b2ed2431a67,low_WSe2,3.0,0.0,3.0,50.570041909999965,0.1871999999999989,33
619cdd7545851b2ed2431a68,low_WSe2,0.0,3.0,3.0,0.4278835300000878,1.8303999999999971,33
619cdd7545851b2ed2431a69,low_WSe2,3.0,0.0,3.0,50.48123008999992,0.1994000000000007,33
619cdd7545851b2ed2431a6a,low_WSe2,3.0,0.0,3.0,50.56649531999992,0.1973000000000002,33
619cdd7545851b2ed2431a6b,low_WSe2,2.0,1.0,3.0,39.22769702000009,0.1468000000000007,33
619cdd7545851b2ed2431a6c,low_WSe2,3.0,0.0,3.0,50.58386593999999,0.2011000000000002,33
619cdd7545851b2ed2431a6d,low_WSe2,3.0,0.0,3.0,50.72677921999989,0.1872000000000007,33
619cdd7545851b2ed2431a6e,low_WSe2,3.0,0.0,3.0,50.53668011999989,0.1495000000000015,33
619cdd7545851b2ed2431a6f,low_WSe2,2.0,1.0,3.0,39.24443167000008,0.2003000000000003,33
619cdd7545851b2ed2431a70,low_WSe2,3.0,0.0,3.0,50.49114201999996,0.2263000000000001,33
619cdd7545851b2ed2431a71,low_WSe2,1.0,2.0,3.0,11.771605350000062,1.3007999999999953,33
619cdd7545851b2ed2431a72,low_WSe2,1.0,2.0,3.0,28.06534269000008,0.2815999999999992,33
619cdd7545851b2ed2431a73,low_WSe2,1.0,2.0,3.0,11.75171922000003,1.299199999999999,33
619cdd7545851b2ed2431a74,low_WSe2,1.0,1.0,2.0,8.023079769999981,1.2958999999999996,34
619cdd7545851b2ed2431a75,low_WSe2,1.0,2.0,3.0,11.778877400000043,1.2985000000000042,33
619cdd7545851b2ed2431a76,low_WSe2,1.0,2.0,3.0,27.963163740000027,0.158199999999999,33
619cdd7545851b2ed2431a77,low_WSe2,2.0,1.0,3.0,39.22880510000009,0.1512999999999991,33
619cdd7545851b2ed2431a78,low_WSe2,0.0,3.0,3.0,0.4265776999999957,1.823999999999998,33
619cdd7645851b2ed2431a79,low_WSe2,3.0,0.0,3.0,50.569436580000094,0.2072000000000002,33
619cdd7645851b2ed2431a7a,low_WSe2,1.0,2.0,3.0,11.76808217000006,1.2937000000000012,33
619cdd7645851b2ed2431a7b,low_WSe2,2.0,1.0,3.0,37.61884777999994,0.6312000000000015,33
619cdd7645851b2ed2431a7c,low_WSe2,1.0,2.0,3.0,27.875916149999966,0.1753999999999997,33
619cdd7645851b2ed2431a7d,low_WSe2,1.0,2.0,3.0,11.768736160000106,1.2967000000000013,33
619cdd7645851b2ed2431a7e,low_WSe2,2.0,1.0,3.0,23.108773270000064,1.284299999999995,33
619cdd7645851b2ed2431a7f,low_WSe2,3.0,0.0,3.0,49.95437112999989,0.1929999999999996,33
619cdd7645851b2ed2431a80,low_WSe2,2.0,1.0,3.0,39.23647274,0.2178000000000004,33
619cdd7645851b2ed2431a81,low_WSe2,2.0,1.0,3.0,23.14282329000006,1.1820000000000022,33
619cdd7645851b2ed2431a82,low_WSe2,2.0,0.0,2.0,19.278703130000103,1.112400000000001,34
619cdd7645851b2ed2431a83,low_WSe2,1.0,2.0,3.0,28.053218900000047,0.214599999999999,33
619cdd7645851b2ed2431a84,low_WSe2,2.0,1.0,3.0,39.21167653999992,0.1896000000000004,33
619cdd7645851b2ed2431a85,low_WSe2,1.0,2.0,3.0,27.91988197000001,0.1966999999999998,33
619cdd7645851b2ed2431a86,low_WSe2,0.0,3.0,3.0,0.4269539500000405,1.823999999999998,33
619cdd7645851b2ed2431a87,low_WSe2,1.0,2.0,3.0,11.767917010000009,1.3014999999999972,33
619cdd7645851b2ed2431a88,low_WSe2,2.0,1.0,3.0,39.22914347999999,0.1480999999999994,33
619cdd7645851b2ed2431a89,low_WSe2,0.0,2.0,2.0,-3.32043655,1.8622000000000012,34
619cdd7645851b2ed2431a8a,low_WSe2,2.0,1.0,3.0,39.24516380000004,0.1905000000000001,33
619cdd7645851b2ed2431a8b,low_WSe2,1.0,2.0,3.0,28.05317852999997,0.2184000000000008,33
619cdd7645851b2ed2431a8c,low_WSe2,1.0,2.0,3.0,27.99933422000004,0.2651000000000003,33
619cdd7645851b2ed2431a8d,low_WSe2,2.0,0.0,2.0,19.40214495000003,1.1792999999999996,34
619cdd7645851b2ed2431a8e,low_WSe2,0.0,1.0,1.0,3.749731329999907,1.8335000000000008,35
619cdd7645851b2ed2431a8f,low_WSe2,1.0,2.0,3.0,11.771394820000058,1.293999999999997,33
619cdd7645851b2ed2431a90,low_WSe2,1.0,2.0,3.0,11.768698950000031,1.2979000000000056,33
619cdd7645851b2ed2431a91,low_WSe2,0.0,3.0,3.0,0.4319867200001113,1.8181000000000007,33
619cdd7645851b2ed2431a92,low_WSe2,3.0,0.0,3.0,50.622511229999965,0.2440999999999995,33
619cdd7645851b2ed2431a93,low_WSe2,2.0,1.0,3.0,23.09815873000006,1.2447000000000017,33
619cdd7645851b2ed2431a94,low_WSe2,1.0,2.0,3.0,11.770481060000057,1.2856999999999985,33
619cdd7645851b2ed2431a95,low_WSe2,1.0,2.0,3.0,27.880282280000078,0.1728999999999985,33
619cdd7645851b2ed2431a96,low_WSe2,1.0,2.0,3.0,11.773246420000069,1.305500000000002,33
619cdd7645851b2ed2431a97,low_WSe2,0.0,3.0,3.0,0.454983000000027,1.8260999999999967,33
619cdd7645851b2ed2431a98,low_WSe2,1.0,2.0,3.0,27.914097600000105,0.1969000000000011,33
619cdd7645851b2ed2431a99,low_WSe2,2.0,1.0,3.0,38.62785362000004,0.1936999999999997,33
619cdd7645851b2ed2431a9a,low_WSe2,2.0,1.0,3.0,39.33833185000008,0.2446000000000001,33
619cdd7645851b2ed2431a9b,low_WSe2,2.0,1.0,3.0,39.32495595999994,0.2739999999999991,33
619cdd7645851b2ed2431a9c,low_WSe2,1.0,2.0,3.0,27.87457668000002,0.1784999999999996,33
619cdd7645851b2ed2431a9d,low_WSe2,2.0,1.0,3.0,23.27255431999996,0.8559999999999945,33
619cdd7645851b2ed2431a9e,low_WSe2,0.0,3.0,3.0,0.4299762099998929,1.8292,33
619cdd7645851b2ed2431a9f,low_WSe2,1.0,2.0,3.0,27.92236847000004,0.1881000000000003,33
619cdd7645851b2ed2431aa0,low_WSe2,3.0,0.0,3.0,48.79532888999993,0.3105000000000011,33
619cdd7645851b2ed2431aa1,low_WSe2,1.0,2.0,3.0,11.76255695000008,1.2986999999999966,33
619cdd7645851b2ed2431aa2,low_WSe2,1.0,2.0,3.0,11.769609590000062,1.296199999999999,33
619cdd7645851b2ed2431aa3,low_WSe2,3.0,0.0,3.0,50.54197252999993,0.2194000000000002,33
619cdd7645851b2ed2431aa4,low_WSe2,2.0,0.0,2.0,19.367881710000056,1.2571999999999992,34
619cdd7645851b2ed2431aa5,low_WSe2,1.0,2.0,3.0,27.994027640000013,0.2660999999999998,33
619cdd7645851b2ed2431aa6,low_WSe2,0.0,3.0,3.0,0.4296164300000669,1.828800000000001,33
619cdd7645851b2ed2431aa7,low_WSe2,2.0,1.0,3.0,39.25623154000009,0.1908999999999991,33
619cdd7645851b2ed2431aa8,low_WSe2,2.0,1.0,3.0,23.14976617999995,1.1788000000000023,33
619cdd7645851b2ed2431aa9,low_WSe2,0.0,3.0,3.0,0.4519641599999318,1.8241999999999976,33
619cdd7645851b2ed2431aaa,low_WSe2,0.0,3.0,3.0,0.4265264400000319,1.8237000000000023,33
619cdd7645851b2ed2431aab,low_WSe2,1.0,2.0,3.0,28.0626373099999,0.2759,33
619cdd7645851b2ed2431aac,low_WSe2,1.0,2.0,3.0,11.793144310000104,1.157299999999999,33
619cdd7645851b2ed2431aad,low_WSe2,2.0,1.0,3.0,39.21426204999993,0.1903000000000005,33
619cdd7645851b2ed2431aae,low_WSe2,2.0,1.0,3.0,23.10932112999993,1.2657000000000025,33
619cdd7645851b2ed2431aaf,low_WSe2,1.0,2.0,3.0,11.771657810000068,1.3027000000000015,33
619cdd7645851b2ed2431ab0,low_WSe2,1.0,2.0,3.0,11.782865619999928,1.2924999999999969,33
619cdd7645851b2ed2431ab1,low_WSe2,2.0,1.0,3.0,39.2036627800001,0.2045000000000012,33
619cdd7645851b2ed2431ab2,low_WSe2,2.0,1.0,3.0,39.22054675000008,0.1903000000000005,33
619cdd7645851b2ed2431ab3,low_WSe2,1.0,2.0,3.0,28.00835114000006,0.2601999999999993,33
619cdd7645851b2ed2431ab4,low_WSe2,1.0,2.0,3.0,27.99924949000001,0.2622,33
619cdd7645851b2ed2431ab5,low_WSe2,2.0,1.0,3.0,23.12695463999993,1.2441999999999993,33
619cdd7645851b2ed2431ab6,low_WSe2,1.0,2.0,3.0,28.016501340000104,0.2437000000000004,33
619cdd7645851b2ed2431ab7,low_WSe2,0.0,3.0,3.0,0.4297745200000804,1.8308000000000035,33
619cdd7645851b2ed2431ab8,low_WSe2,1.0,2.0,3.0,27.927859850000004,0.1941000000000006,33
619cdd7645851b2ed2431ab9,low_WSe2,1.0,2.0,3.0,27.91872682999997,0.1920000000000001,33
619cdd7645851b2ed2431aba,low_WSe2,2.0,1.0,3.0,39.24860898999991,0.1980000000000004,33
619cdd7645851b2ed2431abb,low_WSe2,1.0,2.0,3.0,11.762518510000053,1.3003999999999962,33
619cdd7645851b2ed2431abc,low_WSe2,3.0,0.0,3.0,50.54960717999993,0.2019999999999999,33
619cdd7645851b2ed2431abd,low_WSe2,1.0,2.0,3.0,11.77398573000004,1.300699999999999,33
619cdd7645851b2ed2431abe,low_WSe2,2.0,1.0,3.0,37.594576770000046,0.6381999999999994,33
619cdd7645851b2ed2431abf,low_WSe2,2.0,1.0,3.0,39.235329030000045,0.2095000000000002,33
619cdd7645851b2ed2431ac0,low_WSe2,0.0,3.0,3.0,0.4288887800000225,1.828400000000002,33
619cdd7645851b2ed2431ac1,low_WSe2,0.0,3.0,3.0,0.4310317599999393,1.8312999999999988,33
619cdd7645851b2ed2431ac2,low_WSe2,3.0,0.0,3.0,50.56418820000008,0.2039999999999988,33
619cdd7645851b2ed2431ac3,low_WSe2,2.0,1.0,3.0,39.19541929999996,0.1887000000000007,33
619cdd7645851b2ed2431ac4,low_WSe2,3.0,0.0,3.0,50.58036563000005,0.2030999999999991,33
619cdd7645851b2ed2431ac5,low_WSe2,2.0,1.0,3.0,39.37185339000011,0.2783999999999995,33
619cdd7645851b2ed2431ac6,low_WSe2,2.0,1.0,3.0,23.120102619999933,1.2479999999999976,33
619cdd7745851b2ed2431ac7,low_WSe2,2.0,1.0,3.0,23.13242111000003,1.147999999999996,33
619cdd7745851b2ed2431ac8,low_WSe2,2.0,1.0,3.0,39.22456902000003,0.1872000000000007,33
619cdd7745851b2ed2431ac9,low_WSe2,0.0,3.0,3.0,0.4291503500000431,1.8301999999999976,33
619cdd7745851b2ed2431aca,low_WSe2,1.0,2.0,3.0,11.771001360000117,1.2864000000000004,33
619cdd7745851b2ed2431acb,low_WSe2,0.0,2.0,2.0,-3.320070819999888,1.8634999999999984,34
619cdd7745851b2ed2431acc,low_WSe2,1.0,2.0,3.0,11.789782139999932,1.302100000000003,33
619cdd7745851b2ed2431acd,low_WSe2,1.0,2.0,3.0,11.778945320000036,1.158999999999999,33
619cdd7745851b2ed2431ace,low_WSe2,0.0,3.0,3.0,0.4277669100001162,1.822500000000005,33
619cdd7745851b2ed2431acf,low_WSe2,0.0,3.0,3.0,0.4277803500000914,1.8269999999999984,33
619cdd7745851b2ed2431ad0,low_WSe2,1.0,2.0,3.0,27.912834440000097,0.188600000000001,33
619cdd7745851b2ed2431ad1,low_WSe2,1.0,2.0,3.0,11.771419209999966,1.3008000000000024,33
619cdd7745851b2ed2431ad2,low_WSe2,1.0,2.0,3.0,28.04851078999991,0.2218,33
619cdd7745851b2ed2431ad3,low_WSe2,0.0,3.0,3.0,0.4289361600000916,1.8275000000000008,33
619cdd7745851b2ed2431ad4,low_WSe2,2.0,1.0,3.0,39.2330548800001,0.1997999999999997,33
619cdd7745851b2ed2431ad5,low_WSe2,2.0,1.0,3.0,23.09336387000011,1.282999999999994,33
619cdd7745851b2ed2431ad6,low_WSe2,2.0,1.0,3.0,39.194444479999945,0.2120999999999995,33
619cdd7745851b2ed2431ad7,low_WSe2,1.0,2.0,3.0,11.759071059999986,1.300699999999999,33
619cdd7745851b2ed2431ad8,low_WSe2,2.0,1.0,3.0,23.11914194,1.085099999999997,33
619cdd7745851b2ed2431ad9,low_WSe2,2.0,1.0,3.0,39.224628380000055,0.1834000000000006,33
619cdd7745851b2ed2431ada,low_WSe2,2.0,1.0,3.0,39.248658569999904,0.1956000000000006,33
619cdd7745851b2ed2431adb,low_WSe2,1.0,2.0,3.0,11.765138109999942,1.3019999999999996,33
619cdd7745851b2ed2431adc,low_WSe2,2.0,1.0,3.0,39.25655557000009,0.1582000000000007,33
619cdd7745851b2ed2431add,low_WSe2,2.0,1.0,3.0,39.254794380000064,0.1960000000000015,33
619cdd7745851b2ed2431ade,low_WSe2,0.0,3.0,3.0,0.4289195299999733,1.8297000000000023,33
619cdd7745851b2ed2431adf,low_WSe2,1.0,2.0,3.0,27.91738325999995,0.1943000000000001,33
619cdd7745851b2ed2431ae0,low_WSe2,1.0,2.0,3.0,11.767231000000027,1.3022999999999954,33
619cdd7745851b2ed2431ae1,low_WSe2,1.0,2.0,3.0,11.796385679999949,1.3025999999999982,33
619cdd7745851b2ed2431ae2,low_WSe2,1.0,2.0,3.0,27.972162600000047,0.1542000000000012,33
619cdd7745851b2ed2431ae3,low_WSe2,2.0,1.0,3.0,39.25198761000006,0.1982999999999997,33
619cdd7745851b2ed2431ae4,low_WSe2,1.0,2.0,3.0,11.742291600000032,1.2930000000000064,33
619cdd7745851b2ed2431ae5,low_WSe2,3.0,0.0,3.0,50.59348103000011,0.1531000000000002,33
619cdd7745851b2ed2431ae6,low_WSe2,2.0,1.0,3.0,38.644566499999925,0.1912000000000002,33
619cdd7745851b2ed2431ae7,low_WSe2,2.0,1.0,3.0,39.446077269999975,0.2666000000000004,33
619cdd7745851b2ed2431ae8,low_WSe2,2.0,1.0,3.0,23.12343788000002,1.1280999999999963,33
619cdd7745851b2ed2431ae9,low_WSe2,0.0,3.0,3.0,0.4380047100000297,1.8290999999999968,33
619cdd7745851b2ed2431aea,low_WSe2,2.0,1.0,3.0,39.236949480000064,0.1989,33
619cdd7745851b2ed2431aeb,low_WSe2,0.0,3.0,3.0,0.4291175099999122,1.8165000000000049,33
619cdd7745851b2ed2431aec,low_WSe2,0.0,2.0,2.0,-3.3191505900000955,1.8652000000000013,34
619cdd7745851b2ed2431aed,low_WSe2,2.0,1.0,3.0,23.1263932499999,1.2793999999999954,33
619cdd7745851b2ed2431aee,low_WSe2,2.0,1.0,3.0,39.37037805000004,0.2313999999999989,33
619cdd7745851b2ed2431aef,low_WSe2,1.0,2.0,3.0,27.96291679000001,0.1618999999999992,33
619cdd7745851b2ed2431af0,low_WSe2,2.0,1.0,3.0,39.17840983000001,0.2089999999999996,33
619cdd7745851b2ed2431af1,low_WSe2,1.0,2.0,3.0,28.055196600000045,0.2759,33
619cdd7745851b2ed2431af2,low_WSe2,1.0,2.0,3.0,11.778577360000089,1.2961000000000027,33
619cdd7745851b2ed2431af3,low_WSe2,2.0,1.0,3.0,39.255019120000085,0.1946999999999992,33
619cdd7745851b2ed2431af4,low_WSe2,0.0,3.0,3.0,0.4519352700000922,1.8256999999999977,33
619cdd7745851b2ed2431af5,low_WSe2,2.0,1.0,3.0,39.15881764999999,0.2035999999999997,33
619cdd7745851b2ed2431af6,low_WSe2,1.0,2.0,3.0,11.776795449999998,1.2891000000000048,33
619cdd7745851b2ed2431af7,low_WSe2,1.0,2.0,3.0,27.91388426000003,0.1978999999999988,33
619cdd7745851b2ed2431af8,low_WSe2,0.0,3.0,3.0,0.4329649999999105,1.813600000000001,33
619cdd7745851b2ed2431af9,low_WSe2,0.0,3.0,3.0,0.4279873699999257,1.8264,33
619cdd7745851b2ed2431afa,low_WSe2,2.0,1.0,3.0,39.16818478000009,0.2172999999999998,33
619cdd7745851b2ed2431afb,low_WSe2,0.0,3.0,3.0,0.4665890499999818,1.8187,33
619cdd7745851b2ed2431afc,low_WSe2,0.0,3.0,3.0,0.4267369099999882,1.8344999999999985,33
619cdd7745851b2ed2431afd,low_WSe2,1.0,2.0,3.0,11.784328449999965,1.2687000000000026,33
619cdd7745851b2ed2431afe,low_WSe2,1.0,2.0,3.0,11.756978249999964,1.2981000000000051,33
619cdd7745851b2ed2431aff,low_WSe2,1.0,2.0,3.0,27.917666889999964,0.1922999999999994,33
619cdd7745851b2ed2431b00,low_WSe2,1.0,2.0,3.0,11.767221600000074,1.299900000000001,33
619cdd7745851b2ed2431b01,low_WSe2,2.0,1.0,3.0,39.2797215399999,0.1760999999999999,33
619cdd7745851b2ed2431b02,low_WSe2,0.0,3.0,3.0,0.433236660000091,1.819900000000004,33
619cdd7745851b2ed2431b03,low_WSe2,0.0,2.0,2.0,-3.321037919999913,1.8649000000000024,34
619cdd7745851b2ed2431b04,low_WSe2,1.0,2.0,3.0,27.927880610000106,0.1906999999999996,33
619cdd7745851b2ed2431b05,low_WSe2,2.0,1.0,3.0,39.22413779000003,0.1445000000000007,33
619cdd7745851b2ed2431b06,low_WSe2,2.0,1.0,3.0,23.08931863999991,1.2723999999999975,33
619cdd7745851b2ed2431b07,low_WSe2,0.0,3.0,3.0,0.4273682699999312,1.8278000000000036,33
619cdd7745851b2ed2431b08,low_WSe2,3.0,0.0,3.0,50.47861444999999,0.1364999999999998,33
619cdd7745851b2ed2431b09,low_WSe2,2.0,1.0,3.0,23.124880399999974,1.1799999999999995,33
619cdd7745851b2ed2431b0a,low_WSe2,1.0,2.0,3.0,27.915154380000104,0.1940000000000008,33
619cdd7745851b2ed2431b0b,low_WSe2,2.0,1.0,3.0,39.2627193199999,0.1643000000000007,33
619cdd7745851b2ed2431b0c,low_WSe2,1.0,2.0,3.0,11.768373009999994,1.3033999999999963,33
619cdd7745851b2ed2431b0d,low_WSe2,1.0,2.0,3.0,11.765687099999912,1.2998999999999938,33
619cdd7745851b2ed2431b0e,low_WSe2,2.0,1.0,3.0,23.10875007000008,1.285499999999999,33
619cdd7745851b2ed2431b0f,low_WSe2,1.0,2.0,3.0,11.7984607400001,1.2988999999999962,33
619cdd7745851b2ed2431b10,low_WSe2,1.0,2.0,3.0,11.770451200000014,1.2990999999999957,33
619cdd7745851b2ed2431b11,low_WSe2,0.0,3.0,3.0,0.4276383799999053,1.8296999999999957,33
619cdd7745851b2ed2431b12,low_WSe2,1.0,2.0,3.0,11.768906060000052,1.3014999999999972,33
619cdd7745851b2ed2431b13,low_WSe2,1.0,2.0,3.0,11.767581159999953,1.303299999999993,33
619cdd7745851b2ed2431b14,low_WSe2,1.0,2.0,3.0,11.767945719999933,1.3000999999999934,33
619cdd7745851b2ed2431b15,low_WSe2,2.0,1.0,3.0,39.37336622000002,0.2860999999999993,33
619cdd7745851b2ed2431b16,low_WSe2,3.0,0.0,3.0,50.529799759999925,0.2162999999999986,33
619cdd7745851b2ed2431b17,low_WSe2,3.0,0.0,3.0,50.47315590000003,0.2162000000000006,33
619cdd7745851b2ed2431b18,low_WSe2,2.0,1.0,3.0,39.22594884000005,0.1511999999999993,33
619cdd7745851b2ed2431b19,low_WSe2,2.0,1.0,3.0,39.2382039300001,0.1966000000000001,33
619cdd7845851b2ed2431b1a,low_WSe2,1.0,2.0,3.0,27.913994640000052,0.1867000000000001,33
619cdd7845851b2ed2431b1b,low_WSe2,3.0,0.0,3.0,50.58114908000002,0.196200000000001,33
619cdd7845851b2ed2431b1c,low_WSe2,2.0,1.0,3.0,23.12348838000006,1.246699999999997,33
619cdd7845851b2ed2431b1d,low_WSe2,1.0,2.0,3.0,11.803331309999963,1.2800000000000011,33
619cdd7845851b2ed2431b1e,low_WSe2,2.0,0.0,2.0,19.366266969999906,1.2813000000000017,34
619cdd7845851b2ed2431b1f,low_WSe2,3.0,0.0,3.0,50.5702745699999,0.2057000000000002,33
619cdd7845851b2ed2431b20,low_WSe2,2.0,1.0,3.0,39.23363881999994,0.2018000000000004,33
619cdd7845851b2ed2431b21,low_WSe2,1.0,2.0,3.0,11.775901799999918,1.294499999999999,33
619cdd7845851b2ed2431b22,low_WSe2,2.0,1.0,3.0,39.232948870000016,0.2019999999999999,33
619cdd7845851b2ed2431b23,low_WSe2,1.0,2.0,3.0,28.05058499000006,0.2225000000000001,33
619cdd7845851b2ed2431b24,low_WSe2,2.0,1.0,3.0,23.09969037999989,1.1972000000000025,33
619cdd7845851b2ed2431b25,low_WSe2,0.0,3.0,3.0,0.4538340500000117,1.825099999999999,33
619cdd7845851b2ed2431b26,low_WSe2,1.0,2.0,3.0,11.77295813999989,1.3034999999999997,33
619cdd7845851b2ed2431b27,low_WSe2,2.0,0.0,2.0,19.374971310000028,1.2872000000000003,34
619cdd7845851b2ed2431b28,low_WSe2,1.0,2.0,3.0,11.774240050000106,1.3002000000000038,33
619cdd7845851b2ed2431b29,low_WSe2,0.0,3.0,3.0,0.4297702700000059,1.8256999999999977,33
619cdd7845851b2ed2431b2a,low_WSe2,1.0,2.0,3.0,11.767781730000014,1.2993999999999986,33
619cdd7845851b2ed2431b2b,low_WSe2,1.0,2.0,3.0,11.77493518999994,1.2845000000000013,33
619cdd7845851b2ed2431b2c,low_WSe2,1.0,1.0,2.0,29.65970023999997,0.2622,34
619cdd7845851b2ed2431b2d,low_WSe2,2.0,1.0,3.0,39.23909224999993,0.187899999999999,33
619cdd7845851b2ed2431b2e,low_WSe2,0.0,3.0,3.0,0.4281537900000671,1.826900000000002,33
619cdd7845851b2ed2431b2f,low_WSe2,1.0,2.0,3.0,27.879272180000044,0.1783000000000001,33
619cdd7845851b2ed2431b30,low_WSe2,1.0,2.0,3.0,11.761185699999931,1.2980000000000018,33
619cdd7845851b2ed2431b31,low_WSe2,1.0,2.0,3.0,11.761502670000016,1.2963000000000022,33
619cdd7845851b2ed2431b32,low_WSe2,2.0,0.0,2.0,19.366228459999935,1.2842000000000002,34
619cdd7845851b2ed2431b33,low_WSe2,2.0,1.0,3.0,23.12058206999999,1.282299999999999,33
619cdd7845851b2ed2431b34,low_WSe2,2.0,1.0,3.0,23.128860209999893,1.2670999999999992,33
619cdd7845851b2ed2431b35,low_WSe2,2.0,1.0,3.0,39.228735030000095,0.1514000000000006,33
619cdd7845851b2ed2431b36,low_WSe2,3.0,0.0,3.0,48.91043537000005,0.5980000000000008,33
619cdd7845851b2ed2431b37,low_WSe2,1.0,2.0,3.0,11.76945040999998,1.299500000000002,33
619cdd7845851b2ed2431b38,low_WSe2,1.0,2.0,3.0,27.87641604999999,0.1753999999999997,33
619cdd7845851b2ed2431b39,low_WSe2,2.0,1.0,3.0,23.12297790000006,1.247,33
619cdd7845851b2ed2431b3a,low_WSe2,0.0,3.0,3.0,0.4405217400000651,1.8193000000000052,33
619cdd7845851b2ed2431b3b,low_WSe2,1.0,2.0,3.0,11.774969990000034,1.2975999999999956,33
619cdd7845851b2ed2431b3c,low_WSe2,1.0,2.0,3.0,28.05272674999992,0.2188999999999996,33
619cdd7845851b2ed2431b3d,low_WSe2,0.0,3.0,3.0,0.4293029199999978,1.8324,33
619cdd7845851b2ed2431b3e,low_WSe2,2.0,1.0,3.0,39.33087290000008,0.2680000000000007,33
619cdd7845851b2ed2431b3f,low_WSe2,2.0,1.0,3.0,39.232442730000045,0.2003000000000003,33
619cdd7845851b2ed2431b40,low_WSe2,1.0,2.0,3.0,27.91388250999989,0.1966999999999998,33
619cdd7845851b2ed2431b41,low_WSe2,1.0,2.0,3.0,11.769515870000069,1.3016000000000003,33
619cdd7845851b2ed2431b42,low_WSe2,1.0,2.0,3.0,28.00247654000009,0.2618999999999989,33
619cdd7845851b2ed2431b43,low_WSe2,0.0,3.0,3.0,0.4272250700000199,1.8287000000000049,33
619cdd7845851b2ed2431b44,low_WSe2,2.0,1.0,3.0,39.25397249999996,0.2531999999999996,33
619cdd7845851b2ed2431b45,low_WSe2,2.0,1.0,3.0,23.09480534000003,1.2449000000000012,33
619cdd7845851b2ed2431b46,low_WSe2,1.0,2.0,3.0,11.77583595000009,1.2997000000000014,33
619cdd7845851b2ed2431b47,low_WSe2,1.0,1.0,2.0,8.022837970000069,1.2947000000000006,34
619cdd7845851b2ed2431b48,low_WSe2,2.0,1.0,3.0,23.11832230999997,1.2471000000000032,33
619cdd7845851b2ed2431b49,low_WSe2,0.0,3.0,3.0,0.4331632099999183,1.8172,33
619cdd7845851b2ed2431b4a,low_WSe2,1.0,2.0,3.0,11.76705768999999,1.2934000000000054,33
619cdd7845851b2ed2431b4b,low_WSe2,1.0,2.0,3.0,11.768442849999918,1.2993999999999986,33
619cdd7845851b2ed2431b4c,low_WSe2,1.0,2.0,3.0,11.770429050000065,1.2990999999999957,33
619cdd7845851b2ed2431b4d,low_WSe2,2.0,1.0,3.0,39.23882447999999,0.2182000000000012,33
619cdd7845851b2ed2431b4e,low_WSe2,2.0,1.0,3.0,39.23666422000001,0.2164000000000001,33
619cdd7845851b2ed2431b4f,low_WSe2,2.0,1.0,3.0,23.13341257999995,1.1418999999999997,33
619cdd7845851b2ed2431b50,low_WSe2,3.0,0.0,3.0,48.05778541999994,0.5814000000000004,33
619cdd7845851b2ed2431b51,low_WSe2,2.0,1.0,3.0,23.11174979000001,1.2226,33
619cdd7845851b2ed2431b52,low_WSe2,3.0,0.0,3.0,50.61058613999999,0.2659000000000002,33
619cdd7845851b2ed2431b53,low_WSe2,2.0,1.0,3.0,39.333820269999975,0.2506999999999983,33
619cdd7845851b2ed2431b54,low_WSe2,3.0,0.0,3.0,50.53337025999995,0.218399999999999,33
619cdd7845851b2ed2431b55,low_WSe2,1.0,2.0,3.0,11.770824660000006,1.2982000000000014,33
619cdd7845851b2ed2431b56,low_WSe2,2.0,1.0,3.0,39.22998409999995,0.1969999999999991,33
619cdd7845851b2ed2431b57,low_WSe2,2.0,1.0,3.0,39.22810527000006,0.1991999999999993,33
619cdd7845851b2ed2431b58,low_WSe2,3.0,0.0,3.0,49.94730912000009,0.1957000000000004,33
619cdd7845851b2ed2431b59,low_WSe2,2.0,1.0,3.0,37.58930181999999,0.6474000000000011,33
619cdd7845851b2ed2431b5a,low_WSe2,1.0,2.0,3.0,11.770826989999922,1.2975999999999956,33
619cdd7845851b2ed2431b5b,low_WSe2,3.0,0.0,3.0,50.53992931999992,0.2187000000000001,33
619cdd7845851b2ed2431b5c,low_WSe2,2.0,1.0,3.0,23.286690960000023,0.8579000000000008,33
619cdd7845851b2ed2431b5d,low_WSe2,3.0,0.0,3.0,50.57903636999991,0.1994000000000007,33
619cdd7845851b2ed2431b5e,low_WSe2,0.0,3.0,3.0,0.4287900500000319,1.8164999999999976,33
619cdd7845851b2ed2431b5f,low_WSe2,0.0,3.0,3.0,0.4294246599999383,1.826499999999996,33
619cdd7845851b2ed2431b60,low_WSe2,2.0,1.0,3.0,39.24393930000001,0.1932000000000009,33
619cdd7845851b2ed2431b61,low_WSe2,2.0,1.0,3.0,39.29893483999994,0.1669,33
619cdd7845851b2ed2431b62,low_WSe2,3.0,0.0,3.0,50.62898806000008,0.1989,33
619cdd7845851b2ed2431b63,low_WSe2,1.0,2.0,3.0,11.768905939999955,1.296999999999997,33
619cdd7845851b2ed2431b64,low_WSe2,1.0,2.0,3.0,11.770517950000102,1.3003,33
619cdd7845851b2ed2431b65,low_WSe2,2.0,1.0,3.0,23.12408807000001,1.2672999999999988,33
619cdd7845851b2ed2431b66,low_WSe2,2.0,1.0,3.0,23.07198952999992,1.0743999999999971,33
619cdd7945851b2ed2431b67,low_WSe2,1.0,2.0,3.0,27.874189070000057,0.1759000000000004,33
619cdd7945851b2ed2431b68,low_WSe2,1.0,2.0,3.0,27.869758360000105,0.174100000000001,33
619cdd7945851b2ed2431b69,low_WSe2,2.0,1.0,3.0,39.21824821,0.1539000000000001,33
619cdd7945851b2ed2431b6a,low_WSe2,0.0,3.0,3.0,0.4293696799999793,1.8329999999999984,33
619cdd7945851b2ed2431b6b,low_WSe2,1.0,2.0,3.0,11.76992698999992,1.297699999999999,33
619cdd7945851b2ed2431b6c,low_WSe2,2.0,1.0,3.0,39.239005779999886,0.1917999999999988,33
619cdd7945851b2ed2431b6d,low_WSe2,1.0,2.0,3.0,11.750531050000053,1.2953000000000046,33
619cdd7945851b2ed2431b6e,low_WSe2,1.0,2.0,3.0,11.77594511999995,1.299900000000001,33
619cdd7945851b2ed2431b6f,low_WSe2,1.0,2.0,3.0,27.997056939999997,0.2642000000000006,33
619cdd7945851b2ed2431b70,low_WSe2,3.0,0.0,3.0,48.89847562999999,0.5230999999999995,33
619cdd7945851b2ed2431b71,low_WSe2,3.0,0.0,3.0,50.52561941999998,0.2126999999999999,33
619cdd7945851b2ed2431b72,low_WSe2,1.0,2.0,3.0,27.91914597999994,0.1904000000000003,33
619cdd7945851b2ed2431b73,low_WSe2,2.0,1.0,3.0,39.239520160000026,0.1841999999999988,33
619cdd7945851b2ed2431b74,low_WSe2,2.0,1.0,3.0,37.558037430000056,0.6297999999999995,33
619cdd7945851b2ed2431b75,low_WSe2,1.0,2.0,3.0,27.88409544000001,0.1722999999999999,33
619cdd7945851b2ed2431b76,low_WSe2,1.0,2.0,3.0,11.768842400000027,1.3007999999999953,33
619cdd7945851b2ed2431b77,low_WSe2,0.0,3.0,3.0,0.4544782100001043,1.8290000000000008,33
619cdd7945851b2ed2431b78,low_WSe2,2.0,1.0,3.0,39.193314270000016,0.2118999999999999,33
619cdd7945851b2ed2431b79,low_WSe2,2.0,1.0,3.0,39.22304454000009,0.1991999999999993,33
619cdd7945851b2ed2431b7a,low_WSe2,1.0,2.0,3.0,11.791536089999898,1.1587000000000032,33
619cdd7945851b2ed2431b7b,low_WSe2,1.0,2.0,3.0,27.9259944800001,0.1905999999999998,33
619cdd7945851b2ed2431b7c,low_WSe2,0.0,3.0,3.0,0.4315746399999511,1.8288999999999973,33
619cdd7945851b2ed2431b7d,low_WSe2,3.0,0.0,3.0,50.577744110000005,0.2004000000000001,33
619cdd7945851b2ed2431b7e,low_WSe2,0.0,3.0,3.0,0.4293732600000908,1.8334999999999937,33
619cdd7945851b2ed2431b7f,low_WSe2,1.0,2.0,3.0,11.765707060000056,1.2991000000000028,33
619cdd7945851b2ed2431b80,low_WSe2,1.0,2.0,3.0,27.86801745999992,0.1752000000000002,33
619cdd7945851b2ed2431b81,low_WSe2,2.0,1.0,3.0,39.24098434000011,0.2052999999999993,33
619cdd7945851b2ed2431b82,low_WSe2,1.0,2.0,3.0,11.77127519999998,1.299199999999999,33
619cdd7945851b2ed2431b83,low_WSe2,0.0,3.0,3.0,0.4366193699999598,1.8296999999999957,33
619cdd7945851b2ed2431b84,low_WSe2,0.0,3.0,3.0,0.4311391900000103,1.812599999999996,33
619cdd7945851b2ed2431b85,low_WSe2,2.0,1.0,3.0,39.2414833400001,0.1754999999999995,33
619cdd7945851b2ed2431b86,low_WSe2,1.0,2.0,3.0,11.757156310000015,1.2989999999999997,33
619cdd7945851b2ed2431b87,low_WSe2,2.0,1.0,3.0,39.233765080000055,0.198500000000001,33
619cdd7945851b2ed2431b88,low_WSe2,1.0,2.0,3.0,11.762062739999909,1.2998000000000047,33
619cdd7945851b2ed2431b89,low_WSe2,1.0,2.0,3.0,11.770311889999892,1.2989999999999997,33
619cdd7945851b2ed2431b8a,low_WSe2,2.0,1.0,3.0,39.23624187,0.1995999999999984,33
619cdd7945851b2ed2431b8b,low_WSe2,1.0,2.0,3.0,11.772948170000053,1.302900000000001,33
619cdd7945851b2ed2431b8c,low_WSe2,1.0,2.0,3.0,28.06166925999992,0.2728999999999999,33
619cdd7945851b2ed2431b8d,low_WSe2,2.0,1.0,3.0,38.6358422199999,0.1900000000000012,33
619cdd7945851b2ed2431b8e,low_WSe2,0.0,3.0,3.0,0.4282276999999226,1.8275000000000008,33
619cdd7945851b2ed2431b8f,low_WSe2,1.0,2.0,3.0,11.752852959999917,1.2800999999999974,33
619cdd7945851b2ed2431b90,low_WSe2,1.0,2.0,3.0,27.91846084999997,0.1923999999999992,33
619cdd7945851b2ed2431b91,low_WSe2,2.0,1.0,3.0,23.05847960000009,1.1224999999999952,33
619cdd7945851b2ed2431b92,low_WSe2,2.0,1.0,3.0,39.2529953199999,0.1794999999999991,33
619cdd7945851b2ed2431b93,low_WSe2,2.0,1.0,3.0,39.41544690999994,0.2725999999999988,33
619cdd7945851b2ed2431b94,low_WSe2,2.0,1.0,3.0,38.63120478,0.1907999999999994,33
619cdd7945851b2ed2431b95,low_WSe2,1.0,2.0,3.0,27.919196900000088,0.1967999999999996,33
619cdd7945851b2ed2431b96,low_WSe2,1.0,2.0,3.0,11.771430080000062,1.3001999999999967,33
619cdd7945851b2ed2431b97,low_WSe2,2.0,1.0,3.0,39.23242220999991,0.2150999999999996,33
619cdd7945851b2ed2431b98,low_WSe2,0.0,3.0,3.0,0.4272393000000534,1.8267999999999984,33
619cdd7945851b2ed2431b99,low_WSe2,3.0,0.0,3.0,50.55990531000007,0.1664999999999992,33
619cdd7945851b2ed2431b9a,low_WSe2,2.0,1.0,3.0,23.09683541999997,1.250700000000002,33
619cdd7945851b2ed2431b9b,low_WSe2,2.0,1.0,3.0,23.12654974000001,1.2776999999999958,33
619cdd7945851b2ed2431b9c,low_WSe2,2.0,1.0,3.0,23.120380630000035,1.2826999999999984,33
619cdd7945851b2ed2431b9d,low_WSe2,1.0,2.0,3.0,27.87695675000009,0.1753999999999997,33
619cdd7945851b2ed2431b9e,low_WSe2,0.0,3.0,3.0,0.4551157699999635,1.8308000000000035,33
619cdd7945851b2ed2431b9f,low_WSe2,2.0,1.0,3.0,39.23322826999997,0.1848999999999989,33
619cdd7945851b2ed2431ba0,low_WSe2,1.0,2.0,3.0,27.87634054,0.1752000000000002,33
619cdd7945851b2ed2431ba1,low_WSe2,1.0,2.0,3.0,11.769285520000029,1.295100000000005,33
619cdd7945851b2ed2431ba2,low_WSe2,3.0,0.0,3.0,48.61923269000008,0.3491999999999997,33
619cdd7945851b2ed2431ba3,low_WSe2,1.0,2.0,3.0,11.786694599999908,1.2758000000000038,33
619cdd7945851b2ed2431ba4,low_WSe2,1.0,2.0,3.0,11.75536807000002,1.303600000000003,33
619cdd7945851b2ed2431ba5,low_WSe2,0.0,3.0,3.0,0.4272175600000878,1.831700000000005,33
619cdd7945851b2ed2431ba6,low_WSe2,1.0,2.0,3.0,27.920995989999938,0.1951,33
619cdd7945851b2ed2431ba7,low_WSe2,2.0,1.0,3.0,39.18579787999992,0.2109999999999985,33
619cdd7945851b2ed2431ba8,low_WSe2,1.0,2.0,3.0,11.768519389999929,1.2974999999999994,33
619cdd7945851b2ed2431ba9,low_WSe2,3.0,0.0,3.0,48.57430714999996,0.4940999999999995,33
619cdd7945851b2ed2431baa,low_WSe2,1.0,2.0,3.0,11.764847590000034,1.300699999999999,33
619cdd7945851b2ed2431bab,low_WSe2,1.0,2.0,3.0,28.072549040000013,0.2759999999999998,33
619cdd7945851b2ed2431bac,low_WSe2,2.0,1.0,3.0,23.111169640000107,1.245899999999999,33
619cdd7945851b2ed2431bad,low_WSe2,1.0,2.0,3.0,11.763734749999902,1.2993999999999986,33
619cdd7945851b2ed2431bae,low_WSe2,3.0,0.0,3.0,48.91488779999995,0.6232999999999986,33
619cdd7945851b2ed2431baf,low_WSe2,2.0,1.0,3.0,23.27363752,0.861699999999999,33
619cdd7945851b2ed2431bb0,low_WSe2,0.0,2.0,2.0,-3.321609250000097,1.8632999999999988,34
619cdd7945851b2ed2431bb1,low_WSe2,1.0,2.0,3.0,27.883727559999897,0.1736000000000004,33
619cdd7945851b2ed2431bb2,low_WSe2,2.0,1.0,3.0,39.25643945999995,0.1829999999999998,33
619cdd7945851b2ed2431bb3,low_WSe2,1.0,2.0,3.0,11.776888840000073,1.2977999999999952,33
619cdd7945851b2ed2431bb4,low_WSe2,1.0,2.0,3.0,11.825883479999892,1.1319000000000017,33
619cdd7a45851b2ed2431bb5,low_WSe2,2.0,1.0,3.0,23.10659968999997,1.2608000000000033,33
619cdd7a45851b2ed2431bb6,low_WSe2,2.0,1.0,3.0,38.58101764999997,0.1865000000000005,33
619cdd7a45851b2ed2431bb7,low_WSe2,3.0,0.0,3.0,50.58704410999994,0.1463999999999998,33
619cdd7a45851b2ed2431bb8,low_WSe2,2.0,1.0,3.0,23.11687974000009,1.2834000000000003,33
619cdd7a45851b2ed2431bb9,low_WSe2,1.0,1.0,2.0,13.425377860000095,1.3048000000000002,34
619cdd7a45851b2ed2431bba,low_WSe2,3.0,0.0,3.0,50.58244713999998,0.2064000000000003,33
619cdd7a45851b2ed2431bbb,low_WSe2,0.0,3.0,3.0,0.427319950000026,1.8318999999999972,33
619cdd7a45851b2ed2431bbc,low_WSe2,2.0,1.0,3.0,23.14215850000009,1.1439999999999984,33
619cdd7a45851b2ed2431bbd,low_WSe2,2.0,1.0,3.0,39.29625388999993,0.1638999999999999,33
619cdd7a45851b2ed2431bbe,low_WSe2,3.0,0.0,3.0,50.53797696999991,0.1970999999999989,33
619cdd7a45851b2ed2431bbf,low_WSe2,0.0,3.0,3.0,0.4314067600000157,1.8277999999999963,33
619cdd7a45851b2ed2431bc0,low_WSe2,1.0,2.0,3.0,11.77277969999999,1.295100000000005,33
619cdd7a45851b2ed2431bc1,low_WSe2,2.0,1.0,3.0,23.097619030000068,1.2456000000000031,33
619cdd7a45851b2ed2431bc2,low_WSe2,3.0,0.0,3.0,50.45639844000002,0.2096999999999997,33
619cdd7a45851b2ed2431bc3,low_WSe2,3.0,0.0,3.0,50.572800519999966,0.2213999999999991,33
619cdd7a45851b2ed2431bc4,low_WSe2,1.0,2.0,3.0,11.767831840000088,1.2977999999999952,33
619cdd7a45851b2ed2431bc5,low_WSe2,1.0,2.0,3.0,11.753254480000113,1.2972000000000037,33
619cdd7a45851b2ed2431bc6,low_WSe2,0.0,3.0,3.0,0.427144369999894,1.8233000000000037,33
619cdd7a45851b2ed2431bc7,low_WSe2,1.0,2.0,3.0,11.77777115999992,1.3004999999999995,33
619cdd7a45851b2ed2431bc8,low_WSe2,1.0,2.0,3.0,11.79605601000002,1.294799999999995,33
619cdd7a45851b2ed2431bc9,low_WSe2,3.0,0.0,3.0,50.57200440999996,0.2175000000000011,33
619cdd7a45851b2ed2431bca,low_WSe2,2.0,1.0,3.0,23.128919340000078,1.278500000000001,33
619cdd7a45851b2ed2431bcb,low_WSe2,0.0,3.0,3.0,0.4532283899999925,1.8248000000000035,33
619cdd7a45851b2ed2431bcc,low_WSe2,3.0,0.0,3.0,50.57387692999996,0.220699999999999,33
619cdd7a45851b2ed2431bcd,low_WSe2,2.0,1.0,3.0,38.6271855800001,0.1984000000000012,33
619cdd7a45851b2ed2431bce,low_WSe2,0.0,3.0,3.0,0.4319024099999637,1.818400000000004,33
619cdd7a45851b2ed2431bcf,low_WSe2,0.0,3.0,3.0,0.4279326099999139,1.8275999999999968,33
619cdd7a45851b2ed2431bd0,low_WSe2,2.0,1.0,3.0,39.19861889000008,0.2109000000000005,33
619cdd7a45851b2ed2431bd1,low_WSe2,1.0,2.0,3.0,28.067255449999948,0.2833000000000005,33
619cdd7a45851b2ed2431bd2,low_WSe2,1.0,2.0,3.0,11.757437470000005,1.2981000000000051,33
619cdd7a45851b2ed2431bd3,low_WSe2,1.0,2.0,3.0,11.767590149999922,1.2941000000000005,33
619cdd7a45851b2ed2431bd4,low_WSe2,1.0,2.0,3.0,27.879697769999893,0.1732999999999993,33
619cdd7a45851b2ed2431bd5,low_WSe2,2.0,1.0,3.0,23.10983637999997,1.2447000000000017,33
619cdd7a45851b2ed2431bd6,low_WSe2,2.0,1.0,3.0,37.58077232999999,0.650599999999999,33
619cdd7a45851b2ed2431bd7,low_WSe2,2.0,1.0,3.0,23.109510170000057,1.2554000000000016,33
619cdd7a45851b2ed2431bd8,low_WSe2,2.0,1.0,3.0,39.33453594999996,0.2504000000000008,33
619cdd7a45851b2ed2431bd9,low_WSe2,1.0,2.0,3.0,11.788508379999929,1.1610999999999976,33
619cdd7a45851b2ed2431bda,low_WSe2,1.0,2.0,3.0,11.77093820999993,1.3038999999999987,33
619cdd7a45851b2ed2431bdb,low_WSe2,2.0,1.0,3.0,39.14544469999991,0.1945999999999994,33
619cdd7a45851b2ed2431bdc,low_WSe2,1.0,2.0,3.0,28.091660390000012,0.2458999999999989,33
619cdd7a45851b2ed2431bdd,low_WSe2,1.0,2.0,3.0,11.766625490000012,1.2978999999999985,33
619cdd7a45851b2ed2431bde,low_WSe2,2.0,1.0,3.0,39.240386230000055,0.1874000000000002,33
619cdd7a45851b2ed2431bdf,low_WSe2,1.0,2.0,3.0,11.765818520000028,1.3027999999999975,33
619cdd7a45851b2ed2431be0,low_WSe2,2.0,1.0,3.0,39.22946013999994,0.2050999999999998,33
619cdd7a45851b2ed2431be1,low_WSe2,2.0,1.0,3.0,23.119332479999947,1.2481000000000009,33
619cdd7a45851b2ed2431be2,low_WSe2,1.0,2.0,3.0,27.91703710999991,0.1936999999999997,33
619cdd7a45851b2ed2431be3,low_WSe2,0.0,3.0,3.0,0.4246883600000615,1.8233999999999997,33
619cdd7a45851b2ed2431be4,low_WSe2,0.0,3.0,3.0,0.4281988699999033,1.828000000000003,33
619cdd7a45851b2ed2431be5,low_WSe2,1.0,2.0,3.0,27.923459059999917,0.1897999999999999,33
619cdd7a45851b2ed2431be6,low_WSe2,2.0,1.0,3.0,39.2393669399999,0.2005999999999996,33
619cdd7a45851b2ed2431be7,low_WSe2,1.0,2.0,3.0,27.87875981000002,0.1755999999999993,33
619cdd7a45851b2ed2431be8,low_WSe2,3.0,0.0,3.0,50.54750999999997,0.2121999999999992,33
619cdd7a45851b2ed2431be9,low_WSe2,1.0,2.0,3.0,27.92766914999993,0.1900999999999992,33
619cdd7a45851b2ed2431bea,low_WSe2,1.0,2.0,3.0,11.75952458000005,1.2986000000000004,33
619cdd7a45851b2ed2431beb,low_WSe2,2.0,1.0,3.0,23.1251762100001,1.2682999999999964,33
619cdd7a45851b2ed2431bec,low_WSe2,1.0,2.0,3.0,27.91264647999992,0.1971999999999987,33
619cdd7a45851b2ed2431bed,low_WSe2,1.0,2.0,3.0,11.75325386999997,1.2991000000000028,33
619cdd7a45851b2ed2431bee,low_WSe2,1.0,2.0,3.0,11.768453699999998,1.3031999999999968,33
619cdd7a45851b2ed2431bef,low_WSe2,0.0,3.0,3.0,0.4378731599999241,1.835099999999997,33
619cdd7a45851b2ed2431bf0,low_WSe2,0.0,3.0,3.0,0.4285522300000934,1.8284999999999985,33
619cdd7a45851b2ed2431bf1,low_WSe2,2.0,1.0,3.0,39.26386292000011,0.1895000000000006,33
619cdd7a45851b2ed2431bf2,low_WSe2,2.0,1.0,3.0,39.23482558999994,0.1425,33
619cdd7a45851b2ed2431bf3,low_WSe2,2.0,1.0,3.0,23.12984781999993,1.182299999999998,33
619cdd7a45851b2ed2431bf4,low_WSe2,3.0,0.0,3.0,50.57338321000007,0.2024000000000008,33
619cdd7a45851b2ed2431bf5,low_WSe2,3.0,0.0,3.0,50.599722309999926,0.1608999999999998,33
619cdd7a45851b2ed2431bf6,low_WSe2,1.0,2.0,3.0,11.772906870000032,1.2858000000000018,33
619cdd7a45851b2ed2431bf7,low_WSe2,3.0,0.0,3.0,50.53199127999992,0.2510999999999992,33
619cdd7a45851b2ed2431bf8,low_WSe2,1.0,2.0,3.0,11.752449130000048,1.302500000000002,33
619cdd7a45851b2ed2431bf9,low_WSe2,0.0,3.0,3.0,0.4279556200000911,1.8237999999999983,33
619cdd7a45851b2ed2431bfa,low_WSe2,0.0,3.0,3.0,0.4297136899999145,1.8344999999999985,33
619cdd7a45851b2ed2431bfb,low_WSe2,0.0,3.0,3.0,0.4291580599999065,1.8258999999999967,33
619cdd7a45851b2ed2431bfc,low_WSe2,3.0,0.0,3.0,50.70738201999993,0.2469999999999999,33
619cdd7a45851b2ed2431bfd,low_WSe2,1.0,2.0,3.0,11.75364927999998,1.2997000000000014,33
619cdd7a45851b2ed2431bfe,low_WSe2,2.0,1.0,3.0,39.177577810000045,0.2073999999999998,33
619cdd7a45851b2ed2431bff,low_WSe2,2.0,1.0,3.0,39.22961717999992,0.1892999999999993,33
619cdd7a45851b2ed2431c00,low_WSe2,1.0,2.0,3.0,11.762299199999903,1.299900000000001,33
619cdd7a45851b2ed2431c01,low_WSe2,2.0,1.0,3.0,39.1981322699999,0.2103999999999999,33
619cdd7a45851b2ed2431c02,low_WSe2,1.0,2.0,3.0,27.92728168000008,0.1867000000000001,33
619cdd7a45851b2ed2431c03,low_WSe2,0.0,3.0,3.0,0.4286127699999156,1.8233000000000037,33
619cdd7a45851b2ed2431c04,low_WSe2,1.0,2.0,3.0,11.772183629999962,1.3004999999999995,33
619cdd7b45851b2ed2431c05,low_WSe2,1.0,2.0,3.0,27.87476652000009,0.1753999999999997,33
619cdd7b45851b2ed2431c06,low_WSe2,2.0,1.0,3.0,39.25419435999997,0.1971999999999987,33
619cdd7b45851b2ed2431c07,low_WSe2,2.0,1.0,3.0,39.19556369999991,0.2056000000000004,33
619cdd7b45851b2ed2431c08,low_WSe2,3.0,0.0,3.0,50.09147020999999,0.1859000000000001,33
619cdd7b45851b2ed2431c09,low_WSe2,1.0,2.0,3.0,28.05375368999989,0.2172,33
619cdd7b45851b2ed2431c0a,low_WSe2,2.0,1.0,3.0,39.22416913000011,0.1446999999999985,33
619cdd7b45851b2ed2431c0b,low_WSe2,1.0,2.0,3.0,11.767721800000109,1.299900000000001,33
619cdd7b45851b2ed2431c0c,low_WSe2,3.0,0.0,3.0,50.03992208000009,0.2827999999999999,33
619cdd7b45851b2ed2431c0d,low_WSe2,0.0,3.0,3.0,0.4382418699998993,1.8294,33
619cdd7b45851b2ed2431c0e,low_WSe2,3.0,0.0,3.0,50.558317580000086,0.1996000000000002,33
619cdd7b45851b2ed2431c0f,low_WSe2,1.0,2.0,3.0,28.07415487000003,0.2906999999999993,33
619cdd7b45851b2ed2431c10,low_WSe2,0.0,3.0,3.0,0.4312847299999589,1.820100000000004,33
619cdd7b45851b2ed2431c11,low_WSe2,0.0,3.0,3.0,0.4302037100000575,1.8304000000000045,33
619cdd7b45851b2ed2431c12,low_WSe2,2.0,1.0,3.0,23.11439191000003,1.267300000000006,33
619cdd7b45851b2ed2431c13,low_WSe2,1.0,2.0,3.0,11.770417449999956,1.2891000000000048,33
619cdd7b45851b2ed2431c14,low_WSe2,0.0,3.0,3.0,0.4281704100000638,1.8277,33
619cdd7b45851b2ed2431c15,low_WSe2,1.0,2.0,3.0,11.784289239999897,1.2899999999999991,33
619cdd7b45851b2ed2431c16,low_WSe2,1.0,2.0,3.0,11.774989069999936,1.3036999999999992,33
619cdd7b45851b2ed2431c17,low_WSe2,2.0,1.0,3.0,23.11418860000007,1.2015999999999991,33
619cdd7b45851b2ed2431c18,low_WSe2,3.0,0.0,3.0,48.89381480999996,0.5445000000000011,33
619cdd7b45851b2ed2431c19,low_WSe2,1.0,2.0,3.0,11.769585320000022,1.298099999999998,33
619cdd7b45851b2ed2431c1a,low_WSe2,1.0,2.0,3.0,11.77514730000006,1.3002000000000038,33
619cdd7b45851b2ed2431c1b,low_WSe2,1.0,2.0,3.0,11.764089889999912,1.3031000000000006,33
619cdd7b45851b2ed2431c1c,low_WSe2,3.0,0.0,3.0,50.58837402000004,0.1563999999999996,33
619cdd7b45851b2ed2431c1d,low_WSe2,2.0,1.0,3.0,39.248244579999934,0.1969999999999991,33
619cdd7b45851b2ed2431c1e,low_WSe2,3.0,0.0,3.0,50.58863594999989,0.1609999999999996,33
619cdd7b45851b2ed2431c1f,low_WSe2,0.0,2.0,2.0,2.0904513499999897,1.8331000000000015,34
619cdd7b45851b2ed2431c20,low_WSe2,0.0,2.0,2.0,2.0898937699999127,1.8312999999999988,34
619cdd7b45851b2ed2431c21,low_WSe2,2.0,1.0,3.0,23.107221049999943,1.2834000000000003,33
619cdd7b45851b2ed2431c22,low_WSe2,0.0,3.0,3.0,0.428667639999901,1.825400000000002,33
619cdd7b45851b2ed2431c23,low_WSe2,1.0,2.0,3.0,11.775602370000104,1.2993000000000023,33
619cdd7b45851b2ed2431c24,low_WSe2,1.0,2.0,3.0,27.99702028999991,0.266,33
619cdd7b45851b2ed2431c25,low_WSe2,1.0,2.0,3.0,27.879874900000004,0.1784999999999996,33
619cdd7b45851b2ed2431c26,low_WSe2,2.0,1.0,3.0,39.20143525999997,0.1897999999999999,33
619cdd7b45851b2ed2431c27,low_WSe2,1.0,2.0,3.0,27.958501280000064,0.1633999999999993,33
619cdd7b45851b2ed2431c28,low_WSe2,1.0,2.0,3.0,27.88217882999993,0.173,33
619cdd7b45851b2ed2431c29,low_WSe2,3.0,0.0,3.0,50.5722717300001,0.2171000000000003,33
619cdd7b45851b2ed2431c2a,low_WSe2,2.0,1.0,3.0,39.25977149999999,0.1988000000000003,33
619cdd7b45851b2ed2431c2b,low_WSe2,2.0,1.0,3.0,39.22978644000004,0.2068999999999992,33
619cdd7b45851b2ed2431c2c,low_WSe2,0.0,3.0,3.0,0.4319818700000155,1.8322000000000005,33
619cdd7b45851b2ed2431c2d,low_WSe2,2.0,1.0,3.0,39.2524067100001,0.1913,33
619cdd7b45851b2ed2431c2e,low_WSe2,1.0,2.0,3.0,11.778611310000077,1.2974999999999994,33
619cdd7b45851b2ed2431c2f,low_WSe2,1.0,2.0,3.0,11.76602716000001,1.295100000000005,33
619cdd7b45851b2ed2431c30,low_WSe2,0.0,3.0,3.0,0.4317749000001072,1.8282999999999987,33
619cdd7b45851b2ed2431c31,low_WSe2,3.0,0.0,3.0,50.48633937000009,0.2125000000000003,33
619cdd7b45851b2ed2431c32,low_WSe2,2.0,1.0,3.0,39.37600152000009,0.2857000000000003,33
619cdd7b45851b2ed2431c33,low_WSe2,0.0,3.0,3.0,0.4293660600000635,1.8285999999999945,33
619cdd7b45851b2ed2431c34,low_WSe2,2.0,1.0,3.0,23.11372338999994,1.2864000000000004,33
619cdd7b45851b2ed2431c35,low_WSe2,2.0,1.0,3.0,23.10886196000005,1.2682000000000002,33
619cdd7b45851b2ed2431c36,low_WSe2,1.0,2.0,3.0,11.76762925999991,1.294700000000006,33
619cdd7b45851b2ed2431c37,low_WSe2,2.0,1.0,3.0,23.130665339999982,1.2812000000000054,33
619cdd7b45851b2ed2431c38,low_WSe2,2.0,1.0,3.0,39.19832993000004,0.2039000000000008,33
619cdd7b45851b2ed2431c39,low_WSe2,1.0,2.0,3.0,11.769896680000093,1.303200000000004,33
619cdd7b45851b2ed2431c3a,low_WSe2,1.0,2.0,3.0,27.918166919999976,0.1921999999999997,33
619cdd7b45851b2ed2431c3b,low_WSe2,1.0,2.0,3.0,11.759118200000092,1.3013000000000048,33
619cdd7b45851b2ed2431c3c,low_WSe2,3.0,0.0,3.0,48.90736049000007,0.5218999999999987,33
619cdd7b45851b2ed2431c3d,low_WSe2,2.0,1.0,3.0,23.118346909999936,1.2822000000000031,33
619cdd7b45851b2ed2431c3e,low_WSe2,2.0,1.0,3.0,39.23947557000001,0.1957999999999984,33
619cdd7b45851b2ed2431c3f,low_WSe2,2.0,1.0,3.0,23.12158307000008,1.2446000000000057,33
619cdd7b45851b2ed2431c40,low_WSe2,1.0,2.0,3.0,11.772559420000096,1.3042000000000016,33
619cdd7b45851b2ed2431c41,low_WSe2,3.0,0.0,3.0,50.56789560999992,0.1907999999999994,33
619cdd7b45851b2ed2431c42,low_WSe2,0.0,3.0,3.0,0.4289094499999351,1.828400000000002,33
619cdd7b45851b2ed2431c43,low_WSe2,2.0,1.0,3.0,39.32450374,0.2714999999999996,33
619cdd7b45851b2ed2431c44,low_WSe2,2.0,1.0,3.0,37.40551362000001,0.4532000000000007,33
619cdd7b45851b2ed2431c45,low_WSe2,2.0,1.0,3.0,39.20863932000002,0.1886999999999989,33
619cdd7b45851b2ed2431c46,low_WSe2,2.0,1.0,3.0,39.19810566000005,0.2042999999999999,33
619cdd7b45851b2ed2431c47,low_WSe2,0.0,3.0,3.0,0.4292620099999453,1.8252000000000024,33
619cdd7b45851b2ed2431c48,low_WSe2,1.0,2.0,3.0,11.770185990000062,1.3002000000000038,33
619cdd7b45851b2ed2431c49,low_WSe2,2.0,1.0,3.0,39.23343804999995,0.1960999999999995,33
619cdd7b45851b2ed2431c4a,low_WSe2,0.0,3.0,3.0,0.4373959100000206,1.8275000000000008,33
619cdd7b45851b2ed2431c4b,low_WSe2,0.0,3.0,3.0,0.4293643400000633,1.832499999999996,33
619cdd7b45851b2ed2431c4c,low_WSe2,0.0,3.0,3.0,0.4546000300001083,1.8295999999999992,33
619cdd7b45851b2ed2431c4d,low_WSe2,3.0,0.0,3.0,50.72514757999998,0.1824999999999992,33
619cdd7b45851b2ed2431c4e,low_WSe2,2.0,1.0,3.0,23.08667180000001,1.2852999999999994,33
619cdd7b45851b2ed2431c4f,low_WSe2,3.0,0.0,3.0,50.558492609999895,0.2148000000000003,33
619cdd7b45851b2ed2431c50,low_WSe2,1.0,1.0,2.0,29.663470609999955,0.2633999999999989,34
619cdd7b45851b2ed2431c51,low_WSe2,2.0,1.0,3.0,39.20233024999997,0.1804000000000005,33
619cdd7b45851b2ed2431c52,low_WSe2,2.0,1.0,3.0,39.182516209999946,0.2156000000000002,33
619cdd7b45851b2ed2431c53,low_WSe2,2.0,1.0,3.0,37.650734280000094,0.6603999999999992,33
619cdd7b45851b2ed2431c54,low_WSe2,2.0,1.0,3.0,23.10402759999992,1.218599999999995,33
619cdd7c45851b2ed2431c55,low_WSe2,1.0,2.0,3.0,11.770939830000078,1.2824999999999989,33
619cdd7c45851b2ed2431c56,low_WSe2,1.0,2.0,3.0,11.769922769999985,1.3027999999999975,33
619cdd7c45851b2ed2431c57,low_WSe2,3.0,0.0,3.0,50.58084782000001,0.1576000000000004,33
619cdd7c45851b2ed2431c58,low_WSe2,0.0,3.0,3.0,0.4300091399999814,1.8322999999999965,33
619cdd7c45851b2ed2431c59,low_WSe2,2.0,1.0,3.0,23.12369620000008,1.2783000000000015,33
619cdd7c45851b2ed2431c5a,low_WSe2,2.0,1.0,3.0,39.20123059999996,0.1883999999999996,33
619cdd7c45851b2ed2431c5b,low_WSe2,3.0,0.0,3.0,50.12742085999989,0.2764999999999986,33
619cdd7c45851b2ed2431c5c,low_WSe2,2.0,1.0,3.0,39.19644219999991,0.2095000000000002,33
619cdd7c45851b2ed2431c5d,low_WSe2,0.0,3.0,3.0,0.4549017199998957,1.8267000000000024,33
619cdd7c45851b2ed2431c5e,low_WSe2,2.0,1.0,3.0,39.23559045000006,0.1979000000000006,33
619cdd7c45851b2ed2431c5f,low_WSe2,2.0,1.0,3.0,39.394485170000095,0.2815000000000012,33
619cdd7c45851b2ed2431c60,low_WSe2,2.0,1.0,3.0,39.22816268999991,0.1465999999999994,33
619cdd7c45851b2ed2431c61,low_WSe2,2.0,1.0,3.0,39.23246995000004,0.2002999999999986,33
619cdd7c45851b2ed2431c62,low_WSe2,1.0,2.0,3.0,27.959829760000048,0.1637000000000004,33
619cdd7c45851b2ed2431c63,low_WSe2,0.0,3.0,3.0,0.4284670599999458,1.829100000000004,33
619cdd7c45851b2ed2431c64,low_WSe2,1.0,2.0,3.0,27.92598352999994,0.1844999999999999,33
619cdd7c45851b2ed2431c65,low_WSe2,0.0,3.0,3.0,0.4296992599999498,1.828800000000001,33
619cdd7c45851b2ed2431c66,low_WSe2,0.0,3.0,3.0,0.4253633099999092,1.825499999999998,33
619cdd7c45851b2ed2431c67,low_WSe2,2.0,1.0,3.0,23.111577539999907,1.217700000000001,33
619cdd7c45851b2ed2431c68,low_WSe2,1.0,2.0,3.0,11.768200190000004,1.3001999999999967,33
619cdd7c45851b2ed2431c69,low_WSe2,3.0,0.0,3.0,50.59222626000005,0.203899999999999,33
619cdd7c45851b2ed2431c6a,low_WSe2,0.0,3.0,3.0,0.4296238799999514,1.822499999999998,33
619cdd7c45851b2ed2431c6b,low_WSe2,1.0,2.0,3.0,11.77182001999994,1.3004999999999995,33
619cdd7c45851b2ed2431c6c,low_WSe2,1.0,2.0,3.0,11.784782409999924,1.1621000000000024,33
619cdd7c45851b2ed2431c6d,low_WSe2,2.0,1.0,3.0,39.24627274000004,0.2004000000000001,33
619cdd7c45851b2ed2431c6e,low_WSe2,1.0,2.0,3.0,11.772309819999908,1.2831000000000046,33
619cdd7c45851b2ed2431c6f,low_WSe2,2.0,1.0,3.0,23.10609466000009,1.1995000000000005,33
619cdd7c45851b2ed2431c70,low_WSe2,1.0,2.0,3.0,27.8832484699999,0.1721000000000003,33
619cdd7c45851b2ed2431c71,low_WSe2,3.0,0.0,3.0,50.591861740000105,0.1914999999999995,33
619cdd7c45851b2ed2431c72,low_WSe2,1.0,2.0,3.0,11.775606209999967,1.3004999999999995,33
619cdd7c45851b2ed2431c73,low_WSe2,1.0,2.0,3.0,11.782306860000052,1.299599999999998,33
619cdd7c45851b2ed2431c74,low_WSe2,0.0,3.0,3.0,0.4289022199999976,1.8292999999999964,33
619cdd7c45851b2ed2431c75,low_WSe2,2.0,1.0,3.0,39.22765916999997,0.1468999999999987,33
619cdd7c45851b2ed2431c76,low_WSe2,2.0,1.0,3.0,38.63107154999993,0.1890999999999998,33
619cdd7c45851b2ed2431c77,low_WSe2,2.0,1.0,3.0,39.24066464999992,0.2026000000000003,33
619cdd7c45851b2ed2431c78,low_WSe2,3.0,0.0,3.0,50.55546282999999,0.2095000000000002,33
619cdd7c45851b2ed2431c79,low_WSe2,2.0,1.0,3.0,39.17064097999996,0.2088000000000001,33
619cdd7c45851b2ed2431c7a,low_WSe2,2.0,1.0,3.0,39.23883948000007,0.1836000000000002,33
619cdd7c45851b2ed2431c7b,low_WSe2,2.0,1.0,3.0,39.234507070000106,0.1893000000000011,33
619cdd7c45851b2ed2431c7c,low_WSe2,3.0,0.0,3.0,50.44066325999993,0.2141999999999999,33
619cdd7c45851b2ed2431c7d,low_WSe2,2.0,1.0,3.0,39.32904042999989,0.2715999999999994,33
619cdd7c45851b2ed2431c7e,low_WSe2,2.0,1.0,3.0,23.112442650000084,1.280300000000004,33
619cdd7c45851b2ed2431c7f,low_WSe2,2.0,1.0,3.0,39.25617979000008,0.1970999999999989,33
619cdd7c45851b2ed2431c80,low_WSe2,1.0,2.0,3.0,11.79444826000007,1.2997000000000014,33
619cdd7c45851b2ed2431c81,low_WSe2,2.0,0.0,2.0,40.89812857999995,0.1850000000000005,34
619cdd7c45851b2ed2431c82,low_WSe2,1.0,2.0,3.0,11.774881779999976,1.2882999999999996,33
619cdd7c45851b2ed2431c83,low_WSe2,2.0,1.0,3.0,39.21504003,0.1931999999999991,33
619cdd7c45851b2ed2431c84,low_WSe2,1.0,2.0,3.0,11.747932920000029,1.300699999999999,33
619cdd7c45851b2ed2431c85,low_WSe2,1.0,2.0,3.0,28.001095750000104,0.2620000000000004,33
619cdd7c45851b2ed2431c86,low_WSe2,1.0,2.0,3.0,11.768125900000076,1.3006000000000029,33
619cdd7c45851b2ed2431c87,low_WSe2,1.0,2.0,3.0,27.927967999999964,0.1890999999999998,33
619cdd7c45851b2ed2431c88,low_WSe2,1.0,1.0,2.0,8.006472270000017,1.301400000000001,34
619cdd7c45851b2ed2431c89,low_WSe2,0.0,3.0,3.0,0.4303447599999686,1.827300000000001,33
619cdd7c45851b2ed2431c8a,low_WSe2,1.0,2.0,3.0,11.78885108999997,1.3019000000000034,33
619cdd7c45851b2ed2431c8b,low_WSe2,2.0,1.0,3.0,23.120350019999968,1.214100000000002,33
619cdd7c45851b2ed2431c8c,low_WSe2,1.0,2.0,3.0,27.99984599000004,0.2629000000000001,33
619cdd7c45851b2ed2431c8d,low_WSe2,2.0,1.0,3.0,23.13144790999994,1.2661999999999978,33
619cdd7c45851b2ed2431c8e,low_WSe2,3.0,0.0,3.0,49.94608494999998,0.1881000000000003,33
619cdd7c45851b2ed2431c8f,low_WSe2,1.0,2.0,3.0,27.91963884000006,0.1982999999999997,33
619cdd7c45851b2ed2431c90,low_WSe2,3.0,0.0,3.0,48.90178144999991,0.5233000000000008,33
619cdd7c45851b2ed2431c91,low_WSe2,2.0,1.0,3.0,39.23151396000007,0.1855000000000011,33
619cdd7c45851b2ed2431c92,low_WSe2,2.0,1.0,3.0,39.23822638000006,0.202300000000001,33
619cdd7c45851b2ed2431c93,low_WSe2,1.0,2.0,3.0,11.801641120000102,1.3018999999999965,33
619cdd7c45851b2ed2431c94,low_WSe2,1.0,2.0,3.0,11.785948700000052,1.2725000000000009,33
619cdd7c45851b2ed2431c95,low_WSe2,1.0,2.0,3.0,27.91915967,0.1959999999999997,33
619cdd7c45851b2ed2431c96,low_WSe2,2.0,1.0,3.0,39.24412276999992,0.152000000000001,33
619cdd7c45851b2ed2431c97,low_WSe2,1.0,2.0,3.0,11.772866860000011,1.307300000000005,33
619cdd7c45851b2ed2431c98,low_WSe2,1.0,2.0,3.0,11.771110059999945,1.3064999999999998,33
619cdd7c45851b2ed2431c99,low_WSe2,2.0,1.0,3.0,23.12941088000006,1.125,33
619cdd7c45851b2ed2431c9a,low_WSe2,0.0,3.0,3.0,0.4292230400000676,1.8273999999999968,33
619cdd7c45851b2ed2431c9b,low_WSe2,1.0,2.0,3.0,27.878414009999915,0.1719000000000008,33
619cdd7c45851b2ed2431c9c,low_WSe2,2.0,1.0,3.0,39.25404002000009,0.1914000000000015,33
619cdd7c45851b2ed2431c9d,low_WSe2,2.0,1.0,3.0,23.130912489999936,1.2790999999999997,33
619cdd7c45851b2ed2431c9e,low_WSe2,3.0,0.0,3.0,50.54189374999997,0.2074999999999995,33
619cdd7c45851b2ed2431c9f,low_WSe2,2.0,1.0,3.0,39.24632520999994,0.1882000000000001,33
619cdd7c45851b2ed2431ca0,low_WSe2,3.0,0.0,3.0,50.58461820000012,0.1945999999999994,33
619cdd7c45851b2ed2431ca1,low_WSe2,2.0,1.0,3.0,23.065394929999947,1.125100000000003,33
619cdd7c45851b2ed2431ca2,low_WSe2,1.0,2.0,3.0,28.00325470000007,0.2645999999999997,33
619cdd7c45851b2ed2431ca3,low_WSe2,2.0,1.0,3.0,39.25515632999991,0.1909000000000009,33
619cdd7c45851b2ed2431ca4,low_WSe2,0.0,3.0,3.0,0.428199500000062,1.8268000000000055,33
619cdd7c45851b2ed2431ca5,low_WSe2,3.0,0.0,3.0,50.59405084,0.1646,33
619cdd7c45851b2ed2431ca6,low_WSe2,2.0,1.0,3.0,23.10211929000005,1.2411999999999992,33
619cdd7d45851b2ed2431ca7,low_WSe2,1.0,2.0,3.0,11.768974190000096,1.2979000000000056,33
619cdd7d45851b2ed2431ca8,low_WSe2,3.0,0.0,3.0,50.127400700000045,0.2668999999999997,33
619cdd7d45851b2ed2431ca9,low_WSe2,1.0,2.0,3.0,11.77700806000006,1.2809999999999988,33
619cdd7d45851b2ed2431caa,low_WSe2,0.0,3.0,3.0,0.4309600299999943,1.832100000000004,33
619cdd7d45851b2ed2431cab,low_WSe2,2.0,1.0,3.0,23.12442988999991,1.1087999999999951,33
619cdd7d45851b2ed2431cac,low_WSe2,2.0,1.0,3.0,23.09790152999998,1.2889000000000053,33
619cdd7d45851b2ed2431cad,low_WSe2,2.0,1.0,3.0,23.12217087999992,1.2843000000000018,33
619cdd7d45851b2ed2431cae,low_WSe2,2.0,1.0,3.0,39.216292939999946,0.1882999999999999,33
619cdd7d45851b2ed2431caf,low_WSe2,3.0,0.0,3.0,50.6718734699999,0.266,33
619cdd7d45851b2ed2431cb0,low_WSe2,1.0,2.0,3.0,11.781402520000018,1.2702999999999989,33
619cdd7d45851b2ed2431cb1,low_WSe2,3.0,0.0,3.0,50.60206376000006,0.2822999999999993,33
619cdd7d45851b2ed2431cb2,low_WSe2,3.0,0.0,3.0,50.50495495999994,0.2155000000000004,33
619cdd7d45851b2ed2431cb3,low_WSe2,2.0,1.0,3.0,23.140527950000013,1.2785999999999973,33
619cdd7d45851b2ed2431cb4,low_WSe2,1.0,2.0,3.0,11.766121189999913,1.2989000000000033,33
619cdd7d45851b2ed2431cb5,low_WSe2,1.0,2.0,3.0,11.774482239999989,1.301400000000001,33
619cdd7d45851b2ed2431cb6,low_WSe2,0.0,3.0,3.0,0.4292210099999352,1.8218000000000032,33
619cdd7d45851b2ed2431cb7,low_WSe2,3.0,0.0,3.0,50.53334669000001,0.2149000000000001,33
619cdd7d45851b2ed2431cb8,low_WSe2,2.0,1.0,3.0,23.11425719999992,1.2438999999999965,33
619cdd7d45851b2ed2431cb9,low_WSe2,2.0,0.0,2.0,19.52551805000001,0.8572000000000006,34
619cdd7d45851b2ed2431cba,low_WSe2,0.0,3.0,3.0,0.4304254000000469,1.830999999999996,33
619cdd7d45851b2ed2431cbb,low_WSe2,2.0,1.0,3.0,39.20937226000005,0.2077000000000008,33
619cdd7d45851b2ed2431cbc,low_WSe2,2.0,1.0,3.0,39.23301840999993,0.1902000000000008,33
619cdd7d45851b2ed2431cbd,low_WSe2,2.0,1.0,3.0,23.13024576999991,1.139799999999994,33
619cdd7d45851b2ed2431cbe,low_WSe2,1.0,2.0,3.0,11.76981027999999,1.2899999999999991,33
619cdd7d45851b2ed2431cbf,low_WSe2,1.0,2.0,3.0,11.767140359999974,1.304000000000002,33
619cdd7d45851b2ed2431cc0,low_WSe2,1.0,2.0,3.0,11.7678539599999,1.2982999999999976,33
619cdd7d45851b2ed2431cc1,low_WSe2,2.0,1.0,3.0,23.057993969999902,1.0294999999999987,33
619cdd7d45851b2ed2431cc2,low_WSe2,3.0,0.0,3.0,50.544070669999975,0.2137999999999991,33
619cdd7d45851b2ed2431cc3,low_WSe2,0.0,3.0,3.0,0.4292056700000444,1.8267999999999984,33
619cdd7d45851b2ed2431cc4,low_WSe2,1.0,2.0,3.0,27.91597318000004,0.192499999999999,33
619cdd7d45851b2ed2431cc5,low_WSe2,1.0,2.0,3.0,11.785597999999926,1.2687000000000026,33
619cdd7d45851b2ed2431cc6,low_WSe2,0.0,3.0,3.0,0.4305976800000621,1.830500000000001,33
619cdd7d45851b2ed2431cc7,low_WSe2,1.0,2.0,3.0,28.04767386999993,0.2218,33
619cdd7d45851b2ed2431cc8,low_WSe2,1.0,2.0,3.0,11.772597099999974,1.2842000000000056,33
619cdd7d45851b2ed2431cc9,low_WSe2,2.0,1.0,3.0,39.24571805000009,0.1833000000000009,33
619cdd7d45851b2ed2431cca,low_WSe2,1.0,2.0,3.0,11.774697110000025,1.2952000000000012,33
619cdd7d45851b2ed2431ccb,low_WSe2,2.0,1.0,3.0,39.19489864999996,0.2053999999999991,33
619cdd7d45851b2ed2431ccc,low_WSe2,1.0,2.0,3.0,28.09573681999996,0.2323000000000004,33
619cdd7d45851b2ed2431ccd,low_WSe2,2.0,1.0,3.0,23.268151900000056,0.8584999999999994,33
619cdd7d45851b2ed2431cce,low_WSe2,1.0,2.0,3.0,11.767336399999966,1.2989000000000033,33
619cdd7d45851b2ed2431ccf,low_WSe2,2.0,1.0,3.0,39.249154599999926,0.1812000000000004,33
619cdd7d45851b2ed2431cd0,low_WSe2,0.0,3.0,3.0,0.4317208500000902,1.829500000000003,33
619cdd7d45851b2ed2431cd1,low_WSe2,0.0,3.0,3.0,0.4313509800001043,1.8294,33
619cdd7d45851b2ed2431cd2,low_WSe2,1.0,2.0,3.0,27.918366520000063,0.189,33
619cdd7d45851b2ed2431cd3,low_WSe2,0.0,3.0,3.0,0.4292928100000495,1.826900000000002,33
619cdd7d45851b2ed2431cd4,low_WSe2,1.0,1.0,2.0,8.022152290000008,1.2982999999999991,34
619cdd7d45851b2ed2431cd5,low_WSe2,1.0,2.0,3.0,11.770046209999908,1.2989000000000033,33
619cdd7d45851b2ed2431cd6,low_WSe2,1.0,2.0,3.0,11.766288089999978,1.2967000000000013,33
619cdd7d45851b2ed2431cd7,low_WSe2,2.0,1.0,3.0,39.18603579000005,0.2075000000000013,33
619cdd7d45851b2ed2431cd8,low_WSe2,1.0,2.0,3.0,27.999858099999983,0.2666000000000004,33
619cdd7d45851b2ed2431cd9,low_WSe2,0.0,3.0,3.0,0.4287783999999988,1.8304000000000045,33
619cdd7d45851b2ed2431cda,low_WSe2,2.0,1.0,3.0,23.123540229999925,1.2813000000000017,33
619cdd7d45851b2ed2431cdb,low_WSe2,2.0,1.0,3.0,39.20029314999992,0.1823999999999994,33
619cdd7d45851b2ed2431cdc,low_WSe2,2.0,1.0,3.0,39.23554913999992,0.2042999999999999,33
619cdd7d45851b2ed2431cdd,low_WSe2,1.0,2.0,3.0,11.752332120000109,1.2956000000000003,33
619cdd7d45851b2ed2431cde,low_WSe2,2.0,1.0,3.0,23.123486340000035,1.279200000000003,33
619cdd7d45851b2ed2431cdf,low_WSe2,1.0,2.0,3.0,11.76735550000011,1.295499999999997,33
619cdd7d45851b2ed2431ce0,low_WSe2,0.0,3.0,3.0,0.4282638399999428,1.8299999999999983,33
619cdd7d45851b2ed2431ce1,low_WSe2,1.0,2.0,3.0,11.764492009999902,1.295499999999997,33
619cdd7d45851b2ed2431ce2,low_WSe2,1.0,2.0,3.0,11.768755029999957,1.300699999999999,33
619cdd7d45851b2ed2431ce3,low_WSe2,2.0,1.0,3.0,23.10905017000008,1.1931000000000012,33
619cdd7d45851b2ed2431ce4,low_WSe2,1.0,2.0,3.0,27.978281240000115,0.1566999999999989,33
619cdd7d45851b2ed2431ce5,low_WSe2,3.0,0.0,3.0,50.584570650000025,0.2234999999999996,33
619cdd7d45851b2ed2431ce6,low_WSe2,2.0,1.0,3.0,39.237673379999976,0.1846999999999994,33
619cdd7d45851b2ed2431ce7,low_WSe2,1.0,2.0,3.0,11.768761649999975,1.3003,33
619cdd7d45851b2ed2431ce8,low_WSe2,0.0,3.0,3.0,0.4311335900001154,1.8256000000000012,33
619cdd7d45851b2ed2431ce9,low_WSe2,2.0,1.0,3.0,39.26949379000011,0.1655999999999995,33
619cdd7d45851b2ed2431cea,low_WSe2,2.0,1.0,3.0,39.33357015999995,0.2499000000000002,33
619cdd7d45851b2ed2431ceb,low_WSe2,1.0,2.0,3.0,11.766776079999987,1.2988,33
619cdd7d45851b2ed2431cec,low_WSe2,1.0,2.0,3.0,11.76607082999998,1.2961000000000027,33
619cdd7d45851b2ed2431ced,low_WSe2,1.0,2.0,3.0,27.99701004999997,0.2622999999999997,33
619cdd7d45851b2ed2431cee,low_WSe2,0.0,3.0,3.0,0.4295802900000467,1.8242000000000047,33
619cdd7d45851b2ed2431cef,low_WSe2,3.0,0.0,3.0,50.5586389000001,0.2114999999999991,33
619cdd7d45851b2ed2431cf0,low_WSe2,1.0,2.0,3.0,11.77142662999994,1.302100000000003,33
619cdd7d45851b2ed2431cf1,low_WSe2,2.0,1.0,3.0,39.29227629000006,0.1681000000000008,33
619cdd7d45851b2ed2431cf2,low_WSe2,2.0,1.0,3.0,38.64202479999999,0.1865000000000005,33
619cdd7d45851b2ed2431cf3,low_WSe2,0.0,3.0,3.0,0.4318987200001061,1.810900000000004,33
619cdd7d45851b2ed2431cf4,low_WSe2,1.0,2.0,3.0,27.935202809999964,0.1806999999999998,33
619cdd7d45851b2ed2431cf5,low_WSe2,2.0,1.0,3.0,23.128705910000043,1.264800000000001,33
619cdd7d45851b2ed2431cf6,low_WSe2,0.0,3.0,3.0,0.4300569700000665,1.8262,33
619cdd7e45851b2ed2431cf7,low_WSe2,2.0,1.0,3.0,39.23867221000005,0.1859000000000001,33
619cdd7e45851b2ed2431cf8,low_WSe2,0.0,3.0,3.0,0.4293684799999369,1.8298000000000056,33
619cdd7e45851b2ed2431cf9,low_WSe2,1.0,2.0,3.0,11.749313960000098,1.2811999999999983,33
619cdd7e45851b2ed2431cfa,low_WSe2,3.0,0.0,3.0,50.55009602000005,0.2161999999999988,33
619cdd7e45851b2ed2431cfb,low_WSe2,3.0,0.0,3.0,50.57578017000001,0.1633999999999993,33
619cdd7e45851b2ed2431cfc,low_WSe2,0.0,3.0,3.0,0.4276216200000249,1.825499999999998,33
619cdd7e45851b2ed2431cfd,low_WSe2,3.0,0.0,3.0,50.596349109999984,0.1790000000000002,33
619cdd7e45851b2ed2431cfe,low_WSe2,2.0,1.0,3.0,39.19993155000002,0.204600000000001,33
619cdd7e45851b2ed2431cff,low_WSe2,3.0,0.0,3.0,48.5322499299999,0.2821999999999995,33
619cdd7e45851b2ed2431d00,low_WSe2,1.0,2.0,3.0,11.778969460000088,1.2926000000000002,33
619cdd7e45851b2ed2431d01,low_WSe2,2.0,1.0,3.0,23.099217949999947,1.2464000000000013,33
619cdd7e45851b2ed2431d02,low_WSe2,0.0,3.0,3.0,0.4313723699999059,1.8172,33
619cdd7e45851b2ed2431d03,low_WSe2,2.0,1.0,3.0,23.107528159999937,1.2792999999999992,33
619cdd7e45851b2ed2431d04,low_WSe2,1.0,2.0,3.0,11.77690776999997,1.283299999999997,33
619cdd7e45851b2ed2431d05,low_WSe2,1.0,2.0,3.0,11.7730994599999,1.2988999999999962,33
619cdd7e45851b2ed2431d06,low_WSe2,1.0,2.0,3.0,11.770249910000064,1.3007999999999953,33
619cdd7e45851b2ed2431d07,low_WSe2,1.0,2.0,3.0,27.960317699999905,0.1549999999999993,33
619cdd7e45851b2ed2431d08,low_WSe2,1.0,2.0,3.0,11.767851659999897,1.2980000000000018,33
619cdd7e45851b2ed2431d09,low_WSe2,2.0,1.0,3.0,39.38100179000007,0.2917000000000005,33
619cdd7e45851b2ed2431d0a,low_WSe2,2.0,1.0,3.0,23.038992510000107,1.1206000000000031,33
619cdd7e45851b2ed2431d0b,low_WSe2,1.0,2.0,3.0,11.774228729999994,1.3019999999999996,33
619cdd7e45851b2ed2431d0c,low_WSe2,3.0,0.0,3.0,50.559616450000114,0.2088000000000001,33
619cdd7e45851b2ed2431d0d,low_WSe2,1.0,2.0,3.0,11.769091050000032,1.299500000000002,33
619cdd7e45851b2ed2431d0e,low_WSe2,1.0,2.0,3.0,28.24173205000011,0.289200000000001,33
619cdd7e45851b2ed2431d0f,low_WSe2,0.0,3.0,3.0,0.4331387900001004,1.8186000000000035,33
619cdd7e45851b2ed2431d10,low_WSe2,0.0,3.0,3.0,0.4283026899999527,1.828800000000001,33
619cdd7e45851b2ed2431d11,low_WSe2,2.0,1.0,3.0,39.20534453000009,0.2177000000000006,33
619cdd7e45851b2ed2431d12,low_WSe2,2.0,1.0,3.0,39.20438113000005,0.1494999999999997,33
619cdd7e45851b2ed2431d13,low_WSe2,3.0,0.0,3.0,49.9252680600001,0.1921999999999997,33
619cdd7e45851b2ed2431d14,low_WSe2,1.0,2.0,3.0,11.770425539999897,1.3006000000000029,33
619cdd7e45851b2ed2431d15,low_WSe2,2.0,1.0,3.0,39.25009623999999,0.1945999999999994,33
619cdd7e45851b2ed2431d16,low_WSe2,0.0,3.0,3.0,0.4269319899999004,1.8207999999999984,33
619cdd7e45851b2ed2431d17,low_WSe2,1.0,2.0,3.0,11.751944800000036,1.299900000000001,33
619cdd7e45851b2ed2431d18,low_WSe2,2.0,1.0,3.0,23.11489686999997,1.1795000000000044,33
619cdd7e45851b2ed2431d19,low_WSe2,0.0,3.0,3.0,0.42847845,1.8269999999999984,33
619cdd7e45851b2ed2431d1a,low_WSe2,2.0,1.0,3.0,39.233679539999954,0.1941000000000006,33
619cdd7e45851b2ed2431d1b,low_WSe2,3.0,0.0,3.0,50.55018316000005,0.147499999999999,33
619cdd7e45851b2ed2431d1c,low_WSe2,2.0,1.0,3.0,39.239585589999976,0.1988000000000003,33
619cdd7e45851b2ed2431d1d,low_WSe2,1.0,2.0,3.0,11.774639380000044,1.284399999999998,33
619cdd7e45851b2ed2431d1e,low_WSe2,1.0,2.0,3.0,11.68000961000006,1.3051999999999992,33
619cdd7e45851b2ed2431d1f,low_WSe2,2.0,1.0,3.0,39.23715042000008,0.2154000000000007,33
619cdd7e45851b2ed2431d20,low_WSe2,1.0,2.0,3.0,27.91306768999993,0.1851000000000002,33
619cdd7e45851b2ed2431d21,low_WSe2,2.0,1.0,3.0,39.22853768999998,0.1997,33
619cdd7e45851b2ed2431d22,low_WSe2,2.0,1.0,3.0,39.211296850000096,0.1886999999999989,33
619cdd7e45851b2ed2431d23,low_WSe2,2.0,1.0,3.0,39.23392070000004,0.1970000000000009,33
619cdd7e45851b2ed2431d24,low_WSe2,0.0,3.0,3.0,0.4321476599999982,1.8141000000000036,33
619cdd7e45851b2ed2431d25,low_WSe2,1.0,2.0,3.0,27.91568454000003,0.1963999999999988,33
619cdd7e45851b2ed2431d26,low_WSe2,2.0,1.0,3.0,39.22450865,0.1998999999999995,33
619cdd7e45851b2ed2431d27,low_WSe2,1.0,2.0,3.0,11.768161870000077,1.301400000000001,33
619cdd7e45851b2ed2431d28,low_WSe2,3.0,0.0,3.0,50.5902877699999,0.2211999999999996,33
619cdd7e45851b2ed2431d29,low_WSe2,1.0,2.0,3.0,27.92088831000001,0.1882000000000001,33
619cdd7e45851b2ed2431d2a,low_WSe2,2.0,1.0,3.0,23.1241952400001,1.283999999999999,33
619cdd7e45851b2ed2431d2b,low_WSe2,1.0,2.0,3.0,11.774272809999946,1.2978999999999985,33
619cdd7e45851b2ed2431d2c,low_WSe2,2.0,1.0,3.0,23.112828309999976,1.2812000000000054,33
619cdd7e45851b2ed2431d2d,low_WSe2,1.0,2.0,3.0,28.054890119999985,0.2797,33
619cdd7e45851b2ed2431d2e,low_WSe2,1.0,2.0,3.0,11.764699719999944,1.2714,33
619cdd7e45851b2ed2431d2f,low_WSe2,1.0,2.0,3.0,11.771985419999954,1.3001000000000005,33
619cdd7e45851b2ed2431d30,low_WSe2,2.0,1.0,3.0,39.258627100000055,0.1934000000000004,33
619cdd7e45851b2ed2431d31,low_WSe2,2.0,1.0,3.0,39.21159023999989,0.1943999999999999,33
619cdd7e45851b2ed2431d32,low_WSe2,2.0,1.0,3.0,23.092196560000083,1.2464999999999975,33
619cdd7e45851b2ed2431d33,low_WSe2,1.0,2.0,3.0,27.978589459999966,0.2519999999999989,33
619cdd7e45851b2ed2431d34,low_WSe2,1.0,2.0,3.0,11.772261770000105,1.3031999999999968,33
619cdd7e45851b2ed2431d35,low_WSe2,1.0,2.0,3.0,11.766746839999984,1.301099999999998,33
619cdd7e45851b2ed2431d36,low_WSe2,2.0,0.0,2.0,39.240313570000026,0.6595000000000013,34
619cdd7e45851b2ed2431d37,low_WSe2,2.0,1.0,3.0,39.242937949999984,0.1943999999999999,33
619cdd7e45851b2ed2431d38,low_WSe2,2.0,1.0,3.0,38.63146966999993,0.1900000000000012,33
619cdd7e45851b2ed2431d39,low_WSe2,1.0,2.0,3.0,11.772329610000032,1.2956000000000003,33
619cdd7e45851b2ed2431d3a,low_WSe2,3.0,0.0,3.0,50.51805109999996,0.2119999999999997,33
619cdd7e45851b2ed2431d3b,low_WSe2,2.0,1.0,3.0,39.25515791999992,0.1834000000000006,33
619cdd7e45851b2ed2431d3c,low_WSe2,0.0,3.0,3.0,0.4329661700000429,1.8322000000000005,33
619cdd7e45851b2ed2431d3d,low_WSe2,1.0,2.0,3.0,11.778420990000075,1.3003999999999962,33
619cdd7e45851b2ed2431d3e,low_WSe2,2.0,1.0,3.0,38.62802366999999,0.1913999999999998,33
619cdd7e45851b2ed2431d3f,low_WSe2,1.0,2.0,3.0,28.002428380000083,0.2591999999999999,33
619cdd7e45851b2ed2431d40,low_WSe2,1.0,2.0,3.0,27.914638790000023,0.1951999999999998,33
619cdd7e45851b2ed2431d41,low_WSe2,1.0,1.0,2.0,8.024627030000033,1.299900000000001,34
619cdd7e45851b2ed2431d42,low_WSe2,2.0,1.0,3.0,23.115799779999897,1.2642999999999986,33
619cdd7e45851b2ed2431d43,low_WSe2,1.0,2.0,3.0,11.764111120000042,1.299599999999998,33
619cdd7e45851b2ed2431d44,low_WSe2,2.0,1.0,3.0,38.63429365999996,0.1936,33
619cdd7e45851b2ed2431d45,low_WSe2,1.0,2.0,3.0,11.769068580000056,1.3025999999999982,33
619cdd7e45851b2ed2431d46,low_WSe2,2.0,1.0,3.0,23.11551289999992,1.2860999999999976,33
619cdd7e45851b2ed2431d47,low_WSe2,0.0,3.0,3.0,0.4275566000000594,1.8250000000000028,33
619cdd7e45851b2ed2431d48,low_WSe2,2.0,1.0,3.0,23.13364710999989,1.156000000000006,33
619cdd7e45851b2ed2431d49,low_WSe2,0.0,3.0,3.0,0.4279776800000832,1.8256000000000012,33
619cdd7f45851b2ed2431d4a,low_WSe2,2.0,1.0,3.0,37.57536693999991,0.6596000000000011,33
619cdd7f45851b2ed2431d4b,low_WSe2,3.0,0.0,3.0,50.00498097,0.1865999999999985,33
619cdd7f45851b2ed2431d4c,low_WSe2,0.0,3.0,3.0,0.4538417900000127,1.829499999999996,33
619cdd7f45851b2ed2431d4d,low_WSe2,3.0,0.0,3.0,50.58012293000011,0.1917000000000008,33
619cdd7f45851b2ed2431d4e,low_WSe2,2.0,1.0,3.0,39.23974641999989,0.1928999999999998,33
619cdd7f45851b2ed2431d4f,low_WSe2,2.0,1.0,3.0,39.33936219000002,0.2711000000000005,33
619cdd7f45851b2ed2431d50,low_WSe2,2.0,1.0,3.0,23.09263293999997,1.2819000000000005,33
619cdd7f45851b2ed2431d51,low_WSe2,3.0,0.0,3.0,50.5542938699999,0.1585,33
619cdd7f45851b2ed2431d52,low_WSe2,2.0,1.0,3.0,39.235161130000094,0.1997999999999997,33
619cdd7f45851b2ed2431d53,low_WSe2,2.0,1.0,3.0,23.064038530000097,1.2569000000000017,33
619cdd7f45851b2ed2431d54,low_WSe2,3.0,0.0,3.0,50.399526819999984,0.2211999999999996,33
619cdd7f45851b2ed2431d55,low_WSe2,1.0,2.0,3.0,27.91572771999995,0.1945000000000014,33
619cdd7f45851b2ed2431d56,low_WSe2,0.0,3.0,3.0,0.4359030400000279,1.8292,33
619cdd7f45851b2ed2431d57,low_WSe2,3.0,0.0,3.0,50.58381659000006,0.1989,33
619cdd7f45851b2ed2431d58,low_WSe2,0.0,3.0,3.0,0.4369630200000642,1.8232,33
619cdd7f45851b2ed2431d59,low_WSe2,0.0,3.0,3.0,0.4295940300000325,1.8273999999999968,33
619cdd7f45851b2ed2431d5a,low_WSe2,1.0,1.0,2.0,13.447379920000074,1.156100000000002,34
619cdd7f45851b2ed2431d5b,low_WSe2,1.0,1.0,2.0,13.42777686999996,1.3008999999999986,34
619cdd7f45851b2ed2431d5c,low_WSe2,0.0,3.0,3.0,0.4276652899999931,1.828400000000002,33
619cdd7f45851b2ed2431d5d,low_WSe2,1.0,2.0,3.0,11.770605700000022,1.3016999999999967,33
619cdd7f45851b2ed2431d5e,low_WSe2,3.0,0.0,3.0,49.97730289000001,0.1867999999999998,33
619cdd7f45851b2ed2431d5f,low_WSe2,2.0,1.0,3.0,39.32276413000004,0.2499000000000002,33
619cdd7f45851b2ed2431d60,low_WSe2,1.0,2.0,3.0,11.788137089999951,1.2946999999999989,33
619cdd7f45851b2ed2431d61,low_WSe2,2.0,1.0,3.0,23.11605811999997,1.2848000000000042,33
619cdd7f45851b2ed2431d62,low_WSe2,3.0,0.0,3.0,50.6921525199999,0.2721,33
619cdd7f45851b2ed2431d63,low_WSe2,0.0,3.0,3.0,0.4264847300000269,1.8256000000000012,33
619cdd7f45851b2ed2431d64,low_WSe2,0.0,3.0,3.0,0.4285323299999959,1.829499999999996,33
619cdd7f45851b2ed2431d65,low_WSe2,2.0,1.0,3.0,39.23293263999999,0.2039999999999988,33
619cdd7f45851b2ed2431d66,low_WSe2,2.0,1.0,3.0,39.26366794999994,0.1913999999999998,33
619cdd7f45851b2ed2431d67,low_WSe2,1.0,2.0,3.0,11.744557819999944,1.301400000000001,33
619cdd7f45851b2ed2431d68,low_WSe2,1.0,2.0,3.0,11.786082970000042,1.2730000000000032,33
619cdd7f45851b2ed2431d69,low_WSe2,0.0,3.0,3.0,0.432027400000095,1.8318000000000008,33
619cdd7f45851b2ed2431d6a,low_WSe2,2.0,1.0,3.0,39.248572880000026,0.1881000000000003,33
619cdd7f45851b2ed2431d6b,low_WSe2,0.0,3.0,3.0,0.4312395399999218,1.8237999999999983,33
619cdd7f45851b2ed2431d6c,low_WSe2,1.0,2.0,3.0,11.77876287999992,1.296999999999997,33
619cdd7f45851b2ed2431d6d,low_WSe2,0.0,3.0,3.0,0.4281134499998984,1.8266999999999955,33
619cdd7f45851b2ed2431d6e,low_WSe2,3.0,0.0,3.0,50.59453885999992,0.1998999999999995,33
619cdd7f45851b2ed2431d6f,low_WSe2,1.0,2.0,3.0,27.87475117000008,0.1784999999999996,33
619cdd7f45851b2ed2431d70,low_WSe2,1.0,2.0,3.0,11.761393129999975,1.2997999999999976,33
619cdd7f45851b2ed2431d71,low_WSe2,1.0,2.0,3.0,11.775203050000062,1.2989000000000033,33
619cdd7f45851b2ed2431d72,low_WSe2,1.0,2.0,3.0,11.769136500000048,1.295499999999997,33
619cdd7f45851b2ed2431d73,low_WSe2,2.0,1.0,3.0,39.23109232000006,0.2008999999999989,33
619cdd7f45851b2ed2431d74,low_WSe2,3.0,0.0,3.0,49.953887949999945,0.1940999999999988,33
619cdd7f45851b2ed2431d75,low_WSe2,0.0,3.0,3.0,0.4292213900000092,1.822699999999997,33
619cdd7f45851b2ed2431d76,low_WSe2,3.0,0.0,3.0,50.56952482999996,0.1932000000000009,33
619cdd7f45851b2ed2431d77,low_WSe2,1.0,1.0,2.0,8.021854910000116,1.2971000000000004,34
619cdd7f45851b2ed2431d78,low_WSe2,1.0,2.0,3.0,11.769574610000053,1.2937000000000012,33
619cdd7f45851b2ed2431d79,low_WSe2,0.0,3.0,3.0,0.4369800999999711,1.827300000000001,33
619cdd7f45851b2ed2431d7a,low_WSe2,2.0,1.0,3.0,23.13229350000009,1.2796999999999985,33
619cdd7f45851b2ed2431d7b,low_WSe2,2.0,1.0,3.0,39.2475643799999,0.1959999999999997,33
619cdd7f45851b2ed2431d7c,low_WSe2,3.0,0.0,3.0,50.50370755999993,0.1549999999999993,33
619cdd7f45851b2ed2431d7d,low_WSe2,2.0,1.0,3.0,38.79059181000007,0.2111999999999998,33
619cdd7f45851b2ed2431d7e,low_WSe2,1.0,2.0,3.0,28.0117295,0.2633999999999989,33
619cdd7f45851b2ed2431d7f,low_WSe2,2.0,1.0,3.0,23.109009280000045,1.2599000000000018,33
619cdd7f45851b2ed2431d80,low_WSe2,1.0,2.0,3.0,11.76563114999998,1.3071999999999946,33
619cdd7f45851b2ed2431d81,low_WSe2,3.0,0.0,3.0,50.511045439999954,0.1519000000000012,33
619cdd7f45851b2ed2431d82,low_WSe2,1.0,2.0,3.0,11.774848109999985,1.2989000000000033,33
619cdd7f45851b2ed2431d83,low_WSe2,2.0,1.0,3.0,39.29633008,0.2286000000000001,33
619cdd7f45851b2ed2431d84,low_WSe2,0.0,3.0,3.0,0.428913399999999,1.831399999999995,33
619cdd7f45851b2ed2431d85,low_WSe2,2.0,1.0,3.0,39.26350499999994,0.1877000000000013,33
619cdd7f45851b2ed2431d86,low_WSe2,1.0,2.0,3.0,11.76917241,1.2978000000000025,33
619cdd7f45851b2ed2431d87,low_WSe2,0.0,3.0,3.0,0.4548050699999635,1.8289000000000044,33
619cdd7f45851b2ed2431d88,low_WSe2,1.0,2.0,3.0,11.770792920000066,1.3011000000000053,33
619cdd7f45851b2ed2431d89,low_WSe2,1.0,2.0,3.0,27.913864330000024,0.2008000000000009,33
619cdd7f45851b2ed2431d8a,low_WSe2,2.0,1.0,3.0,39.25377144000008,0.1905000000000001,33
619cdd7f45851b2ed2431d8b,low_WSe2,1.0,2.0,3.0,11.79137525000009,1.269599999999997,33
619cdd7f45851b2ed2431d8c,low_WSe2,2.0,1.0,3.0,39.22996306999998,0.2195999999999998,33
619cdd7f45851b2ed2431d8d,low_WSe2,2.0,1.0,3.0,39.39674958999994,0.2863000000000006,33
619cdd7f45851b2ed2431d8e,low_WSe2,2.0,1.0,3.0,38.6347977599999,0.1966999999999998,33
619cdd7f45851b2ed2431d8f,low_WSe2,2.0,1.0,3.0,23.126160269999936,1.1503000000000014,33
619cdd7f45851b2ed2431d90,low_WSe2,2.0,1.0,3.0,39.24068289999995,0.1521000000000008,33
619cdd7f45851b2ed2431d91,low_WSe2,2.0,1.0,3.0,38.6363822199999,0.1895000000000006,33
619cdd7f45851b2ed2431d92,low_WSe2,1.0,2.0,3.0,11.775208380000084,1.2852999999999994,33
619cdd7f45851b2ed2431d93,low_WSe2,1.0,2.0,3.0,11.776203319999912,1.155699999999996,33
619cdd7f45851b2ed2431d94,low_WSe2,2.0,1.0,3.0,39.2358353099999,0.2164000000000001,33
619cdd7f45851b2ed2431d95,low_WSe2,3.0,0.0,3.0,50.54243701999994,0.2172,33
619cdd7f45851b2ed2431d96,low_WSe2,0.0,3.0,3.0,0.4557777399999736,1.8245000000000005,33
619cdd7f45851b2ed2431d97,low_WSe2,1.0,1.0,2.0,29.57794889999999,0.1941000000000006,34
619cdd7f45851b2ed2431d98,low_WSe2,1.0,2.0,3.0,11.771259410000074,1.2945000000000064,33
619cdd7f45851b2ed2431d99,low_WSe2,1.0,2.0,3.0,11.784948169999996,1.2976000000000028,33
619cdd7f45851b2ed2431d9a,low_WSe2,2.0,1.0,3.0,39.29554665999994,0.1628000000000007,33
619cdd7f45851b2ed2431d9b,low_WSe2,1.0,2.0,3.0,11.789681539999936,1.272199999999998,33
619cdd7f45851b2ed2431d9c,low_WSe2,2.0,1.0,3.0,39.19578626000002,0.2086000000000005,33
619cdd7f45851b2ed2431d9d,low_WSe2,1.0,2.0,3.0,11.770394260000092,1.2827000000000055,33
619cdd8045851b2ed2431d9e,low_WSe2,2.0,1.0,3.0,23.119288760000053,1.282199999999996,33
619cdd8045851b2ed2431d9f,low_WSe2,2.0,1.0,3.0,38.65438677999991,0.1941000000000006,33
619cdd8045851b2ed2431da0,low_WSe2,1.0,2.0,3.0,11.769393990000015,1.2969000000000008,33
619cdd8045851b2ed2431da1,low_WSe2,2.0,1.0,3.0,39.2387872100001,0.1574000000000008,33
619cdd8045851b2ed2431da2,low_WSe2,1.0,2.0,3.0,11.772038979999923,1.3002000000000038,33
619cdd8045851b2ed2431da3,low_WSe2,1.0,2.0,3.0,11.768933999999934,1.2986000000000004,33
619cdd8045851b2ed2431da4,low_WSe2,2.0,1.0,3.0,38.63002329999999,0.1933000000000007,33
619cdd8045851b2ed2431da5,low_WSe2,1.0,2.0,3.0,27.998069020000003,0.2635999999999985,33
619cdd8045851b2ed2431da6,low_WSe2,2.0,1.0,3.0,23.112683659999934,1.2856999999999985,33
619cdd8045851b2ed2431da7,low_WSe2,3.0,0.0,3.0,50.49916010999991,0.1610999999999993,33
619cdd8045851b2ed2431da8,low_WSe2,1.0,2.0,3.0,11.754010350000032,1.2831000000000046,33
619cdd8045851b2ed2431da9,low_WSe2,1.0,2.0,3.0,11.777800009999954,1.2939000000000007,33
619cdd8045851b2ed2431daa,low_WSe2,1.0,2.0,3.0,27.915570350000053,0.1909000000000009,33
619cdd8045851b2ed2431dab,low_WSe2,2.0,1.0,3.0,39.24193995,0.2027000000000001,33
619cdd8045851b2ed2431dac,low_WSe2,1.0,2.0,3.0,11.790291700000116,1.2956999999999963,33
619cdd8045851b2ed2431dad,low_WSe2,2.0,1.0,3.0,39.2516438600001,0.1977999999999991,33
619cdd8045851b2ed2431dae,low_WSe2,3.0,0.0,3.0,50.56935463,0.2081999999999997,33
619cdd8045851b2ed2431daf,low_WSe2,2.0,1.0,3.0,23.132076760000054,1.2668000000000037,33
619cdd8045851b2ed2431db0,low_WSe2,2.0,1.0,3.0,39.26089656999993,0.1814999999999997,33
619cdd8045851b2ed2431db1,low_WSe2,0.0,3.0,3.0,0.4285022099999764,1.824799999999996,33
619cdd8045851b2ed2431db2,low_WSe2,2.0,1.0,3.0,39.27234997999999,0.2614000000000001,33
619cdd8045851b2ed2431db3,low_WSe2,1.0,2.0,3.0,11.776084959999924,1.301000000000002,33
619cdd8045851b2ed2431db4,low_WSe2,1.0,2.0,3.0,27.921735549999998,0.1866000000000003,33
619cdd8045851b2ed2431db5,low_WSe2,3.0,0.0,3.0,50.53193113999996,0.2136999999999993,33
619cdd8045851b2ed2431db6,low_WSe2,3.0,0.0,3.0,50.51926846000001,0.1965000000000003,33
619cdd8045851b2ed2431db7,low_WSe2,2.0,1.0,3.0,39.25350819000009,0.1864000000000008,33
619cdd8045851b2ed2431db8,low_WSe2,1.0,2.0,3.0,28.004438259999915,0.2606999999999999,33
619cdd8045851b2ed2431db9,low_WSe2,2.0,1.0,3.0,39.22574052999998,0.2005999999999996,33
619cdd8045851b2ed2431dba,low_WSe2,2.0,1.0,3.0,39.21978214000005,0.2063000000000006,33
619cdd8045851b2ed2431dbb,low_WSe2,0.0,3.0,3.0,0.4287491199999635,1.8266999999999955,33
619cdd8045851b2ed2431dbc,low_WSe2,2.0,1.0,3.0,23.12227179000005,1.279599999999995,33
619cdd8045851b2ed2431dbd,low_WSe2,2.0,1.0,3.0,39.28456418,0.1634999999999991,33
619cdd8045851b2ed2431dbe,low_WSe2,2.0,1.0,3.0,39.26989406000011,0.1968999999999994,33
619cdd8045851b2ed2431dbf,low_WSe2,1.0,2.0,3.0,27.92552083999999,0.1931999999999991,33
619cdd8045851b2ed2431dc0,low_WSe2,1.0,2.0,3.0,11.788283990000073,1.157900000000005,33
619cdd8045851b2ed2431dc1,low_WSe2,1.0,2.0,3.0,11.77067546000011,1.2985000000000042,33
619cdd8045851b2ed2431dc2,low_WSe2,3.0,0.0,3.0,50.55034822999992,0.1981999999999999,33
619cdd8045851b2ed2431dc3,low_WSe2,2.0,1.0,3.0,39.253945799999926,0.2017999999999986,33
619cdd8045851b2ed2431dc4,low_WSe2,2.0,1.0,3.0,38.57810341000008,0.1969000000000011,33
619cdd8045851b2ed2431dc5,low_WSe2,1.0,2.0,3.0,11.757526390000056,1.2920999999999978,33
619cdd8045851b2ed2431dc6,low_WSe2,2.0,1.0,3.0,23.09760828999996,1.2867999999999995,33
619cdd8045851b2ed2431dc7,low_WSe2,2.0,1.0,3.0,38.63091998000009,0.1931999999999991,33
619cdd8045851b2ed2431dc8,low_WSe2,2.0,1.0,3.0,23.10424267000011,1.2789,33
619cdd8045851b2ed2431dc9,low_WSe2,2.0,1.0,3.0,23.11697187000008,1.2867999999999995,33
619cdd8045851b2ed2431dca,low_WSe2,2.0,1.0,3.0,23.080732299999944,1.254800000000003,33
619cdd8045851b2ed2431dcb,low_WSe2,1.0,2.0,3.0,27.91443647000005,0.1977999999999991,33
619cdd8045851b2ed2431dcc,low_WSe2,1.0,2.0,3.0,11.771051070000102,1.3013000000000048,33
619cdd8045851b2ed2431dcd,low_WSe2,1.0,2.0,3.0,11.78138811000007,1.2922000000000011,33
619cdd8045851b2ed2431dce,low_WSe2,2.0,1.0,3.0,39.34058484999996,0.2736999999999998,33
619cdd8045851b2ed2431dcf,low_WSe2,1.0,2.0,3.0,27.968122329999915,0.1565000000000012,33
619cdd8045851b2ed2431dd0,low_WSe2,1.0,2.0,3.0,11.769633280000097,1.299500000000002,33
619cdd8045851b2ed2431dd1,low_WSe2,2.0,1.0,3.0,39.23088398000009,0.1989,33
619cdd8045851b2ed2431dd2,low_WSe2,2.0,1.0,3.0,39.25960990999992,0.1955000000000009,33
619cdd8045851b2ed2431dd3,low_WSe2,2.0,1.0,3.0,39.23417412999997,0.2043999999999997,33
619cdd8045851b2ed2431dd4,low_WSe2,2.0,1.0,3.0,39.22659391999996,0.1527000000000011,33
619cdd8045851b2ed2431dd5,low_WSe2,2.0,1.0,3.0,39.20855592000002,0.1912000000000002,33
619cdd8045851b2ed2431dd6,low_WSe2,2.0,1.0,3.0,39.30676573999999,0.2792000000000012,33
619cdd8045851b2ed2431dd7,low_WSe2,2.0,1.0,3.0,39.23757374999995,0.1544999999999987,33
619cdd8045851b2ed2431dd8,low_WSe2,2.0,1.0,3.0,23.114680729999957,1.265899999999995,33
619cdd8045851b2ed2431dd9,low_WSe2,2.0,1.0,3.0,23.05577657000007,1.1207999999999956,33
619cdd8045851b2ed2431dda,low_WSe2,1.0,2.0,3.0,11.760002989999965,1.2857999999999947,33
619cdd8045851b2ed2431ddb,low_WSe2,3.0,0.0,3.0,50.576823720000085,0.1645000000000003,33
619cdd8045851b2ed2431ddc,low_WSe2,0.0,3.0,3.0,0.4258760800000232,1.824400000000004,33
619cdd8045851b2ed2431ddd,low_WSe2,3.0,0.0,3.0,49.9350042699999,0.200000000000001,33
619cdd8045851b2ed2431dde,low_WSe2,2.0,1.0,3.0,23.134897259999924,1.2738000000000014,33
619cdd8045851b2ed2431ddf,low_WSe2,2.0,1.0,3.0,23.094252500000074,1.2777999999999992,33
619cdd8045851b2ed2431de0,low_WSe2,1.0,2.0,3.0,27.99512125000001,0.2684999999999995,33
619cdd8045851b2ed2431de1,low_WSe2,1.0,2.0,3.0,11.771516790000067,1.3028000000000048,33
619cdd8045851b2ed2431de2,low_WSe2,2.0,1.0,3.0,23.112447669999973,1.1988999999999947,33
619cdd8045851b2ed2431de3,low_WSe2,2.0,1.0,3.0,39.23438489999994,0.192400000000001,33
619cdd8045851b2ed2431de4,low_WSe2,1.0,2.0,3.0,11.771173699999952,1.3033,33
619cdd8045851b2ed2431de5,low_WSe2,1.0,2.0,3.0,27.923530620000065,0.1899000000000015,33
619cdd8045851b2ed2431de6,low_WSe2,2.0,1.0,3.0,23.113586299999987,1.2179000000000002,33
619cdd8045851b2ed2431de7,low_WSe2,1.0,2.0,3.0,11.769295759999968,1.3008000000000024,33
619cdd8045851b2ed2431de8,low_WSe2,1.0,2.0,3.0,11.768517210000017,1.2978000000000025,33
619cdd8045851b2ed2431de9,low_WSe2,3.0,0.0,3.0,50.57260890999997,0.2066999999999996,33
619cdd8045851b2ed2431dea,low_WSe2,2.0,1.0,3.0,37.47254322999997,0.4896999999999991,33
619cdd8045851b2ed2431deb,low_WSe2,2.0,1.0,3.0,39.24112737,0.1940000000000008,33
619cdd8045851b2ed2431dec,low_WSe2,1.0,2.0,3.0,28.010327839999945,0.2550000000000008,33
619cdd8045851b2ed2431ded,low_WSe2,2.0,1.0,3.0,39.1960418900001,0.2031999999999989,33
619cdd8045851b2ed2431dee,low_WSe2,0.0,3.0,3.0,0.4307780700000307,1.825800000000001,33
619cdd8045851b2ed2431def,low_WSe2,2.0,1.0,3.0,39.22180725999992,0.2026999999999983,33
619cdd8045851b2ed2431df0,low_WSe2,2.0,1.0,3.0,23.139859220000098,1.279199999999996,33
619cdd8145851b2ed2431df1,low_WSe2,3.0,0.0,3.0,50.72813798000002,0.1798999999999999,33
619cdd8145851b2ed2431df2,low_WSe2,3.0,0.0,3.0,50.75810147000002,0.1659000000000006,33
619cdd8145851b2ed2431df3,low_WSe2,3.0,0.0,3.0,50.58547942999994,0.2194000000000002,33
619cdd8145851b2ed2431df4,low_WSe2,2.0,1.0,3.0,39.34759575999992,0.2245999999999988,33
619cdd8145851b2ed2431df5,low_WSe2,1.0,2.0,3.0,11.771037680000052,1.2987000000000035,33
619cdd8145851b2ed2431df6,low_WSe2,3.0,0.0,3.0,50.481581119999966,0.2210999999999998,33
619cdd8145851b2ed2431df7,low_WSe2,1.0,2.0,3.0,11.774157450000065,1.3034999999999997,33
619cdd8145851b2ed2431df8,low_WSe2,1.0,2.0,3.0,11.760114059999967,1.3019999999999996,33
619cdd8145851b2ed2431df9,low_WSe2,2.0,1.0,3.0,39.24824027999993,0.1841999999999988,33
619cdd8145851b2ed2431dfa,low_WSe2,1.0,2.0,3.0,27.878115969999957,0.1745999999999998,33
619cdd8145851b2ed2431dfb,low_WSe2,0.0,3.0,3.0,0.4320687999999677,1.8262,33
619cdd8145851b2ed2431dfc,low_WSe2,2.0,1.0,3.0,23.09335843000012,1.247,33
619cdd8145851b2ed2431dfd,low_WSe2,2.0,1.0,3.0,39.19349298999991,0.2073,33
619cdd8145851b2ed2431dfe,low_WSe2,2.0,1.0,3.0,39.25307531000003,0.1833000000000009,33
619cdd8145851b2ed2431dff,low_WSe2,2.0,1.0,3.0,39.26479922000003,0.192499999999999,33
619cdd8145851b2ed2431e00,low_WSe2,2.0,1.0,3.0,39.20801489,0.2057000000000002,33
619cdd8145851b2ed2431e01,low_WSe2,3.0,0.0,3.0,50.00797285999997,0.1132000000000008,33
619cdd8145851b2ed2431e02,low_WSe2,2.0,1.0,3.0,23.103303079999968,1.2725000000000009,33
619cdd8145851b2ed2431e03,low_WSe2,2.0,1.0,3.0,39.23247064000002,0.1864000000000008,33
619cdd8145851b2ed2431e04,low_WSe2,2.0,1.0,3.0,23.13061249000001,1.150100000000002,33
619cdd8145851b2ed2431e05,low_WSe2,2.0,1.0,3.0,39.23626182000002,0.2011000000000002,33
619cdd8145851b2ed2431e06,low_WSe2,1.0,2.0,3.0,27.910807559999967,0.1903000000000005,33
619cdd8145851b2ed2431e07,low_WSe2,0.0,2.0,2.0,-3.311821129999931,1.8642000000000003,34
619cdd8145851b2ed2431e08,low_WSe2,3.0,0.0,3.0,50.50257771000006,0.1148999999999986,33
619cdd8145851b2ed2431e09,low_WSe2,1.0,2.0,3.0,11.76716596999994,1.2975999999999956,33
619cdd8145851b2ed2431e0a,low_WSe2,1.0,2.0,3.0,11.682502030000013,1.3070000000000022,33
619cdd8145851b2ed2431e0b,low_WSe2,1.0,2.0,3.0,27.915612969999984,0.1987000000000005,33
619cdd8145851b2ed2431e0c,low_WSe2,2.0,1.0,3.0,23.094575840000097,1.282299999999999,33
619cdd8145851b2ed2431e0d,low_WSe2,1.0,2.0,3.0,11.770610990000012,1.294400000000003,33
619cdd8145851b2ed2431e0e,low_WSe2,2.0,1.0,3.0,39.24713385,0.1971000000000007,33
619cdd8145851b2ed2431e0f,low_WSe2,2.0,1.0,3.0,39.26153120000008,0.1990999999999996,33
619cdd8145851b2ed2431e10,low_WSe2,1.0,2.0,3.0,11.77494316000001,1.3020000000000067,33
619cdd8145851b2ed2431e11,low_WSe2,1.0,2.0,3.0,28.03324049999992,0.2441999999999993,33
619cdd8145851b2ed2431e12,low_WSe2,1.0,2.0,3.0,11.764536740000027,1.299900000000001,33
619cdd8145851b2ed2431e13,low_WSe2,2.0,1.0,3.0,23.141133050000043,1.1489999999999938,33
619cdd8145851b2ed2431e14,low_WSe2,3.0,0.0,3.0,48.92407351999996,0.6195000000000004,33
619cdd8145851b2ed2431e15,low_WSe2,2.0,1.0,3.0,39.19050087999999,0.1859999999999999,33
619cdd8145851b2ed2431e16,low_WSe2,1.0,2.0,3.0,27.93052048999993,0.1903999999999985,33
619cdd8145851b2ed2431e17,low_WSe2,2.0,1.0,3.0,39.263931309999904,0.1976999999999993,33
619cdd8145851b2ed2431e18,low_WSe2,2.0,1.0,3.0,23.10204647999993,1.1986999999999952,33
619cdd8145851b2ed2431e19,low_WSe2,2.0,1.0,3.0,23.13699116999991,1.1411000000000016,33
619cdd8145851b2ed2431e1a,low_WSe2,2.0,1.0,3.0,38.63570312999995,0.1951,33
619cdd8145851b2ed2431e1b,low_WSe2,2.0,1.0,3.0,38.62885869999995,0.1929999999999996,33
619cdd8145851b2ed2431e1c,low_WSe2,1.0,2.0,3.0,27.962401490000047,0.159699999999999,33
619cdd8145851b2ed2431e1d,low_WSe2,3.0,0.0,3.0,50.53535212000006,0.2097000000000015,33
619cdd8145851b2ed2431e1e,low_WSe2,3.0,0.0,3.0,50.54600566999998,0.157,33
619cdd8145851b2ed2431e1f,low_WSe2,1.0,2.0,3.0,11.766239110000004,1.3038000000000023,33
619cdd8145851b2ed2431e20,low_WSe2,3.0,0.0,3.0,50.58606023999992,0.2224000000000003,33
619cdd8145851b2ed2431e21,low_WSe2,3.0,0.0,3.0,50.51842784000005,0.2202000000000001,33
619cdd8145851b2ed2431e22,low_WSe2,0.0,3.0,3.0,0.4369392299999504,1.8286000000000016,33
619cdd8145851b2ed2431e23,low_WSe2,2.0,1.0,3.0,39.232734620000016,0.2003000000000003,33
619cdd8145851b2ed2431e24,low_WSe2,0.0,3.0,3.0,0.4275402699999517,1.8270999999999944,33
619cdd8145851b2ed2431e25,low_WSe2,2.0,1.0,3.0,39.20195597999991,0.2071000000000005,33
619cdd8145851b2ed2431e26,low_WSe2,1.0,2.0,3.0,11.764284589999978,1.298099999999998,33
619cdd8145851b2ed2431e27,low_WSe2,1.0,2.0,3.0,28.05658468000001,0.2698999999999998,33
619cdd8145851b2ed2431e28,low_WSe2,2.0,1.0,3.0,39.22762233999997,0.2034000000000002,33
619cdd8145851b2ed2431e29,low_WSe2,0.0,3.0,3.0,0.4265796799999748,1.824300000000001,33
619cdd8145851b2ed2431e2a,low_WSe2,2.0,1.0,3.0,23.121141829999974,1.2785999999999973,33
619cdd8145851b2ed2431e2b,low_WSe2,1.0,2.0,3.0,27.99534233999998,0.2642000000000006,33
619cdd8145851b2ed2431e2c,low_WSe2,2.0,1.0,3.0,23.022315940000038,1.113899999999994,33
619cdd8145851b2ed2431e2d,low_WSe2,3.0,0.0,3.0,50.18158823000008,0.1842000000000005,33
619cdd8145851b2ed2431e2e,low_WSe2,2.0,1.0,3.0,39.239602409999904,0.1998999999999995,33
619cdd8145851b2ed2431e2f,low_WSe2,0.0,3.0,3.0,0.4296823100000324,1.8331000000000015,33
619cdd8145851b2ed2431e30,low_WSe2,3.0,0.0,3.0,49.96967118000007,0.1936999999999997,33
619cdd8145851b2ed2431e31,low_WSe2,1.0,2.0,3.0,11.77259215999992,1.3016000000000003,33
619cdd8145851b2ed2431e32,low_WSe2,2.0,1.0,3.0,39.23655196999998,0.1974,33
619cdd8145851b2ed2431e33,low_WSe2,1.0,2.0,3.0,11.76418495000006,1.2964000000000055,33
619cdd8145851b2ed2431e34,low_WSe2,0.0,3.0,3.0,0.4510314200001062,1.8241999999999976,33
619cdd8145851b2ed2431e35,low_WSe2,1.0,2.0,3.0,28.002443099999937,0.2620999999999984,33
619cdd8145851b2ed2431e36,low_WSe2,1.0,2.0,3.0,11.762254120000067,1.3012000000000017,33
619cdd8145851b2ed2431e37,low_WSe2,2.0,1.0,3.0,39.19613026999996,0.2088000000000001,33
619cdd8145851b2ed2431e38,low_WSe2,3.0,0.0,3.0,48.907554010000105,0.585700000000001,33
619cdd8145851b2ed2431e39,low_WSe2,2.0,1.0,3.0,39.3930429,0.1999999999999993,33
619cdd8145851b2ed2431e3a,low_WSe2,2.0,1.0,3.0,37.57627166999991,0.6533999999999995,33
619cdd8145851b2ed2431e3b,low_WSe2,2.0,1.0,3.0,23.122483010000032,1.2804000000000002,33
619cdd8145851b2ed2431e3c,low_WSe2,2.0,1.0,3.0,37.57858280999999,0.6613000000000007,33
619cdd8145851b2ed2431e3d,low_WSe2,1.0,2.0,3.0,11.76599699999996,1.2973,33
619cdd8145851b2ed2431e3e,low_WSe2,2.0,1.0,3.0,39.236492999999925,0.2011000000000002,33
619cdd8145851b2ed2431e3f,low_WSe2,2.0,1.0,3.0,39.26439946999999,0.1908999999999991,33
619cdd8145851b2ed2431e40,low_WSe2,2.0,1.0,3.0,39.24437964000008,0.1367999999999991,33
619cdd8145851b2ed2431e41,low_WSe2,1.0,2.0,3.0,28.008631209999976,0.2661999999999995,33
619cdd8145851b2ed2431e42,low_WSe2,2.0,1.0,3.0,39.25867178999992,0.1857999999999986,33
619cdd8145851b2ed2431e43,low_WSe2,1.0,2.0,3.0,27.88088186999994,0.174100000000001,33
619cdd8145851b2ed2431e44,low_WSe2,2.0,1.0,3.0,39.19524073000007,0.2073,33
619cdd8145851b2ed2431e45,low_WSe2,3.0,0.0,3.0,50.56160860000009,0.1759000000000004,33
619cdd8245851b2ed2431e46,low_WSe2,1.0,2.0,3.0,27.92140051000001,0.190199999999999,33
619cdd8245851b2ed2431e47,low_WSe2,1.0,2.0,3.0,11.76269817000001,1.2963999999999984,33
619cdd8245851b2ed2431e48,low_WSe2,0.0,3.0,3.0,0.4281178000000523,1.8301999999999976,33
619cdd8245851b2ed2431e49,low_WSe2,2.0,1.0,3.0,39.31967779999995,0.2664000000000008,33
619cdd8245851b2ed2431e4a,low_WSe2,3.0,0.0,3.0,49.937240130000056,0.1914999999999995,33
619cdd8245851b2ed2431e4b,low_WSe2,2.0,1.0,3.0,38.62570512999996,0.1881000000000003,33
619cdd8245851b2ed2431e4c,low_WSe2,1.0,2.0,3.0,27.88114543000006,0.1746999999999996,33
619cdd8245851b2ed2431e4d,low_WSe2,2.0,1.0,3.0,39.23538209000007,0.1972999999999984,33
619cdd8245851b2ed2431e4e,low_WSe2,1.0,2.0,3.0,11.752510799999971,1.287300000000002,33
619cdd8245851b2ed2431e4f,low_WSe2,1.0,2.0,3.0,27.879114789999903,0.173,33
619cdd8245851b2ed2431e50,low_WSe2,0.0,3.0,3.0,0.4285019599998918,1.8275999999999968,33
619cdd8245851b2ed2431e51,low_WSe2,1.0,1.0,2.0,13.423100710000044,1.2980000000000018,34
619cdd8245851b2ed2431e52,low_WSe2,1.0,2.0,3.0,11.768254309999964,1.302900000000001,33
619cdd8245851b2ed2431e53,low_WSe2,2.0,1.0,3.0,23.120968239999947,1.2809000000000026,33
619cdd8245851b2ed2431e54,low_WSe2,2.0,1.0,3.0,39.22701863000002,0.1415000000000006,33
619cdd8245851b2ed2431e55,low_WSe2,2.0,1.0,3.0,23.122097920000023,1.281499999999994,33
619cdd8245851b2ed2431e56,low_WSe2,0.0,3.0,3.0,0.433259840000062,1.8183000000000007,33
619cdd8245851b2ed2431e57,low_WSe2,2.0,1.0,3.0,39.25166680000011,0.1935000000000002,33
619cdd8245851b2ed2431e58,low_WSe2,3.0,0.0,3.0,50.59216150999996,0.1920999999999999,33
619cdd8245851b2ed2431e59,low_WSe2,1.0,2.0,3.0,11.77155575000005,1.3051999999999992,33
619cdd8245851b2ed2431e5a,low_WSe2,2.0,1.0,3.0,39.25197488999997,0.1898999999999997,33
619cdd8245851b2ed2431e5b,low_WSe2,1.0,2.0,3.0,11.751881319999928,1.301400000000001,33
619cdd8245851b2ed2431e5c,low_WSe2,1.0,2.0,3.0,11.743537150000057,1.297699999999999,33
619cdd8245851b2ed2431e5d,low_WSe2,3.0,0.0,3.0,50.56720559999994,0.1936,33
619cdd8245851b2ed2431e5e,low_WSe2,2.0,1.0,3.0,23.104114150000026,1.2879000000000005,33
619cdd8245851b2ed2431e5f,low_WSe2,1.0,2.0,3.0,27.91537222000011,0.1881000000000003,33
619cdd8245851b2ed2431e60,low_WSe2,3.0,0.0,3.0,49.76078038000001,0.1874000000000002,33
619cdd8245851b2ed2431e61,low_WSe2,2.0,1.0,3.0,23.10208848999995,1.2176999999999936,33
619cdd8245851b2ed2431e62,low_WSe2,2.0,1.0,3.0,38.634769620000085,0.1950000000000002,33
619cdd8245851b2ed2431e63,low_WSe2,1.0,2.0,3.0,11.771816980000027,1.3012999999999977,33
619cdd8245851b2ed2431e64,low_WSe2,2.0,1.0,3.0,23.10190375999995,1.2572000000000043,33
619cdd8245851b2ed2431e65,low_WSe2,2.0,1.0,3.0,23.276740889999964,0.8595000000000041,33
619cdd8245851b2ed2431e66,low_WSe2,2.0,1.0,3.0,23.1008254199999,1.2435000000000045,33
619cdd8245851b2ed2431e67,low_WSe2,1.0,2.0,3.0,27.913562319999983,0.1911000000000005,33
619cdd8245851b2ed2431e68,low_WSe2,2.0,1.0,3.0,39.29972273999992,0.2263000000000001,33
619cdd8245851b2ed2431e69,low_WSe2,1.0,2.0,3.0,27.92277519000004,0.1916000000000011,33
619cdd8245851b2ed2431e6a,low_WSe2,2.0,1.0,3.0,39.196795249999965,0.1936,33
619cdd8245851b2ed2431e6b,low_WSe2,0.0,3.0,3.0,0.4574698900000271,1.8273999999999968,33
619cdd8245851b2ed2431e6c,low_WSe2,1.0,2.0,3.0,27.91887006999991,0.1933000000000007,33
619cdd8245851b2ed2431e6d,low_WSe2,3.0,0.0,3.0,50.530882840000096,0.2138000000000008,33
619cdd8245851b2ed2431e6e,low_WSe2,2.0,1.0,3.0,23.12725404000006,1.2780000000000058,33
619cdd8245851b2ed2431e6f,low_WSe2,2.0,1.0,3.0,39.23328264999991,0.1981999999999999,33
619cdd8245851b2ed2431e70,low_WSe2,3.0,0.0,3.0,50.53999056000007,0.206100000000001,33
619cdd8245851b2ed2431e71,low_WSe2,1.0,2.0,3.0,11.76953759999991,1.302100000000003,33
619cdd8245851b2ed2431e72,low_WSe2,0.0,3.0,3.0,0.4286203099999852,1.8292,33
619cdd8245851b2ed2431e73,low_WSe2,1.0,2.0,3.0,11.768633070000067,1.297399999999996,33
619cdd8245851b2ed2431e74,low_WSe2,2.0,1.0,3.0,37.59082646000006,0.6606000000000005,33
619cdd8245851b2ed2431e75,low_WSe2,2.0,1.0,3.0,23.122770640000034,1.1304000000000016,33
619cdd8245851b2ed2431e76,low_WSe2,3.0,0.0,3.0,50.55981667000001,0.2041000000000004,33
619cdd8245851b2ed2431e77,low_WSe2,2.0,1.0,3.0,39.23458175,0.2056000000000004,33
619cdd8245851b2ed2431e78,low_WSe2,1.0,2.0,3.0,11.765083029999904,1.2976000000000028,33
619cdd8245851b2ed2431e79,low_WSe2,3.0,0.0,3.0,50.51837804000011,0.2190999999999991,33
619cdd8245851b2ed2431e7a,low_WSe2,1.0,2.0,3.0,11.78029433000005,1.278500000000001,33
619cdd8245851b2ed2431e7b,low_WSe2,0.0,3.0,3.0,0.4275629900000126,1.8300999999999945,33
619cdd8245851b2ed2431e7c,low_WSe2,2.0,1.0,3.0,23.13490677000008,1.2672999999999988,33
619cdd8245851b2ed2431e7d,low_WSe2,0.0,3.0,3.0,0.4299888899999473,1.826500000000003,33
619cdd8245851b2ed2431e7e,low_WSe2,1.0,2.0,3.0,28.001389849999896,0.2601000000000013,33
619cdd8245851b2ed2431e7f,low_WSe2,2.0,1.0,3.0,39.22609399000002,0.1562999999999998,33
619cdd8245851b2ed2431e80,low_WSe2,2.0,1.0,3.0,39.260355469999965,0.1931999999999991,33
619cdd8245851b2ed2431e81,low_WSe2,2.0,1.0,3.0,38.6290625699999,0.1918999999999986,33
619cdd8245851b2ed2431e82,low_WSe2,1.0,2.0,3.0,11.767011520000086,1.2982999999999976,33
619cdd8245851b2ed2431e83,low_WSe2,2.0,1.0,3.0,39.25928944999991,0.1959999999999997,33
619cdd8245851b2ed2431e84,low_WSe2,2.0,1.0,3.0,39.199917360000015,0.1921999999999997,33
619cdd8245851b2ed2431e85,low_WSe2,3.0,0.0,3.0,49.970989580000015,0.1959999999999997,33
619cdd8245851b2ed2431e86,low_WSe2,1.0,2.0,3.0,11.764701309999952,1.295099999999998,33
619cdd8245851b2ed2431e87,low_WSe2,2.0,1.0,3.0,38.62901448999996,0.1936,33
619cdd8245851b2ed2431e88,low_WSe2,3.0,0.0,3.0,50.49303128000006,0.2319999999999993,33
619cdd8245851b2ed2431e89,low_WSe2,0.0,3.0,3.0,0.4299266600000351,1.8247,33
619cdd8245851b2ed2431e8a,low_WSe2,1.0,2.0,3.0,11.78891823999992,1.2946000000000026,33
619cdd8245851b2ed2431e8b,low_WSe2,2.0,1.0,3.0,37.57574385999992,0.6632999999999996,33
619cdd8245851b2ed2431e8c,low_WSe2,2.0,1.0,3.0,39.226057290000014,0.1486,33
619cdd8245851b2ed2431e8d,low_WSe2,3.0,0.0,3.0,50.48313597000001,0.2384000000000004,33
619cdd8245851b2ed2431e8e,low_WSe2,2.0,1.0,3.0,38.63553198999993,0.1967999999999996,33
619cdd8245851b2ed2431e8f,low_WSe2,3.0,0.0,3.0,50.47517273999993,0.228299999999999,33
619cdd8245851b2ed2431e90,low_WSe2,3.0,0.0,3.0,50.57132129000011,0.2258999999999993,33
619cdd8245851b2ed2431e91,low_WSe2,2.0,1.0,3.0,23.12307721999995,1.2782999999999944,33
619cdd8245851b2ed2431e92,low_WSe2,2.0,1.0,3.0,39.377618979999895,0.277000000000001,33
619cdd8245851b2ed2431e93,low_WSe2,1.0,2.0,3.0,11.763737060000029,1.2982000000000014,33
619cdd8245851b2ed2431e94,low_WSe2,1.0,2.0,3.0,27.923239879999983,0.1913999999999998,33
619cdd8245851b2ed2431e95,low_WSe2,2.0,1.0,3.0,23.27538067999993,0.8592999999999975,33
619cdd8245851b2ed2431e96,low_WSe2,1.0,2.0,3.0,28.0046563599999,0.2664999999999988,33
619cdd8245851b2ed2431e97,low_WSe2,3.0,0.0,3.0,50.5269389399999,0.2227000000000014,33
619cdd8245851b2ed2431e98,low_WSe2,2.0,1.0,3.0,23.121358279999903,1.2653000000000034,33
619cdd8245851b2ed2431e99,low_WSe2,0.0,3.0,3.0,0.4268201900001145,1.8304000000000045,33
619cdd8345851b2ed2431e9a,low_WSe2,2.0,1.0,3.0,39.31544863999993,0.2705000000000002,33
619cdd8345851b2ed2431e9b,low_WSe2,1.0,2.0,3.0,27.87600023999994,0.1751000000000004,33
619cdd8345851b2ed2431e9c,low_WSe2,1.0,2.0,3.0,11.734943939999985,1.2991000000000028,33
619cdd8345851b2ed2431e9d,low_WSe2,1.0,2.0,3.0,11.772177060000091,1.3020999999999958,33
619cdd8345851b2ed2431e9e,low_WSe2,3.0,0.0,3.0,49.98841772000001,0.1944999999999996,33
619cdd8345851b2ed2431e9f,low_WSe2,2.0,1.0,3.0,38.62923495999989,0.1892999999999993,33
619cdd8345851b2ed2431ea0,low_WSe2,2.0,1.0,3.0,39.194809740000025,0.2042000000000001,33
619cdd8345851b2ed2431ea1,low_WSe2,0.0,3.0,3.0,0.4272283699999093,1.8262,33
619cdd8345851b2ed2431ea2,low_WSe2,3.0,0.0,3.0,50.52806128999996,0.2111999999999998,33
619cdd8345851b2ed2431ea3,low_WSe2,1.0,2.0,3.0,11.748346970000046,1.2972000000000037,33
619cdd8345851b2ed2431ea4,low_WSe2,0.0,3.0,3.0,0.4293885100000238,1.8329000000000024,33
619cdd8345851b2ed2431ea5,low_WSe2,1.0,2.0,3.0,11.772148159999904,1.299599999999998,33
619cdd8345851b2ed2431ea6,low_WSe2,3.0,0.0,3.0,50.67622382,0.1259000000000014,33
619cdd8345851b2ed2431ea7,low_WSe2,1.0,2.0,3.0,11.764006339999913,1.3005999999999958,33
619cdd8345851b2ed2431ea8,low_WSe2,0.0,3.0,3.0,0.4277570000000992,1.8312000000000024,33
619cdd8345851b2ed2431ea9,low_WSe2,1.0,2.0,3.0,11.789674370000046,1.1595000000000013,33
619cdd8345851b2ed2431eaa,low_WSe2,2.0,1.0,3.0,39.25182810000005,0.1591000000000004,33
619cdd8345851b2ed2431eab,low_WSe2,0.0,3.0,3.0,0.4283463700000425,1.8264,33
619cdd8345851b2ed2431eac,low_WSe2,1.0,2.0,3.0,27.9158424499999,0.1935000000000002,33
619cdd8345851b2ed2431ead,low_WSe2,2.0,1.0,3.0,37.57848261000008,0.6573000000000011,33
619cdd8345851b2ed2431eae,low_WSe2,1.0,2.0,3.0,11.764987049999934,1.3034999999999997,33
619cdd8345851b2ed2431eaf,low_WSe2,1.0,2.0,3.0,11.773727580000005,1.302399999999999,33
619cdd8345851b2ed2431eb0,low_WSe2,2.0,1.0,3.0,39.21230820999999,0.1663999999999994,33
619cdd8345851b2ed2431eb1,low_WSe2,1.0,2.0,3.0,11.772091499999975,1.3060000000000045,33
619cdd8345851b2ed2431eb2,low_WSe2,1.0,2.0,3.0,11.764887609999947,1.3002000000000038,33
619cdd8345851b2ed2431eb3,low_WSe2,2.0,1.0,3.0,39.23895565999992,0.1960999999999995,33
619cdd8345851b2ed2431eb4,low_WSe2,0.0,3.0,3.0,0.4278808599999024,1.8297000000000023,33
619cdd8345851b2ed2431eb5,low_WSe2,2.0,1.0,3.0,39.2376871500001,0.2013999999999995,33
619cdd8345851b2ed2431eb6,low_WSe2,1.0,2.0,3.0,11.773929129999932,1.2975999999999956,33
619cdd8345851b2ed2431eb7,low_WSe2,1.0,2.0,3.0,27.94646506999993,0.1692999999999997,33
619cdd8345851b2ed2431eb8,low_WSe2,2.0,1.0,3.0,23.13401808999996,1.2864999999999966,33
619cdd8345851b2ed2431eb9,low_WSe2,2.0,1.0,3.0,23.129538200000106,1.2715999999999994,33
619cdd8345851b2ed2431eba,low_WSe2,0.0,3.0,3.0,0.4289203299999258,1.828399999999995,33
619cdd8345851b2ed2431ebb,low_WSe2,2.0,1.0,3.0,39.23058066999992,0.2172,33
619cdd8345851b2ed2431ebc,low_WSe2,3.0,0.0,3.0,49.90645770999991,0.1797000000000004,33
619cdd8345851b2ed2431ebd,low_WSe2,0.0,3.0,3.0,0.4295555400000808,1.8301000000000016,33
619cdd8345851b2ed2431ebe,low_WSe2,0.0,3.0,3.0,0.4302405899999826,1.8252999999999984,33
619cdd8345851b2ed2431ebf,low_WSe2,0.0,3.0,3.0,0.4301495900000986,1.8267999999999984,33
619cdd8345851b2ed2431ec0,low_WSe2,2.0,1.0,3.0,23.117265240000087,1.2876000000000047,33
619cdd8345851b2ed2431ec1,low_WSe2,3.0,0.0,3.0,48.882649459999904,0.6026999999999987,33
619cdd8345851b2ed2431ec2,low_WSe2,2.0,1.0,3.0,23.12149845999992,1.2798999999999978,33
619cdd8345851b2ed2431ec3,low_WSe2,2.0,1.0,3.0,39.230879439999896,0.1440999999999999,33
619cdd8345851b2ed2431ec4,low_WSe2,2.0,1.0,3.0,23.12083495000005,1.2831999999999937,33
619cdd8345851b2ed2431ec5,low_WSe2,3.0,0.0,3.0,49.99395444000002,0.1232999999999986,33
619cdd8345851b2ed2431ec6,low_WSe2,1.0,2.0,3.0,27.9145453000001,0.1973000000000002,33
619cdd8345851b2ed2431ec7,low_WSe2,2.0,1.0,3.0,23.27714180999991,0.8584999999999994,33
619cdd8345851b2ed2431ec8,low_WSe2,1.0,2.0,3.0,28.000969619999974,0.2644000000000002,33
619cdd8345851b2ed2431ec9,low_WSe2,3.0,0.0,3.0,50.56285671999999,0.1994999999999986,33
619cdd8345851b2ed2431eca,low_WSe2,2.0,1.0,3.0,23.105105679999987,1.282299999999999,33
619cdd8345851b2ed2431ecb,low_WSe2,2.0,1.0,3.0,39.23988289999993,0.2027999999999998,33
619cdd8345851b2ed2431ecc,low_WSe2,1.0,0.0,1.0,9.67764377,1.3010000000000002,35
619cdd8345851b2ed2431ecd,low_WSe2,3.0,0.0,3.0,50.57547407999992,0.1947000000000009,33
619cdd8345851b2ed2431ece,low_WSe2,1.0,2.0,3.0,11.770451659999924,1.296600000000005,33
619cdd8345851b2ed2431ecf,low_WSe2,2.0,1.0,3.0,39.3552624899999,0.2238999999999986,33
619cdd8345851b2ed2431ed0,low_WSe2,1.0,2.0,3.0,11.762836489999916,1.2993000000000023,33
619cdd8345851b2ed2431ed1,low_WSe2,1.0,2.0,3.0,11.738452060000087,1.2974000000000032,33
619cdd8345851b2ed2431ed2,low_WSe2,0.0,2.0,2.0,2.090086839999936,1.8326000000000064,34
619cdd8345851b2ed2431ed3,low_WSe2,1.0,2.0,3.0,28.00329760999989,0.262599999999999,33
619cdd8345851b2ed2431ed4,low_WSe2,1.0,2.0,3.0,28.05852735000008,0.2805999999999997,33
619cdd8345851b2ed2431ed5,low_WSe2,2.0,1.0,3.0,39.25498158000009,0.1927000000000003,33
619cdd8345851b2ed2431ed6,low_WSe2,3.0,0.0,3.0,50.589625899999966,0.1633000000000013,33
619cdd8345851b2ed2431ed7,low_WSe2,2.0,1.0,3.0,39.14968000000003,0.2012999999999998,33
619cdd8345851b2ed2431ed8,low_WSe2,1.0,2.0,3.0,27.914889599999924,0.1905000000000001,33
619cdd8345851b2ed2431ed9,low_WSe2,1.0,2.0,3.0,27.99038558999996,0.2658000000000005,33
619cdd8345851b2ed2431eda,low_WSe2,3.0,0.0,3.0,49.77174965000004,0.2847000000000008,33
619cdd8345851b2ed2431edb,low_WSe2,1.0,2.0,3.0,27.915566809999973,0.1972999999999984,33
619cdd8345851b2ed2431edc,low_WSe2,2.0,1.0,3.0,39.23526534000011,0.1990999999999996,33
619cdd8345851b2ed2431edd,low_WSe2,2.0,1.0,3.0,38.63609382999998,0.1936999999999997,33
619cdd8345851b2ed2431ede,low_WSe2,0.0,3.0,3.0,0.4321597800000631,1.8344999999999985,33
619cdd8345851b2ed2431edf,low_WSe2,3.0,0.0,3.0,50.56472496999991,0.2091000000000011,33
619cdd8345851b2ed2431ee0,low_WSe2,2.0,1.0,3.0,39.18824894999993,0.2050999999999998,33
619cdd8345851b2ed2431ee1,low_WSe2,0.0,3.0,3.0,0.4372981299999878,1.8257999999999937,33
619cdd8345851b2ed2431ee2,low_WSe2,1.0,2.0,3.0,11.78921753999997,1.2687999999999988,33
619cdd8345851b2ed2431ee3,low_WSe2,0.0,3.0,3.0,0.4293304699999112,1.8292,33
619cdd8345851b2ed2431ee4,low_WSe2,2.0,1.0,3.0,23.102460970000077,1.2447000000000017,33
619cdd8345851b2ed2431ee5,low_WSe2,2.0,1.0,3.0,23.107741549999936,1.2858000000000018,33
619cdd8345851b2ed2431ee6,low_WSe2,2.0,1.0,3.0,39.19434224999991,0.2088999999999998,33
619cdd8345851b2ed2431ee7,low_WSe2,1.0,2.0,3.0,11.767765110000015,1.2997000000000014,33
619cdd8345851b2ed2431ee8,low_WSe2,2.0,1.0,3.0,23.09292617000009,1.2550000000000026,33
619cdd8345851b2ed2431ee9,low_WSe2,1.0,2.0,3.0,11.774932369999975,1.299200000000006,33
619cdd8345851b2ed2431eea,low_WSe2,2.0,1.0,3.0,23.27140734000003,0.8572999999999951,33
619cdd8345851b2ed2431eeb,low_WSe2,3.0,0.0,3.0,50.54687111000008,0.2063000000000006,33
619cdd8345851b2ed2431eec,low_WSe2,3.0,0.0,3.0,50.58746198999993,0.2002999999999986,33
619cdd8345851b2ed2431eed,low_WSe2,0.0,3.0,3.0,0.4300406900001121,1.8279,33
619cdd8345851b2ed2431eee,low_WSe2,1.0,2.0,3.0,11.75119601999994,1.3008999999999986,33
619cdd8445851b2ed2431eef,low_WSe2,1.0,2.0,3.0,27.994838209999894,0.2652000000000001,33
619cdd8445851b2ed2431ef0,low_WSe2,3.0,0.0,3.0,50.543078889999926,0.1684999999999998,33
619cdd8445851b2ed2431ef1,low_WSe2,2.0,1.0,3.0,39.24021485000007,0.200099999999999,33
619cdd8445851b2ed2431ef2,low_WSe2,3.0,0.0,3.0,50.53896358000007,0.2149000000000001,33
619cdd8445851b2ed2431ef3,low_WSe2,0.0,3.0,3.0,0.4304498700000181,1.828800000000001,33
619cdd8445851b2ed2431ef4,low_WSe2,2.0,1.0,3.0,39.21830469000001,0.2065999999999999,33
619cdd8445851b2ed2431ef5,low_WSe2,1.0,2.0,3.0,11.770898360000036,1.2989999999999997,33
619cdd8445851b2ed2431ef6,low_WSe2,2.0,1.0,3.0,39.187925640000046,0.2065000000000001,33
619cdd8445851b2ed2431ef7,low_WSe2,1.0,2.0,3.0,27.921854519999897,0.196299999999999,33
619cdd8445851b2ed2431ef8,low_WSe2,0.0,3.0,3.0,0.4290030900000943,1.830600000000004,33
619cdd8445851b2ed2431ef9,low_WSe2,1.0,2.0,3.0,27.87497764,0.1758000000000006,33
619cdd8445851b2ed2431efa,low_WSe2,1.0,2.0,3.0,27.930393030000005,0.1881000000000003,33
619cdd8445851b2ed2431efb,low_WSe2,2.0,1.0,3.0,37.578830190000005,0.6569000000000003,33
619cdd8445851b2ed2431efc,low_WSe2,2.0,1.0,3.0,39.23575559999999,0.1966999999999998,33
619cdd8445851b2ed2431efd,low_WSe2,2.0,1.0,3.0,39.23813797000007,0.1503999999999994,33
619cdd8445851b2ed2431efe,low_WSe2,3.0,0.0,3.0,50.59164778999989,0.2036999999999995,33
619cdd8445851b2ed2431eff,low_WSe2,2.0,1.0,3.0,39.22515759999992,0.1469000000000004,33
619cdd8445851b2ed2431f00,low_WSe2,3.0,0.0,3.0,50.50803514000004,0.2170000000000005,33
619cdd8445851b2ed2431f01,low_WSe2,1.0,1.0,2.0,29.663575860000115,0.2591999999999999,34
619cdd8445851b2ed2431f02,low_WSe2,3.0,0.0,3.0,48.92756773000006,0.6123000000000012,33
619cdd8445851b2ed2431f03,low_WSe2,3.0,0.0,3.0,50.57216585999991,0.2119999999999997,33
619cdd8445851b2ed2431f04,low_WSe2,1.0,2.0,3.0,28.004274990000116,0.2659000000000002,33
619cdd8445851b2ed2431f05,low_WSe2,2.0,1.0,3.0,39.15646399000006,0.2016000000000009,33
619cdd8445851b2ed2431f06,low_WSe2,2.0,1.0,3.0,39.24022117000008,0.1997,33
619cdd8445851b2ed2431f07,low_WSe2,2.0,1.0,3.0,39.23377946999999,0.1976999999999993,33
619cdd8445851b2ed2431f08,low_WSe2,2.0,1.0,3.0,39.26325774999991,0.1907999999999994,33
619cdd8445851b2ed2431f09,low_WSe2,1.0,2.0,3.0,27.91586972999994,0.1875,33
619cdd8445851b2ed2431f0a,low_WSe2,0.0,3.0,3.0,0.4285468299999024,1.832300000000004,33
619cdd8445851b2ed2431f0b,low_WSe2,1.0,2.0,3.0,11.762873610000032,1.298099999999998,33
619cdd8445851b2ed2431f0c,low_WSe2,2.0,1.0,3.0,39.23002933999992,0.2024000000000008,33
619cdd8445851b2ed2431f0d,low_WSe2,1.0,2.0,3.0,11.766472340000051,1.3019000000000034,33
619cdd8445851b2ed2431f0e,low_WSe2,2.0,1.0,3.0,39.25677541000009,0.1986999999999987,33
619cdd8445851b2ed2431f0f,low_WSe2,2.0,1.0,3.0,23.109711030000007,1.2423000000000002,33
619cdd8445851b2ed2431f10,low_WSe2,2.0,1.0,3.0,39.24506374999992,0.1989999999999998,33
619cdd8445851b2ed2431f11,low_WSe2,2.0,1.0,3.0,23.104024990000006,1.2785999999999973,33
619cdd8445851b2ed2431f12,low_WSe2,2.0,1.0,3.0,39.23878694999989,0.1958999999999999,33
619cdd8445851b2ed2431f13,low_WSe2,1.0,2.0,3.0,11.767692710000109,1.2952999999999977,33
619cdd8445851b2ed2431f14,low_WSe2,2.0,1.0,3.0,39.23429824999998,0.1880999999999986,33
619cdd8445851b2ed2431f15,low_WSe2,2.0,1.0,3.0,39.25428609000009,0.1860999999999997,33
619cdd8445851b2ed2431f16,low_WSe2,2.0,1.0,3.0,39.227375810000055,0.1496999999999992,33
619cdd8445851b2ed2431f17,low_WSe2,2.0,1.0,3.0,39.24330444000002,0.1918000000000006,33
619cdd8445851b2ed2431f18,low_WSe2,1.0,2.0,3.0,11.772416790000069,1.281399999999998,33
619cdd8445851b2ed2431f19,low_WSe2,2.0,1.0,3.0,39.23544201999998,0.2073,33
619cdd8445851b2ed2431f1a,low_WSe2,1.0,1.0,2.0,7.932243919999906,1.3070000000000004,34
619cdd8445851b2ed2431f1b,low_WSe2,2.0,1.0,3.0,37.580171260000085,0.6571999999999996,33
619cdd8445851b2ed2431f1c,low_WSe2,2.0,1.0,3.0,23.134132899999976,1.2794000000000023,33
619cdd8445851b2ed2431f1d,low_WSe2,1.0,2.0,3.0,11.769630340000038,1.296200000000006,33
619cdd8445851b2ed2431f1e,low_WSe2,1.0,2.0,3.0,27.91006508999999,0.1951999999999998,33
619cdd8445851b2ed2431f1f,low_WSe2,1.0,2.0,3.0,11.781343000000096,1.1547999999999945,33
619cdd8445851b2ed2431f20,low_WSe2,1.0,2.0,3.0,27.91980263000005,0.1935000000000002,33
619cdd8445851b2ed2431f21,low_WSe2,3.0,0.0,3.0,50.50647231000003,0.2209000000000003,33
619cdd8445851b2ed2431f22,low_WSe2,3.0,0.0,3.0,50.53177547999994,0.2132000000000005,33
619cdd8445851b2ed2431f23,low_WSe2,2.0,1.0,3.0,23.131606830000045,1.2700000000000031,33
619cdd8445851b2ed2431f24,low_WSe2,3.0,0.0,3.0,50.57744458000011,0.2161999999999988,33
619cdd8445851b2ed2431f25,low_WSe2,2.0,1.0,3.0,23.1054876399999,1.2891000000000048,33
619cdd8445851b2ed2431f26,low_WSe2,1.0,2.0,3.0,11.771725770000092,1.2993000000000023,33
619cdd8445851b2ed2431f27,low_WSe2,1.0,2.0,3.0,28.05358135000006,0.2810000000000006,33
619cdd8445851b2ed2431f28,low_WSe2,2.0,1.0,3.0,38.6262130600001,0.1945000000000014,33
619cdd8445851b2ed2431f29,low_WSe2,1.0,2.0,3.0,27.918672849999894,0.1993999999999989,33
619cdd8445851b2ed2431f2a,low_WSe2,3.0,0.0,3.0,48.91806183000004,0.5868000000000002,33
619cdd8445851b2ed2431f2b,low_WSe2,2.0,1.0,3.0,39.30871191999999,0.2286999999999999,33
619cdd8445851b2ed2431f2c,low_WSe2,0.0,3.0,3.0,0.4297756099999219,1.8316999999999977,33
619cdd8445851b2ed2431f2d,low_WSe2,1.0,2.0,3.0,11.774325280000074,1.287399999999998,33
619cdd8445851b2ed2431f2e,low_WSe2,2.0,1.0,3.0,23.13566754000002,1.1382000000000048,33
619cdd8445851b2ed2431f2f,low_WSe2,1.0,2.0,3.0,11.771874510000078,1.3003999999999962,33
619cdd8445851b2ed2431f30,low_WSe2,0.0,3.0,3.0,0.428792030000011,1.8247,33
619cdd8445851b2ed2431f31,low_WSe2,2.0,1.0,3.0,23.10443263999995,1.2805000000000035,33
619cdd8445851b2ed2431f32,low_WSe2,2.0,1.0,3.0,39.24285218000004,0.1884000000000014,33
619cdd8445851b2ed2431f33,low_WSe2,1.0,2.0,3.0,11.76775851000001,1.2986000000000004,33
619cdd8445851b2ed2431f34,low_WSe2,3.0,0.0,3.0,50.573929550000095,0.2073999999999998,33
619cdd8445851b2ed2431f35,low_WSe2,0.0,3.0,3.0,0.4275723099999027,1.8273999999999968,33
619cdd8445851b2ed2431f36,low_WSe2,1.0,2.0,3.0,11.7759990500001,1.294400000000003,33
619cdd8445851b2ed2431f37,low_WSe2,2.0,1.0,3.0,23.13553922000009,1.2809000000000026,33
619cdd8445851b2ed2431f38,low_WSe2,2.0,1.0,3.0,39.233798269999895,0.143699999999999,33
619cdd8445851b2ed2431f39,low_WSe2,2.0,1.0,3.0,39.239827650000095,0.202399999999999,33
619cdd8445851b2ed2431f3a,low_WSe2,2.0,1.0,3.0,39.1958111899999,0.2029999999999994,33
619cdd8445851b2ed2431f3b,low_WSe2,0.0,3.0,3.0,0.4346495900001059,1.8147999999999984,33
619cdd8445851b2ed2431f3c,low_WSe2,0.0,2.0,2.0,-3.315371829999936,1.8609000000000009,34
619cdd8445851b2ed2431f3d,low_WSe2,3.0,0.0,3.0,50.7256079100001,0.1832999999999991,33
619cdd8445851b2ed2431f3e,low_WSe2,2.0,1.0,3.0,39.23147346,0.2010000000000005,33
619cdd8445851b2ed2431f3f,low_WSe2,1.0,2.0,3.0,11.768215889999954,1.3018,33
619cdd8445851b2ed2431f40,low_WSe2,1.0,2.0,3.0,11.776975270000085,1.3040999999999985,33
619cdd8445851b2ed2431f41,low_WSe2,0.0,3.0,3.0,0.4279133500000966,1.825499999999998,33
619cdd8445851b2ed2431f42,low_WSe2,1.0,2.0,3.0,11.774451490000036,1.3027999999999975,33
619cdd8445851b2ed2431f43,low_WSe2,1.0,2.0,3.0,11.771557770000062,1.2997000000000014,33
619cdd8545851b2ed2431f44,low_WSe2,2.0,1.0,3.0,39.221002210000094,0.149799999999999,33
619cdd8545851b2ed2431f45,low_WSe2,2.0,1.0,3.0,23.10685214999993,1.2758000000000038,33
619cdd8545851b2ed2431f46,low_WSe2,1.0,2.0,3.0,11.769157149999945,1.2984000000000009,33
619cdd8545851b2ed2431f47,low_WSe2,1.0,2.0,3.0,11.76862232999996,1.2984000000000009,33
619cdd8545851b2ed2431f48,low_WSe2,1.0,2.0,3.0,11.754774329999908,1.2942999999999998,33
619cdd8545851b2ed2431f49,low_WSe2,1.0,2.0,3.0,11.794880379999984,1.3003,33
619cdd8545851b2ed2431f4a,low_WSe2,1.0,2.0,3.0,11.753203109999948,1.3013000000000048,33
619cdd8545851b2ed2431f4b,low_WSe2,1.0,2.0,3.0,28.050517979999995,0.216800000000001,33
619cdd8545851b2ed2431f4c,low_WSe2,2.0,1.0,3.0,23.115787750000017,1.275100000000002,33
619cdd8545851b2ed2431f4d,low_WSe2,2.0,1.0,3.0,23.109908209999997,1.2468000000000004,33
619cdd8545851b2ed2431f4e,low_WSe2,2.0,1.0,3.0,23.09974642000001,1.2824999999999989,33
619cdd8545851b2ed2431f4f,low_WSe2,2.0,1.0,3.0,38.62860916000004,0.1881000000000003,33
619cdd8545851b2ed2431f50,low_WSe2,1.0,2.0,3.0,27.875756610000053,0.1755999999999993,33
619cdd8545851b2ed2431f51,low_WSe2,1.0,2.0,3.0,11.769507499999907,1.2969000000000008,33
619cdd8545851b2ed2431f52,low_WSe2,0.0,3.0,3.0,0.4310199299999908,1.817700000000002,33
619cdd8545851b2ed2431f53,low_WSe2,3.0,0.0,3.0,50.56318616000008,0.1478999999999999,33
619cdd8545851b2ed2431f54,low_WSe2,2.0,1.0,3.0,39.34084188999991,0.2698,33
619cdd8545851b2ed2431f55,low_WSe2,1.0,2.0,3.0,11.776331009999913,1.3044000000000011,33
619cdd8545851b2ed2431f56,low_WSe2,1.0,2.0,3.0,27.960247590000108,0.1568000000000005,33
619cdd8545851b2ed2431f57,low_WSe2,2.0,1.0,3.0,23.137012460000086,1.1789000000000058,33
619cdd8545851b2ed2431f58,low_WSe2,3.0,0.0,3.0,48.572440519999965,0.5055999999999994,33
619cdd8545851b2ed2431f59,low_WSe2,0.0,3.0,3.0,0.427753569999993,1.831000000000003,33
619cdd8545851b2ed2431f5a,low_WSe2,1.0,2.0,3.0,11.76768878000006,1.3004999999999995,33
619cdd8545851b2ed2431f5b,low_WSe2,1.0,2.0,3.0,11.767657820000055,1.299199999999999,33
619cdd8545851b2ed2431f5c,low_WSe2,1.0,2.0,3.0,27.87873353000009,0.1756000000000011,33
619cdd8545851b2ed2431f5d,low_WSe2,2.0,1.0,3.0,39.26060686999999,0.1957000000000004,33
619cdd8545851b2ed2431f5e,low_WSe2,2.0,1.0,3.0,37.583131390000105,0.6557000000000013,33
619cdd8545851b2ed2431f5f,low_WSe2,3.0,0.0,3.0,50.54811682,0.1430000000000006,33
619cdd8545851b2ed2431f60,low_WSe2,2.0,1.0,3.0,23.084265069999937,1.2175000000000011,33
619cdd8545851b2ed2431f61,low_WSe2,1.0,2.0,3.0,11.77313793999996,1.292899999999996,33
619cdd8545851b2ed2431f62,low_WSe2,3.0,0.0,3.0,50.57508782999989,0.1972000000000004,33
619cdd8545851b2ed2431f63,low_WSe2,2.0,1.0,3.0,39.25099006000009,0.1980000000000004,33
619cdd8545851b2ed2431f64,low_WSe2,1.0,2.0,3.0,11.767863869999918,1.2988999999999962,33
619cdd8545851b2ed2431f65,low_WSe2,2.0,1.0,3.0,23.13041888000001,1.2771000000000043,33
619cdd8545851b2ed2431f66,low_WSe2,1.0,2.0,3.0,11.76776119000009,1.301700000000004,33
619cdd8545851b2ed2431f67,low_WSe2,2.0,1.0,3.0,38.63584427999994,0.1963000000000008,33
619cdd8545851b2ed2431f68,low_WSe2,1.0,2.0,3.0,11.75437936000002,1.2777999999999992,33
619cdd8545851b2ed2431f69,low_WSe2,0.0,2.0,2.0,-3.3222635999999746,1.8632000000000009,34
619cdd8545851b2ed2431f6a,low_WSe2,2.0,1.0,3.0,39.234398379999945,0.1921999999999997,33
619cdd8545851b2ed2431f6b,low_WSe2,2.0,1.0,3.0,39.239239580000046,0.1833999999999989,33
619cdd8545851b2ed2431f6c,low_WSe2,2.0,1.0,3.0,39.26064030999992,0.1928999999999998,33
619cdd8545851b2ed2431f6d,low_WSe2,1.0,2.0,3.0,11.776492469999983,1.2971000000000004,33
619cdd8545851b2ed2431f6e,low_WSe2,1.0,2.0,3.0,27.91076793000002,0.1897000000000002,33
619cdd8545851b2ed2431f6f,low_WSe2,3.0,0.0,3.0,50.57963819000006,0.1980999999999984,33
619cdd8545851b2ed2431f70,low_WSe2,2.0,1.0,3.0,39.23446661999997,0.2012999999999998,33
619cdd8545851b2ed2431f71,low_WSe2,1.0,2.0,3.0,11.767357949999894,1.2931000000000026,33
619cdd8545851b2ed2431f72,low_WSe2,0.0,3.0,3.0,0.4326140000000009,1.8279,33
619cdd8545851b2ed2431f73,low_WSe2,1.0,2.0,3.0,28.000149330000117,0.2675,33
619cdd8545851b2ed2431f74,low_WSe2,2.0,1.0,3.0,22.58234139999994,1.246300000000005,33
619cdd8545851b2ed2431f75,low_WSe2,2.0,1.0,3.0,39.249159270000106,0.1983000000000014,33
619cdd8545851b2ed2431f76,low_WSe2,1.0,2.0,3.0,11.76624594000008,1.296999999999997,33
619cdd8545851b2ed2431f77,low_WSe2,0.0,3.0,3.0,0.4267347500000937,1.8248000000000035,33
619cdd8545851b2ed2431f78,low_WSe2,2.0,1.0,3.0,23.14010598000008,1.1825000000000043,33
619cdd8545851b2ed2431f79,low_WSe2,2.0,1.0,3.0,39.27804313999995,0.2665000000000006,33
619cdd8545851b2ed2431f7a,low_WSe2,1.0,2.0,3.0,11.76552461999994,1.2960999999999956,33
619cdd8545851b2ed2431f7b,low_WSe2,2.0,1.0,3.0,23.11203645999993,1.2860000000000014,33
619cdd8545851b2ed2431f7c,low_WSe2,0.0,3.0,3.0,0.428326370000093,1.827600000000004,33
619cdd8545851b2ed2431f7d,low_WSe2,2.0,1.0,3.0,39.232775290000106,0.1911000000000005,33
619cdd8545851b2ed2431f7e,low_WSe2,3.0,0.0,3.0,47.32390279999991,0.3305999999999987,33
619cdd8545851b2ed2431f7f,low_WSe2,3.0,0.0,3.0,48.861402039999895,0.176499999999999,33
619cdd8545851b2ed2431f80,low_WSe2,1.0,2.0,3.0,11.794595110000037,1.3001000000000005,33
619cdd8545851b2ed2431f81,low_WSe2,3.0,0.0,3.0,50.58613767000006,0.2077000000000008,33
619cdd8545851b2ed2431f82,low_WSe2,1.0,2.0,3.0,28.002519979999988,0.266,33
619cdd8545851b2ed2431f83,low_WSe2,1.0,2.0,3.0,27.886466359999982,0.1695000000000011,33
619cdd8545851b2ed2431f84,low_WSe2,1.0,2.0,3.0,11.786564479999914,1.1595999999999975,33
619cdd8545851b2ed2431f85,low_WSe2,0.0,3.0,3.0,0.4326697200000922,1.8162999999999985,33
619cdd8545851b2ed2431f86,low_WSe2,1.0,2.0,3.0,11.763375859999986,1.2982999999999976,33
619cdd8545851b2ed2431f87,low_WSe2,2.0,1.0,3.0,23.107958339999904,1.2646000000000015,33
619cdd8545851b2ed2431f88,low_WSe2,0.0,3.0,3.0,0.4290105300000846,1.8238000000000056,33
619cdd8545851b2ed2431f89,low_WSe2,2.0,1.0,3.0,39.2315810999999,0.2076999999999991,33
619cdd8545851b2ed2431f8a,low_WSe2,3.0,0.0,3.0,48.91628724000007,0.5975000000000001,33
619cdd8545851b2ed2431f8b,low_WSe2,3.0,0.0,3.0,50.5702454400001,0.1999999999999993,33
619cdd8545851b2ed2431f8c,low_WSe2,2.0,1.0,3.0,39.23641918000003,0.1529000000000007,33
619cdd8545851b2ed2431f8d,low_WSe2,3.0,0.0,3.0,50.59711374999993,0.2027999999999998,33
619cdd8545851b2ed2431f8e,low_WSe2,2.0,1.0,3.0,39.32578223,0.2711000000000005,33
619cdd8545851b2ed2431f8f,low_WSe2,2.0,1.0,3.0,39.34962935999992,0.2506000000000004,33
619cdd8545851b2ed2431f90,low_WSe2,1.0,2.0,3.0,27.879814449999916,0.176400000000001,33
619cdd8545851b2ed2431f91,low_WSe2,2.0,1.0,3.0,39.190884079999975,0.2004999999999999,33
619cdd8545851b2ed2431f92,low_WSe2,1.0,2.0,3.0,11.770319340000004,1.299900000000001,33
619cdd8545851b2ed2431f93,low_WSe2,1.0,2.0,3.0,11.752736129999892,1.299900000000001,33
619cdd8545851b2ed2431f94,low_WSe2,2.0,1.0,3.0,23.1169270400001,1.2892999999999972,33
619cdd8545851b2ed2431f95,low_WSe2,3.0,0.0,3.0,50.66061427000009,0.2606999999999999,33
619cdd8545851b2ed2431f96,low_WSe2,1.0,2.0,3.0,28.00492757999996,0.2626000000000008,33
619cdd8545851b2ed2431f97,low_WSe2,2.0,1.0,3.0,39.23014887999993,0.1877999999999993,33
619cdd8545851b2ed2431f98,low_WSe2,2.0,1.0,3.0,39.23651677999992,0.2025999999999985,33
619cdd8545851b2ed2431f99,low_WSe2,1.0,2.0,3.0,27.907392329999997,0.1981000000000001,33
619cdd8645851b2ed2431f9a,low_WSe2,2.0,1.0,3.0,39.286743579999936,0.101799999999999,33
619cdd8645851b2ed2431f9b,low_WSe2,1.0,2.0,3.0,11.765792209999962,1.295100000000005,33
619cdd8645851b2ed2431f9c,low_WSe2,2.0,1.0,3.0,39.32798469999993,0.2763000000000009,33
619cdd8645851b2ed2431f9d,low_WSe2,1.0,2.0,3.0,27.923775279999973,0.1899999999999995,33
619cdd8645851b2ed2431f9e,low_WSe2,0.0,3.0,3.0,0.4291164999999068,1.8272000000000048,33
619cdd8645851b2ed2431f9f,low_WSe2,1.0,2.0,3.0,11.749932700000034,1.295500000000004,33
619cdd8645851b2ed2431fa0,low_WSe2,3.0,0.0,3.0,49.945757940000114,0.1933999999999986,33
619cdd8645851b2ed2431fa1,low_WSe2,1.0,2.0,3.0,11.775518449999923,1.297000000000004,33
619cdd8645851b2ed2431fa2,low_WSe2,0.0,3.0,3.0,0.4280696699999566,1.825499999999998,33
619cdd8645851b2ed2431fa3,low_WSe2,1.0,2.0,3.0,11.76693879000003,1.2952999999999977,33
619cdd8645851b2ed2431fa4,low_WSe2,1.0,2.0,3.0,11.785014949999994,1.2974999999999994,33
619cdd8645851b2ed2431fa5,low_WSe2,0.0,3.0,3.0,0.4282684500000755,1.8252000000000024,33
619cdd8645851b2ed2431fa6,low_WSe2,1.0,2.0,3.0,11.771325939999986,1.3004999999999995,33
619cdd8645851b2ed2431fa7,low_WSe2,1.0,2.0,3.0,11.75095013000008,1.284799999999997,33
619cdd8645851b2ed2431fa8,low_WSe2,1.0,1.0,2.0,29.713376889999918,0.2141000000000001,34
619cdd8645851b2ed2431fa9,low_WSe2,2.0,1.0,3.0,23.121496470000046,1.2445000000000022,33
619cdd8645851b2ed2431faa,low_WSe2,0.0,3.0,3.0,0.4273227299999576,1.825400000000002,33
619cdd8645851b2ed2431fab,low_WSe2,0.0,3.0,3.0,0.4284908500000597,1.8269999999999984,33
619cdd8645851b2ed2431fac,low_WSe2,2.0,1.0,3.0,39.22985083999997,0.1877000000000013,33
619cdd8645851b2ed2431fad,low_WSe2,1.0,2.0,3.0,27.91268747999993,0.1553999999999984,33
619cdd8645851b2ed2431fae,low_WSe2,2.0,1.0,3.0,39.18753274999999,0.2094000000000004,33
619cdd8645851b2ed2431faf,low_WSe2,0.0,3.0,3.0,0.4294360000000665,1.8312999999999988,33
619cdd8645851b2ed2431fb0,low_WSe2,3.0,0.0,3.0,50.81380935999992,0.2374999999999989,33
619cdd8645851b2ed2431fb1,low_WSe2,1.0,2.0,3.0,11.767867589999913,1.2969000000000008,33
619cdd8645851b2ed2431fb2,low_WSe2,2.0,1.0,3.0,23.12214296999995,1.2676999999999978,33
619cdd8645851b2ed2431fb3,low_WSe2,2.0,1.0,3.0,23.094373409999925,1.2445000000000022,33
619cdd8645851b2ed2431fb4,low_WSe2,1.0,2.0,3.0,27.913366989999982,0.196200000000001,33
619cdd8645851b2ed2431fb5,low_WSe2,1.0,2.0,3.0,11.741283000000056,1.294000000000004,33
619cdd8645851b2ed2431fb6,low_WSe2,3.0,0.0,3.0,50.556913590000114,0.2214999999999989,33
619cdd8645851b2ed2431fb7,low_WSe2,1.0,2.0,3.0,11.775814909999998,1.2988,33
619cdd8645851b2ed2431fb8,low_WSe2,3.0,0.0,3.0,49.98147841,0.2003000000000003,33
619cdd8645851b2ed2431fb9,low_WSe2,0.0,3.0,3.0,0.4270312999998964,1.8277,33
619cdd8645851b2ed2431fba,low_WSe2,2.0,1.0,3.0,39.245884689999954,0.1960999999999995,33
619cdd8645851b2ed2431fbb,low_WSe2,1.0,2.0,3.0,11.775352800000054,1.298300000000005,33
619cdd8645851b2ed2431fbc,low_WSe2,3.0,0.0,3.0,50.46016962999997,0.2313999999999989,33
619cdd8645851b2ed2431fbd,low_WSe2,1.0,2.0,3.0,11.764672389999976,1.3008000000000024,33
619cdd8645851b2ed2431fbe,low_WSe2,2.0,1.0,3.0,39.19084707999996,0.2123000000000008,33
619cdd8645851b2ed2431fbf,low_WSe2,1.0,2.0,3.0,27.88026771,0.1739000000000015,33
619cdd8645851b2ed2431fc0,low_WSe2,0.0,3.0,3.0,0.4302161200000114,1.8303000000000007,33
619cdd8645851b2ed2431fc1,low_WSe2,1.0,2.0,3.0,11.774915910000107,1.2991000000000028,33
619cdd8645851b2ed2431fc2,low_WSe2,2.0,1.0,3.0,23.11148918000007,1.2610000000000028,33
619cdd8645851b2ed2431fc3,low_WSe2,2.0,1.0,3.0,23.10846178000001,1.290700000000001,33
619cdd8645851b2ed2431fc4,low_WSe2,0.0,3.0,3.0,0.428188660000103,1.8316999999999977,33
619cdd8645851b2ed2431fc5,low_WSe2,1.0,2.0,3.0,11.771389539999962,1.294499999999999,33
619cdd8645851b2ed2431fc6,low_WSe2,1.0,2.0,3.0,11.766664049999909,1.2969000000000008,33
619cdd8645851b2ed2431fc7,low_WSe2,1.0,2.0,3.0,11.766328769999962,1.298300000000005,33
619cdd8645851b2ed2431fc8,low_WSe2,1.0,2.0,3.0,11.751918780000086,1.2996000000000052,33
619cdd8645851b2ed2431fc9,low_WSe2,2.0,1.0,3.0,23.122386170000063,1.285899999999998,33
619cdd8645851b2ed2431fca,low_WSe2,2.0,1.0,3.0,23.120976440000085,1.281799999999997,33
619cdd8645851b2ed2431fcb,low_WSe2,0.0,3.0,3.0,0.4312022799999226,1.827600000000004,33
619cdd8645851b2ed2431fcc,low_WSe2,1.0,2.0,3.0,11.760531489999938,1.301099999999998,33
619cdd8645851b2ed2431fcd,low_WSe2,3.0,0.0,3.0,50.55404166000003,0.2080000000000001,33
619cdd8645851b2ed2431fce,low_WSe2,3.0,0.0,3.0,50.59239194999996,0.2044999999999994,33
619cdd8645851b2ed2431fcf,low_WSe2,1.0,2.0,3.0,27.91506146000006,0.1928,33
619cdd8645851b2ed2431fd0,low_WSe2,2.0,1.0,3.0,39.239726410000046,0.1884999999999994,33
619cdd8645851b2ed2431fd1,low_WSe2,3.0,0.0,3.0,50.56160768999994,0.208400000000001,33
619cdd8645851b2ed2431fd2,low_WSe2,2.0,1.0,3.0,23.1202623699999,1.2474999999999952,33
619cdd8645851b2ed2431fd3,low_WSe2,3.0,0.0,3.0,50.56789693000005,0.1995999999999984,33
619cdd8645851b2ed2431fd4,low_WSe2,1.0,2.0,3.0,27.954897930000016,0.1599000000000003,33
619cdd8645851b2ed2431fd5,low_WSe2,1.0,2.0,3.0,27.99772673999996,0.2689000000000003,33
619cdd8645851b2ed2431fd6,low_WSe2,0.0,3.0,3.0,0.42790645000008,1.8260000000000003,33
619cdd8645851b2ed2431fd7,low_WSe2,1.0,2.0,3.0,11.745722959999956,1.2967000000000013,33
619cdd8645851b2ed2431fd8,low_WSe2,2.0,1.0,3.0,39.15921527999994,0.1964000000000005,33
619cdd8645851b2ed2431fd9,low_WSe2,2.0,1.0,3.0,39.21071267000006,0.2025999999999985,33
619cdd8645851b2ed2431fda,low_WSe2,1.0,2.0,3.0,11.756106470000066,1.3003,33
619cdd8645851b2ed2431fdb,low_WSe2,3.0,0.0,3.0,50.56322891,0.2026000000000003,33
619cdd8645851b2ed2431fdc,low_WSe2,1.0,2.0,3.0,11.782629320000058,1.288499999999999,33
619cdd8645851b2ed2431fdd,low_WSe2,1.0,2.0,3.0,27.915397929999926,0.2009000000000007,33
619cdd8645851b2ed2431fde,low_WSe2,3.0,0.0,3.0,48.82775729,0.131499999999999,33
619cdd8645851b2ed2431fdf,low_WSe2,1.0,2.0,3.0,11.76454648999992,1.2988999999999962,33
619cdd8645851b2ed2431fe0,low_WSe2,2.0,1.0,3.0,23.131274710000103,1.243399999999994,33
619cdd8645851b2ed2431fe1,low_WSe2,2.0,1.0,3.0,39.25430678999992,0.1959999999999997,33
619cdd8645851b2ed2431fe2,low_WSe2,1.0,1.0,2.0,8.023676980000005,1.3031000000000006,34
619cdd8645851b2ed2431fe3,low_WSe2,2.0,1.0,3.0,23.134551339999952,1.2117000000000004,33
619cdd8645851b2ed2431fe4,low_WSe2,1.0,2.0,3.0,27.881053979999933,0.1789000000000005,33
619cdd8645851b2ed2431fe5,low_WSe2,2.0,1.0,3.0,39.25010041,0.2193000000000005,33
619cdd8645851b2ed2431fe6,low_WSe2,0.0,3.0,3.0,0.4295806100000732,1.8271999999999975,33
619cdd8645851b2ed2431fe7,low_WSe2,2.0,1.0,3.0,39.23062648999989,0.1846000000000014,33
619cdd8645851b2ed2431fe8,low_WSe2,3.0,0.0,3.0,50.52378108000003,0.1344000000000011,33
619cdd8645851b2ed2431fe9,low_WSe2,2.0,1.0,3.0,39.22811400000005,0.1885000000000012,33
619cdd8645851b2ed2431fea,low_WSe2,2.0,1.0,3.0,39.23279280000001,0.1893000000000011,33
619cdd8645851b2ed2431feb,low_WSe2,1.0,2.0,3.0,11.774776790000022,1.3027999999999975,33
619cdd8645851b2ed2431fec,low_WSe2,1.0,2.0,3.0,11.7509652000001,1.2986000000000004,33
619cdd8645851b2ed2431fed,low_WSe2,2.0,1.0,3.0,39.23079510000007,0.1895000000000006,33
619cdd8745851b2ed2431fee,low_WSe2,2.0,1.0,3.0,39.18885868000011,0.1938999999999993,33
619cdd8745851b2ed2431fef,low_WSe2,1.0,2.0,3.0,11.768806519999988,1.294399999999996,33
619cdd8745851b2ed2431ff0,low_WSe2,3.0,0.0,3.0,50.53766544000005,0.1965000000000003,33
619cdd8745851b2ed2431ff1,low_WSe2,1.0,2.0,3.0,11.771852549999938,1.2973,33
619cdd8745851b2ed2431ff2,low_WSe2,1.0,2.0,3.0,11.774411780000026,1.3001000000000005,33
619cdd8745851b2ed2431ff3,low_WSe2,1.0,2.0,3.0,11.76724048999994,1.2961000000000027,33
619cdd8745851b2ed2431ff4,low_WSe2,0.0,3.0,3.0,0.4278459399999406,1.830500000000001,33
619cdd8745851b2ed2431ff5,low_WSe2,1.0,2.0,3.0,11.775189969999918,1.2832000000000008,33
619cdd8745851b2ed2431ff6,low_WSe2,1.0,2.0,3.0,11.771253560000094,1.2988,33
619cdd8745851b2ed2431ff7,low_WSe2,2.0,1.0,3.0,23.27487739999996,0.8569000000000031,33
619cdd8745851b2ed2431ff8,low_WSe2,1.0,2.0,3.0,11.77418349000003,1.3016000000000003,33
619cdd8745851b2ed2431ff9,low_WSe2,2.0,1.0,3.0,23.125187500000077,1.282299999999999,33
619cdd8745851b2ed2431ffa,low_WSe2,2.0,0.0,2.0,19.35792940000004,1.217600000000001,34
619cdd8745851b2ed2431ffb,low_WSe2,2.0,1.0,3.0,39.24396297000003,0.1548000000000016,33
619cdd8745851b2ed2431ffc,low_WSe2,0.0,3.0,3.0,0.4289275499999689,1.831400000000002,33
619cdd8745851b2ed2431ffd,low_WSe2,3.0,0.0,3.0,49.97750505999998,0.2015999999999991,33
619cdd8745851b2ed2431ffe,low_WSe2,2.0,1.0,3.0,39.22394164999996,0.1950000000000002,33
619cdd8745851b2ed2431fff,low_WSe2,2.0,1.0,3.0,23.10279777999998,1.259599999999999,33
619cdd8745851b2ed2432000,low_WSe2,3.0,0.0,3.0,50.5511838200001,0.224400000000001,33
619cdd8745851b2ed2432001,low_WSe2,1.0,2.0,3.0,27.99301676000005,0.2656000000000009,33
619cdd8745851b2ed2432002,low_WSe2,1.0,2.0,3.0,11.76876927000011,1.296999999999997,33
619cdd8745851b2ed2432003,low_WSe2,1.0,2.0,3.0,27.91547046000005,0.193900000000001,33
619cdd8745851b2ed2432004,low_WSe2,2.0,1.0,3.0,39.22088970999998,0.1860999999999997,33
619cdd8745851b2ed2432005,low_WSe2,1.0,2.0,3.0,11.774391500000082,1.3013000000000048,33
619cdd8745851b2ed2432006,low_WSe2,1.0,2.0,3.0,11.797011229999942,1.2924999999999969,33
619cdd8745851b2ed2432007,low_WSe2,3.0,0.0,3.0,50.5547609199999,0.2002000000000006,33
619cdd8745851b2ed2432008,low_WSe2,2.0,1.0,3.0,39.26398173000011,0.1804000000000005,33
619cdd8745851b2ed2432009,low_WSe2,1.0,2.0,3.0,11.766765500000009,1.2988999999999962,33
619cdd8745851b2ed243200a,low_WSe2,2.0,1.0,3.0,39.26117337999999,0.1870000000000011,33
619cdd8745851b2ed243200b,low_WSe2,2.0,1.0,3.0,23.125466199999927,1.1582000000000008,33
619cdd8745851b2ed243200c,low_WSe2,1.0,1.0,2.0,29.542598679999934,0.1745000000000001,34
619cdd8745851b2ed243200d,low_WSe2,3.0,0.0,3.0,50.55178482000006,0.2150999999999996,33
619cdd8745851b2ed243200e,low_WSe2,3.0,0.0,3.0,50.47265591999994,0.1938000000000013,33
619cdd8745851b2ed243200f,low_WSe2,1.0,2.0,3.0,11.771177979999935,1.2948999999999984,33
619cdd8745851b2ed2432010,low_WSe2,1.0,2.0,3.0,11.770687680000028,1.2989000000000033,33
619cdd8745851b2ed2432011,low_WSe2,1.0,2.0,3.0,11.769032859999914,1.3019999999999996,33
619cdd8745851b2ed2432012,low_WSe2,2.0,1.0,3.0,39.2115532400001,0.2034000000000002,33
619cdd8745851b2ed2432013,low_WSe2,1.0,2.0,3.0,11.751864360000116,1.2988,33
619cdd8745851b2ed2432014,low_WSe2,1.0,2.0,3.0,11.766560530000095,1.295899999999996,33
619cdd8745851b2ed2432015,low_WSe2,1.0,2.0,3.0,27.924332510000117,0.1898999999999997,33
619cdd8745851b2ed2432016,low_WSe2,0.0,3.0,3.0,0.4551199399999746,1.8286000000000016,33
619cdd8745851b2ed2432017,low_WSe2,2.0,1.0,3.0,39.23275921000008,0.1846000000000014,33
619cdd8745851b2ed2432018,low_WSe2,3.0,0.0,3.0,50.15631276999998,0.2658000000000005,33
619cdd8745851b2ed2432019,low_WSe2,1.0,2.0,3.0,11.767888860000074,1.2974999999999994,33
619cdd8745851b2ed243201a,low_WSe2,1.0,2.0,3.0,11.746523510000078,1.2942000000000036,33
619cdd8745851b2ed243201b,low_WSe2,3.0,0.0,3.0,50.567480040000056,0.1982999999999997,33
619cdd8745851b2ed243201c,low_WSe2,2.0,1.0,3.0,39.23644079,0.2035999999999997,33
619cdd8745851b2ed243201d,low_WSe2,3.0,0.0,3.0,50.54757539000011,0.1507000000000005,33
619cdd8745851b2ed243201e,low_WSe2,1.0,2.0,3.0,11.796437160000083,1.3019999999999996,33
619cdd8745851b2ed243201f,low_WSe2,2.0,1.0,3.0,23.073426729999973,1.2479000000000011,33
619cdd8745851b2ed2432020,low_WSe2,1.0,2.0,3.0,11.775290849999909,1.2901000000000025,33
619cdd8745851b2ed2432021,low_WSe2,2.0,1.0,3.0,39.26980415999997,0.1724999999999994,33
619cdd8745851b2ed2432022,low_WSe2,0.0,3.0,3.0,0.4265183899998988,1.8256999999999977,33
619cdd8745851b2ed2432023,low_WSe2,2.0,1.0,3.0,23.112786720000067,1.273299999999999,33
619cdd8745851b2ed2432024,low_WSe2,1.0,2.0,3.0,11.763638820000086,1.3038999999999987,33
619cdd8745851b2ed2432025,low_WSe2,1.0,2.0,3.0,27.99564964000001,0.2640000000000011,33
619cdd8745851b2ed2432026,low_WSe2,2.0,1.0,3.0,38.635604580000106,0.1928,33
619cdd8745851b2ed2432027,low_WSe2,2.0,1.0,3.0,39.2570749500001,0.1933000000000007,33
619cdd8745851b2ed2432028,low_WSe2,3.0,0.0,3.0,50.56567931999994,0.1983999999999994,33
619cdd8745851b2ed2432029,low_WSe2,0.0,3.0,3.0,0.4289928899999609,1.8211000000000013,33
619cdd8745851b2ed243202a,low_WSe2,2.0,1.0,3.0,39.22883780000011,0.2037999999999993,33
619cdd8745851b2ed243202b,low_WSe2,1.0,2.0,3.0,11.785374549999904,1.2972000000000037,33
619cdd8745851b2ed243202c,low_WSe2,3.0,0.0,3.0,50.54844555999998,0.1607000000000003,33
619cdd8745851b2ed243202d,low_WSe2,0.0,3.0,3.0,0.4320716799999786,1.8340999999999996,33
619cdd8745851b2ed243202e,low_WSe2,2.0,1.0,3.0,39.24098923000001,0.1875,33
619cdd8745851b2ed243202f,low_WSe2,1.0,2.0,3.0,27.916392489999907,0.1930999999999993,33
619cdd8745851b2ed2432030,low_WSe2,2.0,1.0,3.0,23.105065700000104,1.2834000000000003,33
619cdd8745851b2ed2432031,low_WSe2,2.0,1.0,3.0,39.23033326,0.2018000000000004,33
619cdd8745851b2ed2432032,low_WSe2,1.0,2.0,3.0,11.808522790000088,1.2959999999999994,33
619cdd8745851b2ed2432033,low_WSe2,2.0,1.0,3.0,39.23049218999999,0.2177000000000006,33
619cdd8745851b2ed2432034,low_WSe2,2.0,1.0,3.0,39.23466497999998,0.2045999999999992,33
619cdd8745851b2ed2432035,low_WSe2,3.0,0.0,3.0,49.935464069999945,0.2035,33
619cdd8745851b2ed2432036,low_WSe2,1.0,1.0,2.0,8.02146565999999,1.3012999999999997,34
619cdd8745851b2ed2432037,low_WSe2,2.0,1.0,3.0,39.18568181000005,0.2057999999999999,33
619cdd8745851b2ed2432038,low_WSe2,1.0,2.0,3.0,11.76806291999991,1.2978000000000025,33
619cdd8745851b2ed2432039,low_WSe2,0.0,3.0,3.0,0.4295364900000891,1.8248000000000035,33
619cdd8745851b2ed243203a,low_WSe2,1.0,2.0,3.0,27.914000420000093,0.1957000000000004,33
619cdd8745851b2ed243203b,low_WSe2,1.0,2.0,3.0,27.91732864000005,0.1943000000000001,33
619cdd8745851b2ed243203c,low_WSe2,3.0,0.0,3.0,50.1517477599999,0.2727000000000004,33
619cdd8745851b2ed243203d,low_WSe2,2.0,1.0,3.0,39.257190840000064,0.1783999999999999,33
619cdd8745851b2ed243203e,low_WSe2,3.0,0.0,3.0,49.95966106000001,0.1836000000000002,33
619cdd8745851b2ed243203f,low_WSe2,3.0,0.0,3.0,50.57936178000009,0.1798999999999999,33
619cdd8745851b2ed2432040,low_WSe2,1.0,2.0,3.0,11.775174229999935,1.284799999999997,33
619cdd8745851b2ed2432041,low_WSe2,3.0,0.0,3.0,49.929991789999896,0.2024999999999988,33
619cdd8745851b2ed2432042,low_WSe2,3.0,0.0,3.0,50.60439297000003,0.153599999999999,33
619cdd8745851b2ed2432043,low_WSe2,1.0,2.0,3.0,27.92715356000008,0.1919000000000004,33
619cdd8845851b2ed2432044,low_WSe2,1.0,2.0,3.0,27.885717829999976,0.1726000000000009,33
619cdd8845851b2ed2432045,low_WSe2,3.0,0.0,3.0,50.52695952999998,0.2138999999999988,33
619cdd8845851b2ed2432046,low_WSe2,2.0,1.0,3.0,39.19672343000006,0.2014999999999993,33
619cdd8845851b2ed2432047,low_WSe2,1.0,2.0,3.0,11.76854905999993,1.3052999999999957,33
619cdd8845851b2ed2432048,low_WSe2,1.0,2.0,3.0,11.77474247000008,1.2996999999999943,33
619cdd8845851b2ed2432049,low_WSe2,1.0,2.0,3.0,11.773463019999998,1.2824999999999989,33
619cdd8845851b2ed243204a,low_WSe2,1.0,2.0,3.0,11.760158660000103,1.302900000000001,33
619cdd8845851b2ed243204b,low_WSe2,2.0,1.0,3.0,39.18729164999995,0.2093000000000007,33
619cdd8845851b2ed243204c,low_WSe2,2.0,1.0,3.0,39.25092500999999,0.1877999999999993,33
619cdd8845851b2ed243204d,low_WSe2,2.0,1.0,3.0,39.23547846000001,0.1875,33
619cdd8845851b2ed243204e,low_WSe2,1.0,2.0,3.0,11.784623420000106,1.1526999999999958,33
619cdd8845851b2ed243204f,low_WSe2,0.0,3.0,3.0,0.4293548899999564,1.8275999999999968,33
619cdd8845851b2ed2432050,low_WSe2,0.0,3.0,3.0,0.4310317399999235,1.8340999999999996,33
619cdd8845851b2ed2432051,low_WSe2,2.0,1.0,3.0,39.23763179999996,0.1991000000000014,33
619cdd8845851b2ed2432052,low_WSe2,0.0,3.0,3.0,0.4283047999999212,1.828800000000001,33
619cdd8845851b2ed2432053,low_WSe2,2.0,1.0,3.0,39.22548407000004,0.1449999999999995,33
619cdd8845851b2ed2432054,low_WSe2,1.0,2.0,3.0,28.00118156000008,0.2675999999999998,33
619cdd8845851b2ed2432055,low_WSe2,1.0,2.0,3.0,11.779380930000103,1.295099999999998,33
619cdd8845851b2ed2432056,low_WSe2,2.0,1.0,3.0,39.26523122999997,0.1913999999999998,33
619cdd8845851b2ed2432057,low_WSe2,3.0,0.0,3.0,50.54543623999994,0.2004000000000001,33
619cdd8845851b2ed2432058,low_WSe2,2.0,1.0,3.0,23.11227955999997,1.2657000000000025,33
619cdd8845851b2ed2432059,low_WSe2,2.0,1.0,3.0,39.251208749999975,0.1881000000000003,33
619cdd8845851b2ed243205a,low_WSe2,2.0,1.0,3.0,39.21815064000002,0.1493999999999999,33
619cdd8845851b2ed243205b,low_WSe2,0.0,3.0,3.0,0.4318789400001037,1.8337000000000003,33
619cdd8845851b2ed243205c,low_WSe2,1.0,2.0,3.0,11.779829260000032,1.291799999999995,33
619cdd8845851b2ed243205d,low_WSe2,0.0,3.0,3.0,0.4285661000000687,1.828800000000001,33
619cdd8845851b2ed243205e,low_WSe2,2.0,1.0,3.0,39.25971400999997,0.1954000000000011,33
619cdd8845851b2ed243205f,low_WSe2,2.0,1.0,3.0,39.32794100999995,0.2496000000000009,33
619cdd8845851b2ed2432060,low_WSe2,1.0,2.0,3.0,27.92283606000001,0.1954000000000011,33
619cdd8845851b2ed2432061,low_WSe2,1.0,2.0,3.0,11.76206935999993,1.301400000000001,33
619cdd8845851b2ed2432062,low_WSe2,2.0,1.0,3.0,39.25413729000006,0.1874000000000002,33
619cdd8845851b2ed2432063,low_WSe2,2.0,1.0,3.0,39.23310382000004,0.1988000000000003,33
619cdd8845851b2ed2432064,low_WSe2,1.0,2.0,3.0,11.783905510000055,1.1565000000000012,33
619cdd8845851b2ed2432065,low_WSe2,1.0,2.0,3.0,11.771961879999925,1.3049000000000035,33
619cdd8845851b2ed2432066,low_WSe2,1.0,2.0,3.0,27.92746598000008,0.1936,33
619cdd8845851b2ed2432067,low_WSe2,2.0,1.0,3.0,39.22736966000007,0.2032000000000007,33
619cdd8845851b2ed2432068,low_WSe2,1.0,2.0,3.0,11.792571539999916,1.1589000000000027,33
619cdd8845851b2ed2432069,low_WSe2,1.0,2.0,3.0,11.762170660000027,1.299200000000006,33
619cdd8845851b2ed243206a,low_WSe2,1.0,2.0,3.0,11.77285570999992,1.299199999999999,33
619cdd8845851b2ed243206b,low_WSe2,2.0,1.0,3.0,39.2525411699999,0.1919999999999984,33
619cdd8845851b2ed243206c,low_WSe2,1.0,2.0,3.0,11.7691623600001,1.298099999999998,33
619cdd8845851b2ed243206d,low_WSe2,3.0,0.0,3.0,50.588710330000005,0.2248999999999998,33
619cdd8845851b2ed243206e,low_WSe2,3.0,0.0,3.0,50.54311777999997,0.2149999999999998,33
619cdd8845851b2ed243206f,low_WSe2,3.0,0.0,3.0,50.535383770000045,0.2229999999999989,33
619cdd8845851b2ed2432070,low_WSe2,2.0,1.0,3.0,23.135258509999893,1.1544000000000023,33
619cdd8845851b2ed2432071,low_WSe2,2.0,1.0,3.0,39.24435014999999,0.119200000000001,33
619cdd8845851b2ed2432072,low_WSe2,0.0,3.0,3.0,0.438400530000024,1.825499999999998,33
619cdd8845851b2ed2432073,low_WSe2,1.0,2.0,3.0,28.00362180000002,0.266,33
619cdd8845851b2ed2432074,low_WSe2,2.0,1.0,3.0,39.2462054600001,0.1951,33
619cdd8845851b2ed2432075,low_WSe2,0.0,3.0,3.0,0.4283765600000038,1.8270000000000053,33
619cdd8845851b2ed2432076,low_WSe2,2.0,1.0,3.0,39.19160730999992,0.2080000000000001,33
619cdd8845851b2ed2432077,low_WSe2,1.0,2.0,3.0,11.770731269999931,1.299500000000002,33
619cdd8845851b2ed2432078,low_WSe2,0.0,3.0,3.0,0.4559839299999453,1.8290000000000008,33
619cdd8845851b2ed2432079,low_WSe2,1.0,2.0,3.0,11.783663019999938,1.2687999999999988,33
619cdd8845851b2ed243207a,low_WSe2,1.0,2.0,3.0,27.99982043,0.2667000000000001,33
619cdd8845851b2ed243207b,low_WSe2,2.0,1.0,3.0,38.62721663000006,0.1892999999999993,33
619cdd8845851b2ed243207c,low_WSe2,2.0,1.0,3.0,23.129517449999906,1.2730999999999997,33
619cdd8845851b2ed243207d,low_WSe2,1.0,2.0,3.0,11.770314549999956,1.2942999999999998,33
619cdd8845851b2ed243207e,low_WSe2,2.0,1.0,3.0,39.26215800000004,0.1864999999999987,33
619cdd8845851b2ed243207f,low_WSe2,0.0,3.0,3.0,0.4324034600001027,1.8347999999999944,33
619cdd8845851b2ed2432080,low_WSe2,0.0,3.0,3.0,0.4290516400000683,1.8284999999999985,33
619cdd8845851b2ed2432081,low_WSe2,1.0,2.0,3.0,11.752307810000037,1.3006000000000029,33
619cdd8845851b2ed2432082,low_WSe2,1.0,2.0,3.0,11.77459588999999,1.289200000000001,33
619cdd8845851b2ed2432083,low_WSe2,0.0,3.0,3.0,0.4271623199999226,1.8325999999999996,33
619cdd8845851b2ed2432084,low_WSe2,1.0,2.0,3.0,11.784807969999964,1.2704000000000022,33
619cdd8845851b2ed2432085,low_WSe2,3.0,0.0,3.0,50.049490579999976,0.1429000000000009,33
619cdd8845851b2ed2432086,low_WSe2,3.0,0.0,3.0,50.44994557000005,0.2205000000000012,33
619cdd8845851b2ed2432087,low_WSe2,2.0,1.0,3.0,39.23957649999993,0.2008000000000009,33
619cdd8845851b2ed2432088,low_WSe2,2.0,1.0,3.0,23.090896310000097,1.2664999999999935,33
619cdd8845851b2ed2432089,low_WSe2,1.0,2.0,3.0,11.760869619999983,1.2993000000000023,33
619cdd8845851b2ed243208a,low_WSe2,0.0,3.0,3.0,0.4553012400000966,1.827600000000004,33
619cdd8845851b2ed243208b,low_WSe2,3.0,0.0,3.0,50.76015287999994,0.168099999999999,33
619cdd8845851b2ed243208c,low_WSe2,2.0,1.0,3.0,23.125258390000035,1.2661000000000016,33
619cdd8845851b2ed243208d,low_WSe2,2.0,1.0,3.0,39.346612139999976,0.2204999999999994,33
619cdd8845851b2ed243208e,low_WSe2,0.0,3.0,3.0,0.4261843900000599,1.8235000000000028,33
619cdd8845851b2ed243208f,low_WSe2,2.0,0.0,2.0,40.88916015000008,0.2135999999999995,34
619cdd8845851b2ed2432090,low_WSe2,2.0,1.0,3.0,23.08058361000011,1.2860000000000014,33
619cdd8845851b2ed2432091,low_WSe2,2.0,1.0,3.0,23.16129978999997,1.1795000000000044,33
619cdd8845851b2ed2432092,low_WSe2,0.0,3.0,3.0,0.4289269699999636,1.8295999999999992,33
619cdd8845851b2ed2432093,low_WSe2,3.0,0.0,3.0,50.57147059000008,0.1623000000000001,33
619cdd8845851b2ed2432094,low_WSe2,2.0,1.0,3.0,39.23504392999989,0.1987000000000005,33
619cdd8845851b2ed2432095,low_WSe2,2.0,1.0,3.0,39.22601338000008,0.2147000000000005,33
619cdd8845851b2ed2432096,low_WSe2,2.0,1.0,3.0,39.185142500000026,0.2118999999999999,33
619cdd8845851b2ed2432097,low_WSe2,1.0,2.0,3.0,28.05721498999992,0.2836999999999996,33
619cdd8845851b2ed2432098,low_WSe2,1.0,2.0,3.0,28.05295346999992,0.2718000000000007,33
619cdd8945851b2ed2432099,low_WSe2,1.0,2.0,3.0,11.774837789999982,1.3016000000000003,33
619cdd8945851b2ed243209a,low_WSe2,0.0,3.0,3.0,0.4297962200000143,1.8258999999999967,33
619cdd8945851b2ed243209b,low_WSe2,1.0,2.0,3.0,11.773814160000018,1.2971000000000004,33
619cdd8945851b2ed243209c,low_WSe2,0.0,3.0,3.0,0.4263732199999026,1.8255000000000048,33
619cdd8945851b2ed243209d,low_WSe2,3.0,0.0,3.0,49.95734832999992,0.186300000000001,33
619cdd8945851b2ed243209e,low_WSe2,2.0,1.0,3.0,39.26415219999994,0.1919000000000004,33
619cdd8945851b2ed243209f,low_WSe2,2.0,1.0,3.0,23.10946158000005,1.246300000000005,33
619cdd8945851b2ed24320a0,low_WSe2,1.0,2.0,3.0,11.745258420000017,1.299199999999999,33
619cdd8945851b2ed24320a1,low_WSe2,2.0,0.0,2.0,19.37546338000009,1.282,34
619cdd8945851b2ed24320a2,low_WSe2,2.0,1.0,3.0,39.23484194000007,0.1943000000000001,33
619cdd8945851b2ed24320a3,low_WSe2,2.0,1.0,3.0,23.12147525000004,1.2469000000000037,33
619cdd8945851b2ed24320a4,low_WSe2,1.0,2.0,3.0,27.91345627999999,0.2031999999999989,33
619cdd8945851b2ed24320a5,low_WSe2,1.0,2.0,3.0,11.769600439999966,1.2984000000000009,33
619cdd8945851b2ed24320a6,low_WSe2,2.0,1.0,3.0,39.25017194999991,0.1940000000000008,33
619cdd8945851b2ed24320a7,low_WSe2,2.0,1.0,3.0,39.24755031999989,0.1929999999999996,33
619cdd8945851b2ed24320a8,low_WSe2,1.0,2.0,3.0,11.769608399999914,1.299599999999998,33
619cdd8945851b2ed24320a9,low_WSe2,2.0,1.0,3.0,38.63245680999994,0.1907000000000014,33
619cdd8945851b2ed24320aa,low_WSe2,0.0,3.0,3.0,0.4377399300000775,1.832699999999996,33
619cdd8945851b2ed24320ab,low_WSe2,2.0,1.0,3.0,23.129047039999968,1.178600000000003,33
619cdd8945851b2ed24320ac,low_WSe2,1.0,2.0,3.0,27.91669535000005,0.1946999999999992,33
619cdd8945851b2ed24320ad,low_WSe2,1.0,2.0,3.0,11.774619940000084,1.2952999999999977,33
619cdd8945851b2ed24320ae,low_WSe2,2.0,1.0,3.0,39.33199023000002,0.2688000000000006,33
619cdd8945851b2ed24320af,low_WSe2,1.0,2.0,3.0,27.962418079999907,0.1620999999999988,33
619cdd8945851b2ed24320b0,low_WSe2,2.0,1.0,3.0,23.11663432000004,1.279600000000002,33
619cdd8945851b2ed24320b1,low_WSe2,2.0,1.0,3.0,39.19329524000004,0.2043999999999997,33
619cdd8945851b2ed24320b2,low_WSe2,1.0,2.0,3.0,11.770585100000051,1.2927000000000035,33
619cdd8945851b2ed24320b3,low_WSe2,1.0,2.0,3.0,11.791320840000015,1.1580000000000013,33
619cdd8945851b2ed24320b4,low_WSe2,2.0,1.0,3.0,39.261982009999926,0.214599999999999,33
619cdd8945851b2ed24320b5,low_WSe2,2.0,1.0,3.0,39.24229354999993,0.1988999999999983,33
619cdd8945851b2ed24320b6,low_WSe2,2.0,1.0,3.0,39.23082950000007,0.1997,33
619cdd8945851b2ed24320b7,low_WSe2,1.0,2.0,3.0,27.913931309999956,0.1940999999999988,33
619cdd8945851b2ed24320b8,low_WSe2,3.0,0.0,3.0,49.98276618000009,0.1918000000000006,33
619cdd8945851b2ed24320b9,low_WSe2,2.0,1.0,3.0,23.118766930000028,1.245800000000003,33
619cdd8945851b2ed24320ba,low_WSe2,2.0,1.0,3.0,38.63469521999996,0.1956000000000006,33
619cdd8945851b2ed24320bb,low_WSe2,1.0,2.0,3.0,27.9241075299999,0.1913,33
619cdd8945851b2ed24320bc,low_WSe2,0.0,3.0,3.0,0.4298035799999411,1.8282000000000025,33
619cdd8945851b2ed24320bd,low_WSe2,2.0,1.0,3.0,23.107997419999982,1.2922000000000011,33
619cdd8945851b2ed24320be,low_WSe2,0.0,3.0,3.0,0.4295897700000637,1.8230000000000004,33
619cdd8945851b2ed24320bf,low_WSe2,1.0,2.0,3.0,11.769021629999989,1.3018999999999965,33
619cdd8945851b2ed24320c0,low_WSe2,1.0,2.0,3.0,27.917152579999996,0.1941000000000006,33
619cdd8945851b2ed24320c1,low_WSe2,3.0,0.0,3.0,50.56347930999991,0.1955000000000009,33
619cdd8945851b2ed24320c2,low_WSe2,0.0,3.0,3.0,0.4278058500000838,1.8312999999999988,33
619cdd8945851b2ed24320c3,low_WSe2,1.0,2.0,3.0,28.013058349999937,0.1781000000000006,33
619cdd8945851b2ed24320c4,low_WSe2,2.0,1.0,3.0,23.006660249999904,1.1169000000000011,33
619cdd8945851b2ed24320c5,low_WSe2,2.0,1.0,3.0,23.121266830000003,1.2840999999999951,33
619cdd8945851b2ed24320c6,low_WSe2,3.0,0.0,3.0,50.57744327999999,0.1954000000000011,33
619cdd8945851b2ed24320c7,low_WSe2,2.0,1.0,3.0,23.10595330000005,1.2620000000000005,33
619cdd8945851b2ed24320c8,low_WSe2,1.0,2.0,3.0,27.967825120000043,0.1527000000000011,33
619cdd8945851b2ed24320c9,low_WSe2,1.0,2.0,3.0,11.7866168800001,1.2719999999999985,33
619cdd8945851b2ed24320ca,low_WSe2,2.0,1.0,3.0,39.248667410000095,0.1936,33
619cdd8945851b2ed24320cb,low_WSe2,1.0,2.0,3.0,11.770327010000065,1.3012000000000017,33
619cdd8945851b2ed24320cc,low_WSe2,1.0,1.0,2.0,8.021841299999892,1.3026,34
619cdd8945851b2ed24320cd,low_WSe2,1.0,2.0,3.0,11.773263320000058,1.2978999999999985,33
619cdd8945851b2ed24320ce,low_WSe2,1.0,2.0,3.0,11.766139549999924,1.2841000000000022,33
619cdd8945851b2ed24320cf,low_WSe2,2.0,1.0,3.0,39.25201571000007,0.1862999999999992,33
619cdd8945851b2ed24320d0,low_WSe2,2.0,1.0,3.0,23.123236010000063,1.2794999999999987,33
619cdd8945851b2ed24320d1,low_WSe2,3.0,0.0,3.0,50.58746073000007,0.1955000000000009,33
619cdd8945851b2ed24320d2,low_WSe2,2.0,1.0,3.0,38.6284686500001,0.1877000000000013,33
619cdd8945851b2ed24320d3,low_WSe2,1.0,2.0,3.0,11.793433569999925,1.3008999999999986,33
619cdd8945851b2ed24320d4,low_WSe2,2.0,1.0,3.0,39.240172540000046,0.1921999999999997,33
619cdd8945851b2ed24320d5,low_WSe2,0.0,3.0,3.0,0.4271210500000393,1.8260999999999967,33
619cdd8945851b2ed24320d6,low_WSe2,2.0,1.0,3.0,38.63150640000008,0.1913999999999998,33
619cdd8945851b2ed24320d7,low_WSe2,3.0,0.0,3.0,50.74429360000008,0.1714999999999999,33
619cdd8945851b2ed24320d8,low_WSe2,2.0,1.0,3.0,38.63133870000006,0.1894000000000009,33
619cdd8945851b2ed24320d9,low_WSe2,2.0,1.0,3.0,38.62130927999992,0.1959999999999997,33
619cdd8945851b2ed24320da,low_WSe2,0.0,3.0,3.0,0.4265073900000402,1.8265999999999991,33
619cdd8945851b2ed24320db,low_WSe2,1.0,2.0,3.0,27.931149000000005,0.1898999999999997,33
619cdd8945851b2ed24320dc,low_WSe2,1.0,2.0,3.0,27.887374460000046,0.1743000000000005,33
619cdd8945851b2ed24320dd,low_WSe2,1.0,2.0,3.0,11.77198470999996,1.3008000000000024,33
619cdd8945851b2ed24320de,low_WSe2,2.0,1.0,3.0,39.30800385999992,0.0907,33
619cdd8945851b2ed24320df,low_WSe2,2.0,1.0,3.0,23.26489059999998,0.8536000000000001,33
619cdd8945851b2ed24320e0,low_WSe2,0.0,3.0,3.0,0.4537767999999573,1.8264,33
619cdd8945851b2ed24320e1,low_WSe2,2.0,1.0,3.0,39.24469813,0.1920999999999999,33
619cdd8945851b2ed24320e2,low_WSe2,2.0,1.0,3.0,23.06169862000005,1.1218999999999966,33
619cdd8945851b2ed24320e3,low_WSe2,3.0,0.0,3.0,50.56299116,0.1972000000000004,33
619cdd8945851b2ed24320e4,low_WSe2,3.0,0.0,3.0,50.56937621999996,0.2083999999999992,33
619cdd8945851b2ed24320e5,low_WSe2,2.0,1.0,3.0,38.63041036999998,0.1947000000000009,33
619cdd8945851b2ed24320e6,low_WSe2,3.0,0.0,3.0,50.55497400999989,0.1554999999999999,33
619cdd8945851b2ed24320e7,low_WSe2,1.0,2.0,3.0,27.98121794000008,0.2473999999999989,33
619cdd8945851b2ed24320e8,low_WSe2,1.0,2.0,3.0,11.745186630000024,1.2978000000000025,33
619cdd8945851b2ed24320e9,low_WSe2,1.0,2.0,3.0,11.771160940000062,1.299500000000002,33
619cdd8945851b2ed24320ea,low_WSe2,0.0,2.0,2.0,2.115371809999965,1.8315000000000052,34
619cdd8945851b2ed24320eb,low_WSe2,1.0,2.0,3.0,27.92759326999999,0.1897000000000002,33
619cdd8945851b2ed24320ec,low_WSe2,2.0,1.0,3.0,23.10916453000008,1.2162999999999968,33
619cdd8945851b2ed24320ed,low_WSe2,2.0,1.0,3.0,23.106817090000085,1.2777999999999992,33
619cdd8a45851b2ed24320ee,low_WSe2,1.0,2.0,3.0,11.77924484999993,1.2920000000000016,33
619cdd8a45851b2ed24320ef,low_WSe2,1.0,2.0,3.0,11.767162350000024,1.2967000000000013,33
619cdd8a45851b2ed24320f0,low_WSe2,1.0,2.0,3.0,11.763993329999938,1.3007999999999953,33
619cdd8a45851b2ed24320f1,low_WSe2,1.0,2.0,3.0,11.771767660000013,1.3042000000000016,33
619cdd8a45851b2ed24320f2,low_WSe2,3.0,0.0,3.0,50.57082047000004,0.1958000000000002,33
619cdd8a45851b2ed24320f3,low_WSe2,1.0,2.0,3.0,11.766867710000032,1.299199999999999,33
619cdd8a45851b2ed24320f4,low_WSe2,1.0,2.0,3.0,11.779554879999967,1.1581000000000046,33
619cdd8a45851b2ed24320f5,low_WSe2,1.0,2.0,3.0,11.765252319999934,1.297699999999999,33
619cdd8a45851b2ed24320f6,low_WSe2,1.0,2.0,3.0,11.78558268000005,1.2690999999999946,33
619cdd8a45851b2ed24320f7,low_WSe2,2.0,1.0,3.0,39.23565059999992,0.1847999999999992,33
619cdd8a45851b2ed24320f8,low_WSe2,3.0,0.0,3.0,50.56583976000011,0.1945999999999994,33
619cdd8a45851b2ed24320f9,low_WSe2,1.0,2.0,3.0,27.896241400000008,0.1748999999999991,33
619cdd8a45851b2ed24320fa,low_WSe2,1.0,2.0,3.0,11.76876973000002,1.2912000000000037,33
619cdd8a45851b2ed24320fb,low_WSe2,1.0,2.0,3.0,11.763015349999922,1.300400000000003,33
619cdd8a45851b2ed24320fc,low_WSe2,2.0,1.0,3.0,39.24713948000003,0.1960999999999995,33
619cdd8a45851b2ed24320fd,low_WSe2,2.0,1.0,3.0,39.19386155000011,0.1887000000000007,33
619cdd8a45851b2ed24320fe,low_WSe2,0.0,3.0,3.0,0.4298420699998928,1.8258999999999967,33
619cdd8a45851b2ed24320ff,low_WSe2,2.0,1.0,3.0,39.26734153000011,0.1719999999999988,33
619cdd8a45851b2ed2432100,low_WSe2,1.0,2.0,3.0,27.92481111999996,0.1913999999999998,33
619cdd8a45851b2ed2432101,low_WSe2,1.0,2.0,3.0,11.77107808000004,1.299599999999998,33
619cdd8a45851b2ed2432102,low_WSe2,2.0,1.0,3.0,38.68745031999997,0.1690000000000004,33
619cdd8a45851b2ed2432103,low_WSe2,1.0,2.0,3.0,11.768806399999892,1.300400000000003,33
619cdd8a45851b2ed2432104,low_WSe2,0.0,3.0,3.0,0.4291006499999525,1.8282000000000025,33
619cdd8a45851b2ed2432105,low_WSe2,0.0,3.0,3.0,0.4319278100001043,1.8325000000000031,33
619cdd8a45851b2ed2432106,low_WSe2,3.0,0.0,3.0,49.97921230999996,0.1832999999999991,33
619cdd8a45851b2ed2432107,low_WSe2,2.0,1.0,3.0,39.23127800000002,0.2133000000000002,33
619cdd8a45851b2ed2432108,low_WSe2,1.0,2.0,3.0,11.772259979999934,1.303200000000004,33
619cdd8a45851b2ed2432109,low_WSe2,2.0,1.0,3.0,23.272246799999984,0.8556999999999988,33
619cdd8a45851b2ed243210a,low_WSe2,2.0,1.0,3.0,39.229073040000046,0.1483999999999987,33
619cdd8a45851b2ed243210b,low_WSe2,1.0,2.0,3.0,27.87917999000001,0.1723999999999996,33
619cdd8a45851b2ed243210c,low_WSe2,2.0,1.0,3.0,23.154544280000017,1.1798000000000002,33
619cdd8a45851b2ed243210d,low_WSe2,0.0,3.0,3.0,0.4309681399999476,1.8311999999999955,33
619cdd8a45851b2ed243210e,low_WSe2,1.0,2.0,3.0,11.772577480000098,1.3049000000000035,33
619cdd8a45851b2ed243210f,low_WSe2,3.0,0.0,3.0,50.56732707000001,0.2050999999999998,33
619cdd8a45851b2ed2432110,low_WSe2,1.0,2.0,3.0,11.788240229999918,1.1618999999999955,33
619cdd8a45851b2ed2432111,low_WSe2,0.0,3.0,3.0,0.4293591200000151,1.8280999999999992,33
619cdd8a45851b2ed2432112,low_WSe2,2.0,1.0,3.0,39.16139537999997,0.2005999999999996,33
619cdd8a45851b2ed2432113,low_WSe2,1.0,2.0,3.0,27.928757789999963,0.1898999999999997,33
619cdd8a45851b2ed2432114,low_WSe2,2.0,1.0,3.0,23.13292849999997,1.2652999999999963,33
619cdd8a45851b2ed2432115,low_WSe2,2.0,1.0,3.0,39.2463952399999,0.1991999999999993,33
619cdd8a45851b2ed2432116,low_WSe2,2.0,1.0,3.0,23.110918639999944,1.221499999999999,33
619cdd8a45851b2ed2432117,low_WSe2,1.0,2.0,3.0,27.92744771999992,0.1882999999999999,33
619cdd8a45851b2ed2432118,low_WSe2,1.0,2.0,3.0,11.774334350000109,1.2828000000000015,33
619cdd8a45851b2ed2432119,low_WSe2,1.0,2.0,3.0,27.91804086000002,0.1886999999999989,33
619cdd8a45851b2ed243211a,low_WSe2,1.0,2.0,3.0,11.771463389999996,1.283299999999997,33
619cdd8a45851b2ed243211b,low_WSe2,1.0,2.0,3.0,11.784469239999895,1.2691000000000017,33
619cdd8a45851b2ed243211c,low_WSe2,1.0,2.0,3.0,27.97104977000004,0.262599999999999,33
619cdd8a45851b2ed243211d,low_WSe2,2.0,1.0,3.0,23.08242980999993,1.2588000000000008,33
619cdd8a45851b2ed243211e,low_WSe2,2.0,1.0,3.0,38.72423495999992,0.1997999999999997,33
619cdd8a45851b2ed243211f,low_WSe2,1.0,2.0,3.0,27.915097750000086,0.1960999999999995,33
619cdd8a45851b2ed2432120,low_WSe2,2.0,1.0,3.0,23.116998069999944,1.2867999999999995,33
619cdd8a45851b2ed2432121,low_WSe2,1.0,2.0,3.0,11.753897979999907,1.2986000000000004,33
619cdd8a45851b2ed2432122,low_WSe2,2.0,1.0,3.0,23.133429999999898,1.2686999999999955,33
619cdd8a45851b2ed2432123,low_WSe2,1.0,2.0,3.0,11.785009180000078,1.2957999999999998,33
619cdd8a45851b2ed2432124,low_WSe2,2.0,1.0,3.0,23.11655223000006,1.1406999999999954,33
619cdd8a45851b2ed2432125,low_WSe2,0.0,3.0,3.0,0.4304910299999278,1.828000000000003,33
619cdd8a45851b2ed2432126,low_WSe2,3.0,0.0,3.0,50.6177477499999,0.2824000000000009,33
619cdd8a45851b2ed2432127,low_WSe2,1.0,2.0,3.0,11.772707269999945,1.3028000000000048,33
619cdd8a45851b2ed2432128,low_WSe2,1.0,2.0,3.0,11.768404030000044,1.3003,33
619cdd8a45851b2ed2432129,low_WSe2,2.0,1.0,3.0,23.096796979999944,1.287700000000001,33
619cdd8a45851b2ed243212a,low_WSe2,3.0,0.0,3.0,50.01374663000011,0.1036999999999999,33
619cdd8a45851b2ed243212b,low_WSe2,1.0,2.0,3.0,27.879983080000105,0.1736000000000004,33
619cdd8a45851b2ed243212c,low_WSe2,0.0,3.0,3.0,0.4280690299999037,1.822500000000005,33
619cdd8a45851b2ed243212d,low_WSe2,3.0,0.0,3.0,50.075134660000096,0.0597999999999991,33
619cdd8a45851b2ed243212e,low_WSe2,1.0,2.0,3.0,27.91537769000001,0.1897999999999999,33
619cdd8a45851b2ed243212f,low_WSe2,0.0,3.0,3.0,0.424813389999997,1.8222999999999985,33
619cdd8a45851b2ed2432130,low_WSe2,3.0,0.0,3.0,50.52317488999993,0.2203999999999997,33
619cdd8a45851b2ed2432131,low_WSe2,2.0,1.0,3.0,39.1861020700001,0.2078000000000006,33
619cdd8a45851b2ed2432132,low_WSe2,3.0,0.0,3.0,50.51274401999999,0.2197000000000013,33
619cdd8a45851b2ed2432133,low_WSe2,2.0,1.0,3.0,39.240404940000005,0.205,33
619cdd8a45851b2ed2432134,low_WSe2,2.0,1.0,3.0,39.24458871000006,0.1940000000000008,33
619cdd8a45851b2ed2432135,low_WSe2,2.0,1.0,3.0,39.236058479999926,0.2147000000000005,33
619cdd8a45851b2ed2432136,low_WSe2,1.0,1.0,2.0,13.423953289999943,1.3001000000000005,34
619cdd8a45851b2ed2432137,low_WSe2,1.0,2.0,3.0,27.99572138000008,0.2657999999999987,33
619cdd8a45851b2ed2432138,low_WSe2,2.0,1.0,3.0,39.233359160000006,0.1916000000000011,33
619cdd8a45851b2ed2432139,low_WSe2,2.0,1.0,3.0,23.111528080000006,1.2457999999999956,33
619cdd8a45851b2ed243213a,low_WSe2,1.0,2.0,3.0,11.695729029999928,1.2987000000000035,33
619cdd8a45851b2ed243213b,low_WSe2,2.0,1.0,3.0,39.24922530000008,0.190199999999999,33
619cdd8a45851b2ed243213c,low_WSe2,2.0,1.0,3.0,23.123727830000043,1.2817000000000007,33
619cdd8a45851b2ed243213d,low_WSe2,3.0,0.0,3.0,49.94980601999996,0.1866000000000003,33
619cdd8a45851b2ed243213e,low_WSe2,2.0,1.0,3.0,39.22713180999999,0.1539000000000001,33
619cdd8a45851b2ed243213f,low_WSe2,1.0,2.0,3.0,11.785126879999996,1.301700000000004,33
619cdd8a45851b2ed2432140,low_WSe2,2.0,1.0,3.0,23.11965562000004,1.2809999999999988,33
619cdd8a45851b2ed2432141,low_WSe2,1.0,2.0,3.0,11.770571999999891,1.2969000000000008,33
619cdd8b45851b2ed2432142,low_WSe2,1.0,2.0,3.0,27.996085969999967,0.2661999999999995,33
619cdd8b45851b2ed2432143,low_WSe2,1.0,2.0,3.0,27.911109099999976,0.1973000000000002,33
619cdd8b45851b2ed2432144,low_WSe2,2.0,1.0,3.0,39.36955538000011,0.2299999999999986,33
619cdd8b45851b2ed2432145,low_WSe2,0.0,3.0,3.0,0.4305010899999502,1.8279,33
619cdd8b45851b2ed2432146,low_WSe2,2.0,1.0,3.0,39.38574739999994,0.2966999999999995,33
619cdd8b45851b2ed2432147,low_WSe2,2.0,1.0,3.0,39.362737779999904,0.2749000000000006,33
619cdd8b45851b2ed2432148,low_WSe2,2.0,1.0,3.0,39.23830819000004,0.1847000000000012,33
619cdd8b45851b2ed2432149,low_WSe2,1.0,2.0,3.0,11.764105290000078,1.2957999999999998,33
619cdd8b45851b2ed243214a,low_WSe2,3.0,0.0,3.0,50.56736142000009,0.1963000000000008,33
619cdd8b45851b2ed243214b,low_WSe2,0.0,3.0,3.0,0.4296689899999251,1.8297999999999988,33
619cdd8b45851b2ed243214c,low_WSe2,2.0,1.0,3.0,39.21967442000009,0.1874000000000002,33
619cdd8b45851b2ed243214d,low_WSe2,1.0,2.0,3.0,27.91404551000005,0.1983999999999994,33
619cdd8b45851b2ed243214e,low_WSe2,2.0,1.0,3.0,39.25256554999992,0.1942000000000003,33
619cdd8b45851b2ed243214f,low_WSe2,1.0,2.0,3.0,11.773714879999932,1.299500000000002,33
619cdd8b45851b2ed2432150,low_WSe2,1.0,2.0,3.0,11.77429574000006,1.305100000000003,33
619cdd8b45851b2ed2432151,low_WSe2,3.0,0.0,3.0,50.66719556999997,0.2568999999999999,33
619cdd8b45851b2ed2432152,low_WSe2,1.0,2.0,3.0,11.774600899999983,1.3019000000000034,33
619cdd8b45851b2ed2432153,low_WSe2,2.0,1.0,3.0,39.18899366999999,0.2068000000000012,33
619cdd8b45851b2ed2432154,low_WSe2,1.0,2.0,3.0,11.784870480000098,1.2942999999999998,33
619cdd8b45851b2ed2432155,low_WSe2,0.0,3.0,3.0,0.4295142099999225,1.8264,33
619cdd8b45851b2ed2432156,low_WSe2,1.0,2.0,3.0,11.785477390000086,1.269199999999998,33
619cdd8b45851b2ed2432157,low_WSe2,1.0,1.0,2.0,8.023072540000044,1.3034,34
619cdd8b45851b2ed2432158,low_WSe2,2.0,1.0,3.0,23.09353644999991,1.279500000000006,33
619cdd8b45851b2ed2432159,low_WSe2,1.0,2.0,3.0,27.997878180000043,0.2628999999999983,33
619cdd8b45851b2ed243215a,low_WSe2,2.0,1.0,3.0,39.19779139999996,0.2111,33
619cdd8b45851b2ed243215b,low_WSe2,0.0,3.0,3.0,0.4296958599999811,1.8296999999999957,33
619cdd8b45851b2ed243215c,low_WSe2,2.0,1.0,3.0,39.38754539000006,0.2209000000000003,33
619cdd8b45851b2ed243215d,low_WSe2,2.0,1.0,3.0,39.227868589999886,0.1511000000000013,33
619cdd8b45851b2ed243215e,low_WSe2,1.0,2.0,3.0,11.771272480000096,1.2804000000000002,33
619cdd8b45851b2ed243215f,low_WSe2,0.0,3.0,3.0,0.4332631999999989,1.8275000000000008,33
619cdd8b45851b2ed2432160,low_WSe2,2.0,1.0,3.0,39.195980430000006,0.2100999999999988,33
619cdd8b45851b2ed2432161,low_WSe2,2.0,1.0,3.0,39.23188280999993,0.1923000000000012,33
619cdd8b45851b2ed2432162,low_WSe2,3.0,0.0,3.0,50.55484781999994,0.2604000000000006,33
619cdd8b45851b2ed2432163,low_WSe2,0.0,2.0,2.0,2.093363839999961,1.8203000000000031,34
619cdd8b45851b2ed2432164,low_WSe2,2.0,1.0,3.0,23.131094370000064,1.2683000000000035,33
619cdd8b45851b2ed2432165,low_WSe2,1.0,2.0,3.0,11.773166429999936,1.281799999999997,33
619cdd8b45851b2ed2432166,low_WSe2,1.0,2.0,3.0,11.756008920000102,1.2982000000000014,33
619cdd8b45851b2ed2432167,low_WSe2,3.0,0.0,3.0,50.56623109999996,0.1998999999999995,33
619cdd8b45851b2ed2432168,low_WSe2,1.0,2.0,3.0,27.9907049200001,0.2613000000000003,33
619cdd8b45851b2ed2432169,low_WSe2,2.0,1.0,3.0,23.1253857699999,1.2809999999999988,33
619cdd8b45851b2ed243216a,low_WSe2,1.0,2.0,3.0,11.754668439999922,1.303200000000004,33
619cdd8b45851b2ed243216b,low_WSe2,3.0,0.0,3.0,50.58383538999997,0.1993000000000009,33
619cdd8b45851b2ed243216c,low_WSe2,1.0,2.0,3.0,11.7719780100001,1.302399999999999,33
619cdd8b45851b2ed243216d,low_WSe2,0.0,3.0,3.0,0.4252911299999482,1.830599999999997,33
619cdd8b45851b2ed243216e,low_WSe2,1.0,2.0,3.0,27.913719540000105,0.1925999999999987,33
619cdd8b45851b2ed243216f,low_WSe2,2.0,1.0,3.0,39.20186633000007,0.206199999999999,33
619cdd8b45851b2ed2432170,low_WSe2,3.0,0.0,3.0,48.89473471000006,0.5802999999999994,33
619cdd8b45851b2ed2432171,low_WSe2,1.0,2.0,3.0,11.808379240000011,1.288800000000002,33
619cdd8b45851b2ed2432172,low_WSe2,0.0,3.0,3.0,0.4361580300000582,1.8269999999999984,33
619cdd8b45851b2ed2432173,low_WSe2,1.0,2.0,3.0,11.757836739999892,1.3020999999999958,33
619cdd8b45851b2ed2432174,low_WSe2,1.0,2.0,3.0,11.765933070000065,1.299900000000001,33
619cdd8b45851b2ed2432175,low_WSe2,0.0,3.0,3.0,0.4542915100000186,1.827300000000001,33
619cdd8b45851b2ed2432176,low_WSe2,2.0,1.0,3.0,39.34027692999989,0.251199999999999,33
619cdd8b45851b2ed2432177,low_WSe2,0.0,3.0,3.0,0.4274583499999949,1.8287000000000049,33
619cdd8b45851b2ed2432178,low_WSe2,2.0,1.0,3.0,23.11025298999997,1.258499999999998,33
619cdd8b45851b2ed2432179,low_WSe2,1.0,2.0,3.0,27.92080809999993,0.1885999999999992,33
619cdd8b45851b2ed243217a,low_WSe2,2.0,1.0,3.0,39.24415331000005,0.1958999999999999,33
619cdd8b45851b2ed243217b,low_WSe2,1.0,2.0,3.0,11.77457763999995,1.3012000000000017,33
619cdd8b45851b2ed243217c,low_WSe2,2.0,1.0,3.0,23.08480121000006,1.1978000000000009,33
619cdd8b45851b2ed243217d,low_WSe2,1.0,2.0,3.0,27.92277611000009,0.1868999999999996,33
619cdd8b45851b2ed243217e,low_WSe2,1.0,2.0,3.0,11.766103520000105,1.2971999999999966,33
619cdd8b45851b2ed243217f,low_WSe2,2.0,1.0,3.0,39.25535751000011,0.1948999999999987,33
619cdd8b45851b2ed2432180,low_WSe2,0.0,3.0,3.0,0.4552022699999156,1.8318999999999972,33
619cdd8b45851b2ed2432181,low_WSe2,1.0,2.0,3.0,27.996797389999983,0.2627000000000006,33
619cdd8b45851b2ed2432182,low_WSe2,2.0,1.0,3.0,39.3921552100001,0.2899000000000011,33
619cdd8b45851b2ed2432183,low_WSe2,2.0,1.0,3.0,23.117906199999915,1.2866999999999962,33
619cdd8b45851b2ed2432184,low_WSe2,1.0,2.0,3.0,11.768859219999957,1.3031000000000006,33
619cdd8b45851b2ed2432185,low_WSe2,1.0,2.0,3.0,11.796294609999894,1.3023000000000025,33
619cdd8b45851b2ed2432186,low_WSe2,3.0,0.0,3.0,48.906768780000085,0.593,33
619cdd8b45851b2ed2432187,low_WSe2,2.0,1.0,3.0,39.21999007999993,0.2032000000000007,33
619cdd8b45851b2ed2432188,low_WSe2,2.0,1.0,3.0,39.26316494000007,0.1882000000000001,33
619cdd8b45851b2ed2432189,low_WSe2,0.0,3.0,3.0,0.4325476299999877,1.8301000000000016,33
619cdd8b45851b2ed243218a,low_WSe2,2.0,1.0,3.0,39.23451574999994,0.1984999999999992,33
619cdd8b45851b2ed243218b,low_WSe2,1.0,2.0,3.0,11.771435350000036,1.2998000000000047,33
619cdd8b45851b2ed243218c,low_WSe2,1.0,2.0,3.0,11.766227280000056,1.299900000000001,33
619cdd8b45851b2ed243218d,low_WSe2,1.0,2.0,3.0,27.920571110000083,0.1941000000000006,33
619cdd8b45851b2ed243218e,low_WSe2,2.0,1.0,3.0,39.23955877000007,0.1905000000000001,33
619cdd8b45851b2ed243218f,low_WSe2,2.0,1.0,3.0,38.63567489999996,0.1918000000000006,33
619cdd8b45851b2ed2432190,low_WSe2,3.0,0.0,3.0,50.59201360999996,0.2050999999999998,33
619cdd8b45851b2ed2432191,low_WSe2,3.0,0.0,3.0,50.48811493000003,0.2126000000000001,33
619cdd8b45851b2ed2432192,low_WSe2,1.0,2.0,3.0,11.773786980000056,1.2804999999999964,33
619cdd8b45851b2ed2432193,low_WSe2,1.0,2.0,3.0,11.766696410000112,1.2972000000000037,33
619cdd8c45851b2ed2432194,low_WSe2,1.0,2.0,3.0,11.771950479999976,1.2800000000000011,33
619cdd8c45851b2ed2432195,low_WSe2,2.0,1.0,3.0,39.19368872,0.2079000000000004,33
619cdd8c45851b2ed2432196,low_WSe2,3.0,0.0,3.0,50.410918769999945,0.1816999999999993,33
619cdd8c45851b2ed2432197,low_WSe2,3.0,0.0,3.0,50.71714837999989,0.1748000000000011,33
619cdd8c45851b2ed2432198,low_WSe2,2.0,1.0,3.0,23.13050898999999,1.160899999999998,33
619cdd8c45851b2ed2432199,low_WSe2,1.0,2.0,3.0,11.77649507,1.298599999999993,33
619cdd8c45851b2ed243219a,low_WSe2,2.0,1.0,3.0,39.24134424000003,0.1913,33
619cdd8c45851b2ed243219b,low_WSe2,1.0,2.0,3.0,11.766091720000066,1.2963999999999984,33
619cdd8c45851b2ed243219c,low_WSe2,0.0,3.0,3.0,0.43281410000003,1.8188999999999995,33
619cdd8c45851b2ed243219d,low_WSe2,3.0,0.0,3.0,50.61894298000002,0.25,33
619cdd8c45851b2ed243219e,low_WSe2,1.0,2.0,3.0,28.000179690000092,0.2593999999999994,33
619cdd8c45851b2ed243219f,low_WSe2,2.0,1.0,3.0,39.26259998000005,0.1963000000000008,33
619cdd8c45851b2ed24321a0,low_WSe2,2.0,1.0,3.0,38.627930980000016,0.1911999999999984,33
619cdd8c45851b2ed24321a1,low_WSe2,1.0,2.0,3.0,11.767543809999996,1.3027000000000015,33
619cdd8c45851b2ed24321a2,low_WSe2,3.0,0.0,3.0,50.54290019000005,0.1845999999999996,33
619cdd8c45851b2ed24321a3,low_WSe2,1.0,2.0,3.0,11.76628415999993,1.2956000000000003,33
619cdd8c45851b2ed24321a4,low_WSe2,2.0,1.0,3.0,39.223895520000085,0.2016999999999988,33
619cdd8c45851b2ed24321a5,low_WSe2,1.0,2.0,3.0,11.772001679999892,1.2952000000000012,33
619cdd8c45851b2ed24321a6,low_WSe2,0.0,3.0,3.0,0.4286023199999249,1.8300000000000052,33
619cdd8c45851b2ed24321a7,low_WSe2,2.0,1.0,3.0,39.186911770000094,0.1912000000000002,33
619cdd8c45851b2ed24321a8,low_WSe2,3.0,0.0,3.0,50.56363861000009,0.1593,33
619cdd8c45851b2ed24321a9,low_WSe2,1.0,2.0,3.0,11.681448249999892,1.3082999999999956,33
619cdd8c45851b2ed24321aa,low_WSe2,1.0,2.0,3.0,27.91114377999997,0.1958999999999999,33
619cdd8c45851b2ed24321ab,low_WSe2,1.0,2.0,3.0,11.772169470000096,1.288499999999999,33
619cdd8c45851b2ed24321ac,low_WSe2,1.0,2.0,3.0,11.7730925799999,1.297399999999996,33
619cdd8c45851b2ed24321ad,low_WSe2,0.0,3.0,3.0,0.4877709399999617,1.823599999999999,33
619cdd8c45851b2ed24321ae,low_WSe2,1.0,2.0,3.0,11.755400309999905,1.3018999999999965,33
619cdd8c45851b2ed24321af,low_WSe2,3.0,0.0,3.0,50.60271599000007,0.1635999999999988,33
619cdd8c45851b2ed24321b0,low_WSe2,2.0,1.0,3.0,38.647384259999896,0.1785000000000014,33
619cdd8c45851b2ed24321b1,low_WSe2,0.0,3.0,3.0,0.4316251500001158,1.8267000000000024,33
619cdd8c45851b2ed24321b2,low_WSe2,2.0,1.0,3.0,39.33998135999995,0.2721,33
619cdd8c45851b2ed24321b3,low_WSe2,1.0,2.0,3.0,11.78491353000003,1.2959000000000032,33
619cdd8c45851b2ed24321b4,low_WSe2,1.0,2.0,3.0,11.766125379999938,1.2946999999999989,33
619cdd8c45851b2ed24321b5,low_WSe2,2.0,1.0,3.0,39.24263963999992,0.1522999999999985,33
619cdd8c45851b2ed24321b6,low_WSe2,1.0,2.0,3.0,11.753854849999914,1.3004999999999995,33
619cdd8c45851b2ed24321b7,low_WSe2,1.0,2.0,3.0,11.770681219999904,1.298499999999997,33
619cdd8c45851b2ed24321b8,low_WSe2,1.0,2.0,3.0,11.76834865999989,1.2977999999999952,33
619cdd8c45851b2ed24321b9,low_WSe2,2.0,1.0,3.0,39.24469155000001,0.1920000000000001,33
619cdd8c45851b2ed24321ba,low_WSe2,1.0,2.0,3.0,11.76594227999998,1.299500000000002,33
619cdd8c45851b2ed24321bb,low_WSe2,1.0,2.0,3.0,11.775796560000106,1.296599999999998,33
619cdd8c45851b2ed24321bc,low_WSe2,1.0,2.0,3.0,11.770754119999982,1.3018,33
619cdd8c45851b2ed24321bd,low_WSe2,3.0,0.0,3.0,50.567054870000085,0.2544000000000004,33
619cdd8c45851b2ed24321be,low_WSe2,2.0,1.0,3.0,39.22599012000005,0.198500000000001,33
619cdd8c45851b2ed24321bf,low_WSe2,3.0,0.0,3.0,48.90001788999994,0.5961999999999996,33
619cdd8c45851b2ed24321c0,low_WSe2,2.0,1.0,3.0,39.23040461000009,0.1891999999999996,33
619cdd8c45851b2ed24321c1,low_WSe2,2.0,1.0,3.0,23.12460306999996,1.2820000000000036,33
619cdd8c45851b2ed24321c2,low_WSe2,2.0,1.0,3.0,23.05498683,1.1212000000000018,33
619cdd8c45851b2ed24321c3,low_WSe2,2.0,1.0,3.0,39.23810951,0.0959000000000003,33
619cdd8c45851b2ed24321c4,low_WSe2,1.0,2.0,3.0,11.757487229999914,1.3006000000000029,33
619cdd8c45851b2ed24321c5,low_WSe2,1.0,2.0,3.0,27.991572899999937,0.2630999999999996,33
619cdd8c45851b2ed24321c6,low_WSe2,1.0,2.0,3.0,27.99694795000005,0.2685999999999993,33
619cdd8c45851b2ed24321c7,low_WSe2,3.0,0.0,3.0,49.47076172000002,0.2187999999999998,33
619cdd8c45851b2ed24321c8,low_WSe2,2.0,1.0,3.0,39.21200965999997,0.1432999999999999,33
619cdd8c45851b2ed24321c9,low_WSe2,2.0,1.0,3.0,39.24148969000002,0.214500000000001,33
619cdd8c45851b2ed24321ca,low_WSe2,3.0,0.0,3.0,50.54517659000008,0.1536000000000008,33
619cdd8c45851b2ed24321cb,low_WSe2,2.0,1.0,3.0,37.58270889999999,0.6529999999999987,33
619cdd8c45851b2ed24321cc,low_WSe2,0.0,3.0,3.0,0.4286990499999206,1.8270000000000053,33
619cdd8c45851b2ed24321cd,low_WSe2,2.0,1.0,3.0,23.116722880000037,1.247799999999998,33
619cdd8c45851b2ed24321ce,low_WSe2,2.0,1.0,3.0,23.106333089999943,1.217100000000002,33
619cdd8c45851b2ed24321cf,low_WSe2,1.0,2.0,3.0,27.911817420000038,0.1956000000000006,33
619cdd8c45851b2ed24321d0,low_WSe2,0.0,3.0,3.0,0.429224529999999,1.8247,33
619cdd8c45851b2ed24321d1,low_WSe2,3.0,0.0,3.0,49.97355198,0.1907999999999994,33
619cdd8c45851b2ed24321d2,low_WSe2,2.0,1.0,3.0,39.23393319000006,0.2042999999999999,33
619cdd8c45851b2ed24321d3,low_WSe2,1.0,2.0,3.0,11.769956020000098,1.3033999999999963,33
619cdd8c45851b2ed24321d4,low_WSe2,3.0,0.0,3.0,50.57372593,0.1933999999999986,33
619cdd8c45851b2ed24321d5,low_WSe2,2.0,1.0,3.0,39.22050608999989,0.1488999999999993,33
619cdd8c45851b2ed24321d6,low_WSe2,2.0,1.0,3.0,39.20155643999992,0.1916999999999991,33
619cdd8c45851b2ed24321d7,low_WSe2,1.0,2.0,3.0,11.736487469999918,1.2967999999999975,33
619cdd8c45851b2ed24321d8,low_WSe2,1.0,2.0,3.0,27.998139060000085,0.2638999999999996,33
619cdd8c45851b2ed24321d9,low_WSe2,1.0,2.0,3.0,28.06457522000005,0.2836999999999996,33
619cdd8c45851b2ed24321da,low_WSe2,0.0,3.0,3.0,0.4294897300000571,1.833999999999996,33
619cdd8c45851b2ed24321db,low_WSe2,1.0,2.0,3.0,11.769672189999929,1.301400000000001,33
619cdd8c45851b2ed24321dc,low_WSe2,2.0,1.0,3.0,39.24808725999996,0.1940999999999988,33
619cdd8c45851b2ed24321dd,low_WSe2,3.0,0.0,3.0,49.93701130999998,0.1801999999999992,33
619cdd8c45851b2ed24321de,low_WSe2,0.0,3.0,3.0,0.4300868100000912,1.823999999999998,33
619cdd8c45851b2ed24321df,low_WSe2,1.0,2.0,3.0,11.758300140000063,1.2978000000000025,33
619cdd8c45851b2ed24321e0,low_WSe2,3.0,0.0,3.0,49.96071642999991,0.1869999999999994,33
619cdd8c45851b2ed24321e1,low_WSe2,2.0,1.0,3.0,23.10206158000009,1.2575999999999965,33
619cdd8c45851b2ed24321e2,low_WSe2,3.0,0.0,3.0,50.54076681999991,0.2171000000000003,33
619cdd8c45851b2ed24321e3,low_WSe2,2.0,1.0,3.0,39.23711075999999,0.2062999999999988,33
619cdd8c45851b2ed24321e4,low_WSe2,2.0,1.0,3.0,39.22961749999995,0.2179999999999999,33
619cdd8c45851b2ed24321e5,low_WSe2,0.0,3.0,3.0,0.4290054499999201,1.8239000000000016,33
619cdd8c45851b2ed24321e6,low_WSe2,1.0,2.0,3.0,27.99072595000007,0.2646000000000015,33
619cdd8c45851b2ed24321e7,low_WSe2,2.0,1.0,3.0,39.195014400000034,0.1828000000000003,33
619cdd8d45851b2ed24321e8,low_WSe2,2.0,1.0,3.0,37.57806983999994,0.654399999999999,33
619cdd8d45851b2ed24321e9,low_WSe2,3.0,0.0,3.0,50.529939460000016,0.2126999999999999,33
619cdd8d45851b2ed24321ea,low_WSe2,1.0,2.0,3.0,11.769017340000108,1.2993999999999986,33
619cdd8d45851b2ed24321eb,low_WSe2,1.0,2.0,3.0,28.001534669999955,0.2584999999999997,33
619cdd8d45851b2ed24321ec,low_WSe2,1.0,2.0,3.0,11.763731649999944,1.2980000000000018,33
619cdd8d45851b2ed24321ed,low_WSe2,3.0,0.0,3.0,50.48172615999997,0.2260999999999988,33
619cdd8d45851b2ed24321ee,low_WSe2,2.0,1.0,3.0,39.23492304999995,0.1982999999999997,33
619cdd8d45851b2ed24321ef,low_WSe2,3.0,0.0,3.0,48.922400660000086,0.6046999999999993,33
619cdd8d45851b2ed24321f0,low_WSe2,1.0,2.0,3.0,11.78669917000001,1.270399999999995,33
619cdd8d45851b2ed24321f1,low_WSe2,2.0,1.0,3.0,39.235536499999895,0.2014999999999993,33
619cdd8d45851b2ed24321f2,low_WSe2,2.0,1.0,3.0,39.19292870000008,0.216099999999999,33
619cdd8d45851b2ed24321f3,low_WSe2,2.0,1.0,3.0,39.26680194999999,0.1792999999999995,33
619cdd8d45851b2ed24321f4,low_WSe2,2.0,1.0,3.0,23.12683653999992,1.2628000000000057,33
619cdd8d45851b2ed24321f5,low_WSe2,2.0,1.0,3.0,39.24199200999992,0.1953999999999993,33
619cdd8d45851b2ed24321f6,low_WSe2,2.0,1.0,3.0,23.25130500999993,0.8547999999999973,33
619cdd8d45851b2ed24321f7,low_WSe2,3.0,0.0,3.0,48.91103549,0.6082999999999998,33
619cdd8d45851b2ed24321f8,low_WSe2,1.0,2.0,3.0,11.783561429999953,1.2894000000000003,33
619cdd8d45851b2ed24321f9,low_WSe2,0.0,3.0,3.0,0.4315556599999013,1.8286999999999975,33
619cdd8d45851b2ed24321fa,low_WSe2,1.0,2.0,3.0,27.91990424000005,0.2033000000000004,33
619cdd8d45851b2ed24321fb,low_WSe2,2.0,1.0,3.0,23.10229248999989,1.2815000000000012,33
619cdd8d45851b2ed24321fc,low_WSe2,3.0,0.0,3.0,50.49028624999992,0.1964000000000005,33
619cdd8d45851b2ed24321fd,low_WSe2,2.0,1.0,3.0,23.104132870000093,1.2182999999999993,33
619cdd8d45851b2ed24321fe,low_WSe2,2.0,1.0,3.0,23.26896164000008,0.8562999999999974,33
619cdd8d45851b2ed24321ff,low_WSe2,2.0,1.0,3.0,38.64421767000003,0.1836999999999999,33
619cdd8d45851b2ed2432200,low_WSe2,3.0,0.0,3.0,48.91020805000003,0.5911000000000008,33
619cdd8d45851b2ed2432201,low_WSe2,2.0,1.0,3.0,39.22823275,0.2159999999999993,33
619cdd8d45851b2ed2432202,low_WSe2,1.0,2.0,3.0,27.91043884999999,0.1940000000000008,33
619cdd8d45851b2ed2432203,low_WSe2,0.0,3.0,3.0,0.4337901400000987,1.821799999999996,33
619cdd8d45851b2ed2432204,low_WSe2,2.0,1.0,3.0,23.153566750000017,1.1799000000000035,33
619cdd8d45851b2ed2432205,low_WSe2,3.0,0.0,3.0,50.55573902999991,0.1930000000000014,33
619cdd8d45851b2ed2432206,low_WSe2,2.0,1.0,3.0,23.11699305999995,1.273299999999999,33
619cdd8d45851b2ed2432207,low_WSe2,1.0,2.0,3.0,11.764959269999952,1.299199999999999,33
619cdd8d45851b2ed2432208,low_WSe2,1.0,2.0,3.0,11.76439267999989,1.2973,33
619cdd8d45851b2ed2432209,low_WSe2,1.0,2.0,3.0,11.77343840000002,1.303200000000004,33
619cdd8d45851b2ed243220a,low_WSe2,1.0,2.0,3.0,27.91665128999989,0.198500000000001,33
619cdd8d45851b2ed243220b,low_WSe2,0.0,2.0,2.0,-3.3198897900000937,1.8682000000000016,34
619cdd8d45851b2ed243220c,low_WSe2,0.0,3.0,3.0,0.432051299999955,1.816600000000001,33
619cdd8d45851b2ed243220d,low_WSe2,2.0,1.0,3.0,23.09702451000002,1.2804000000000002,33
619cdd8d45851b2ed243220e,low_WSe2,1.0,2.0,3.0,11.783711490000076,1.2736000000000018,33
619cdd8d45851b2ed243220f,low_WSe2,2.0,1.0,3.0,23.092830979999952,1.2441999999999993,33
619cdd8d45851b2ed2432210,low_WSe2,2.0,1.0,3.0,39.23739071999994,0.2019000000000002,33
619cdd8d45851b2ed2432211,low_WSe2,0.0,3.0,3.0,0.4269204399999466,1.826499999999996,33
619cdd8d45851b2ed2432212,low_WSe2,2.0,1.0,3.0,23.10705443999999,1.2790999999999997,33
619cdd8d45851b2ed2432213,low_WSe2,1.0,2.0,3.0,11.764647819999926,1.3019999999999996,33
619cdd8d45851b2ed2432214,low_WSe2,0.0,3.0,3.0,0.4549085400000763,1.827300000000001,33
619cdd8d45851b2ed2432215,low_WSe2,1.0,2.0,3.0,11.786885449999987,1.2942999999999998,33
619cdd8d45851b2ed2432216,low_WSe2,2.0,1.0,3.0,39.244083020000105,0.1440000000000001,33
619cdd8d45851b2ed2432217,low_WSe2,3.0,0.0,3.0,50.62331961999994,0.2705999999999999,33
619cdd8d45851b2ed2432218,low_WSe2,2.0,1.0,3.0,23.12649556,1.2789999999999964,33
619cdd8d45851b2ed2432219,low_WSe2,2.0,1.0,3.0,39.21366951000009,0.1831999999999993,33
619cdd8d45851b2ed243221a,low_WSe2,1.0,2.0,3.0,11.761577729999988,1.3067999999999955,33
619cdd8d45851b2ed243221b,low_WSe2,2.0,1.0,3.0,23.14915118999992,1.180099999999996,33
619cdd8d45851b2ed243221c,low_WSe2,2.0,1.0,3.0,23.09584947000011,1.272599999999997,33
619cdd8d45851b2ed243221d,low_WSe2,2.0,1.0,3.0,39.27222760999989,0.2595000000000009,33
619cdd8d45851b2ed243221e,low_WSe2,2.0,1.0,3.0,23.142384049999954,1.1799999999999995,33
619cdd8d45851b2ed243221f,low_WSe2,0.0,2.0,2.0,2.0902711300000423,1.837299999999999,34
619cdd8d45851b2ed2432220,low_WSe2,1.0,2.0,3.0,11.773635289999891,1.2988999999999962,33
619cdd8d45851b2ed2432221,low_WSe2,2.0,1.0,3.0,39.259975140000094,0.1916000000000011,33
619cdd8d45851b2ed2432222,low_WSe2,2.0,1.0,3.0,23.12109919000003,1.2660000000000051,33
619cdd8d45851b2ed2432223,low_WSe2,1.0,2.0,3.0,11.774922060000096,1.2956000000000003,33
619cdd8d45851b2ed2432224,low_WSe2,1.0,2.0,3.0,11.763586329999942,1.2959999999999994,33
619cdd8d45851b2ed2432225,low_WSe2,3.0,0.0,3.0,50.57951373000001,0.1683000000000003,33
619cdd8d45851b2ed2432226,low_WSe2,1.0,2.0,3.0,11.76752323000004,1.2977999999999952,33
619cdd8d45851b2ed2432227,low_WSe2,2.0,1.0,3.0,39.3338773599999,0.2456999999999993,33
619cdd8d45851b2ed2432228,low_WSe2,2.0,1.0,3.0,38.589310970000085,0.1609999999999996,33
619cdd8d45851b2ed2432229,low_WSe2,0.0,3.0,3.0,0.4294448200000147,1.8240000000000047,33
619cdd8d45851b2ed243222a,low_WSe2,0.0,3.0,3.0,0.4276540499999441,1.8223000000000056,33
619cdd8d45851b2ed243222b,low_WSe2,2.0,1.0,3.0,23.107891299999928,1.278500000000001,33
619cdd8d45851b2ed243222c,low_WSe2,2.0,1.0,3.0,23.10379874000004,1.2573000000000008,33
619cdd8d45851b2ed243222d,low_WSe2,3.0,0.0,3.0,50.5919266899999,0.1999000000000013,33
619cdd8d45851b2ed243222e,low_WSe2,3.0,0.0,3.0,49.95226239999997,0.1827000000000005,33
619cdd8d45851b2ed243222f,low_WSe2,1.0,2.0,3.0,11.77491256999996,1.2826999999999984,33
619cdd8d45851b2ed2432230,low_WSe2,1.0,2.0,3.0,11.768803240000114,1.299500000000002,33
619cdd8d45851b2ed2432231,low_WSe2,2.0,1.0,3.0,39.22924624000011,0.1478000000000001,33
619cdd8d45851b2ed2432232,low_WSe2,3.0,0.0,3.0,50.55645407999996,0.2033000000000004,33
619cdd8d45851b2ed2432233,low_WSe2,2.0,1.0,3.0,38.63206470000004,0.1894999999999989,33
619cdd8d45851b2ed2432234,low_WSe2,2.0,1.0,3.0,39.23506860000002,0.2020999999999997,33
619cdd8d45851b2ed2432235,low_WSe2,1.0,2.0,3.0,27.99617749000004,0.2660999999999998,33
619cdd8d45851b2ed2432236,low_WSe2,0.0,3.0,3.0,0.4278316100000552,1.8253000000000057,33
619cdd8d45851b2ed2432237,low_WSe2,1.0,2.0,3.0,27.917108439999996,0.1974,33
619cdd8d45851b2ed2432238,low_WSe2,0.0,3.0,3.0,0.4301807300000178,1.813600000000001,33
619cdd8d45851b2ed2432239,low_WSe2,2.0,1.0,3.0,23.137279869999965,1.1407999999999987,33
619cdd8d45851b2ed243223a,low_WSe2,1.0,2.0,3.0,11.759412679999958,1.2997999999999976,33
619cdd8d45851b2ed243223b,low_WSe2,0.0,3.0,3.0,0.4542032000001086,1.8294000000000068,33
619cdd8d45851b2ed243223c,low_WSe2,2.0,1.0,3.0,39.26198907000007,0.2472999999999992,33
619cdd8e45851b2ed243223d,low_WSe2,0.0,3.0,3.0,0.4300321499999313,1.8292,33
619cdd8e45851b2ed243223e,low_WSe2,2.0,1.0,3.0,23.104947970000048,1.2686999999999955,33
619cdd8e45851b2ed243223f,low_WSe2,2.0,1.0,3.0,23.27400459000004,0.8604999999999947,33
619cdd8e45851b2ed2432240,low_WSe2,2.0,1.0,3.0,39.23157975000008,0.1852,33
619cdd8e45851b2ed2432241,low_WSe2,2.0,1.0,3.0,23.03696891000008,1.1213999999999942,33
619cdd8e45851b2ed2432242,low_WSe2,2.0,1.0,3.0,39.26465293999995,0.1919000000000004,33
619cdd8e45851b2ed2432243,low_WSe2,1.0,2.0,3.0,27.940140380000003,0.1798999999999999,33
619cdd8e45851b2ed2432244,low_WSe2,2.0,1.0,3.0,39.2336034800001,0.2162000000000006,33
619cdd8e45851b2ed2432245,low_WSe2,1.0,2.0,3.0,28.05127156999993,0.2520000000000006,33
619cdd8e45851b2ed2432246,low_WSe2,1.0,2.0,3.0,11.753920610000012,1.2938000000000045,33
619cdd8e45851b2ed2432247,low_WSe2,1.0,2.0,3.0,27.91728663999993,0.1973000000000002,33
619cdd8e45851b2ed2432248,low_WSe2,1.0,2.0,3.0,11.775956019999956,1.1612999999999971,33
619cdd8e45851b2ed2432249,low_WSe2,1.0,2.0,3.0,27.910562020000043,0.1974999999999998,33
619cdd8e45851b2ed243224a,low_WSe2,2.0,1.0,3.0,39.25364102999997,0.1905000000000001,33
619cdd8e45851b2ed243224b,low_WSe2,2.0,1.0,3.0,23.13528141999999,1.1550999999999974,33
619cdd8e45851b2ed243224c,low_WSe2,1.0,2.0,3.0,11.76672209000002,1.293299999999995,33
619cdd8e45851b2ed243224d,low_WSe2,1.0,2.0,3.0,27.92370404999997,0.1918000000000006,33
619cdd8e45851b2ed243224e,low_WSe2,2.0,1.0,3.0,39.28423417999993,0.1620000000000008,33
619cdd8e45851b2ed243224f,low_WSe2,0.0,3.0,3.0,0.4328041200000712,1.8188999999999995,33
619cdd8e45851b2ed2432250,low_WSe2,2.0,1.0,3.0,39.34082870999991,0.2672999999999987,33
619cdd8e45851b2ed2432251,low_WSe2,2.0,1.0,3.0,23.128096350000117,1.2848000000000042,33
619cdd8e45851b2ed2432252,low_WSe2,0.0,3.0,3.0,0.4364236900000264,1.8238000000000056,33
619cdd8e45851b2ed2432253,low_WSe2,2.0,1.0,3.0,39.39090089000005,0.2972999999999999,33
619cdd8e45851b2ed2432254,low_WSe2,1.0,2.0,3.0,27.923326769999903,0.1891999999999996,33
619cdd8e45851b2ed2432255,low_WSe2,1.0,1.0,2.0,8.027545280000027,1.2867999999999995,34
619cdd8e45851b2ed2432256,low_WSe2,2.0,1.0,3.0,23.14000943,1.2760999999999996,33
619cdd8e45851b2ed2432257,low_WSe2,2.0,1.0,3.0,23.09682096000009,1.2576999999999998,33
619cdd8e45851b2ed2432258,low_WSe2,3.0,0.0,3.0,48.90526562,0.6179000000000006,33
619cdd8e45851b2ed2432259,low_WSe2,2.0,1.0,3.0,38.63047179999994,0.1946999999999992,33
619cdd8e45851b2ed243225a,low_WSe2,2.0,1.0,3.0,39.28793028,0.139899999999999,33
619cdd8e45851b2ed243225b,low_WSe2,1.0,2.0,3.0,11.76730741999994,1.2941000000000005,33
619cdd8e45851b2ed243225c,low_WSe2,1.0,2.0,3.0,11.773959849999972,1.2817000000000007,33
619cdd8e45851b2ed243225d,low_WSe2,2.0,1.0,3.0,22.9756365000001,1.1143999999999965,33
619cdd8e45851b2ed243225e,low_WSe2,2.0,1.0,3.0,39.243155380000005,0.2162000000000006,33
619cdd8e45851b2ed243225f,low_WSe2,1.0,2.0,3.0,28.00185787000009,0.2642999999999986,33
619cdd8e45851b2ed2432260,low_WSe2,2.0,1.0,3.0,23.106451760000063,1.2579000000000065,33
619cdd8e45851b2ed2432261,low_WSe2,1.0,2.0,3.0,11.753664040000093,1.2968000000000046,33
619cdd8e45851b2ed2432262,low_WSe2,1.0,2.0,3.0,27.99567679999996,0.2688000000000006,33
619cdd8e45851b2ed2432263,low_WSe2,1.0,2.0,3.0,11.76720066000006,1.2988,33
619cdd8e45851b2ed2432264,low_WSe2,1.0,1.0,2.0,29.66026130000008,0.2635000000000005,34
619cdd8e45851b2ed2432265,low_WSe2,1.0,2.0,3.0,11.792074059999994,1.1578000000000015,33
619cdd8e45851b2ed2432266,low_WSe2,1.0,2.0,3.0,11.746679470000108,1.2992999999999952,33
619cdd8e45851b2ed2432267,low_WSe2,1.0,2.0,3.0,28.004333159999987,0.2599999999999998,33
619cdd8e45851b2ed2432268,low_WSe2,0.0,3.0,3.0,0.4292032600000652,1.8249000000000064,33
619cdd8e45851b2ed2432269,low_WSe2,1.0,2.0,3.0,11.769037960000096,1.3016000000000003,33
619cdd8e45851b2ed243226a,low_WSe2,1.0,2.0,3.0,28.05017358000009,0.2226999999999996,33
619cdd8e45851b2ed243226b,low_WSe2,1.0,2.0,3.0,11.76930231999994,1.3027000000000015,33
619cdd8e45851b2ed243226c,low_WSe2,1.0,2.0,3.0,27.928879999999936,0.187800000000001,33
619cdd8e45851b2ed243226d,low_WSe2,2.0,1.0,3.0,39.2389590400001,0.2002000000000006,33
619cdd8e45851b2ed243226e,low_WSe2,1.0,2.0,3.0,11.777357160000054,1.3023000000000025,33
619cdd8e45851b2ed243226f,low_WSe2,1.0,2.0,3.0,27.921222940000007,0.2005999999999996,33
619cdd8e45851b2ed2432270,low_WSe2,2.0,1.0,3.0,23.08969443999994,1.268900000000002,33
619cdd8e45851b2ed2432271,low_WSe2,3.0,0.0,3.0,50.548311760000026,0.2136999999999993,33
619cdd8e45851b2ed2432272,low_WSe2,0.0,3.0,3.0,0.428344260000074,1.828000000000003,33
619cdd8e45851b2ed2432273,low_WSe2,0.0,3.0,3.0,0.4281398899999544,1.8277999999999963,33
619cdd8e45851b2ed2432274,low_WSe2,1.0,2.0,3.0,11.767657189999898,1.2975999999999956,33
619cdd8e45851b2ed2432275,low_WSe2,2.0,1.0,3.0,39.23388750000008,0.2075999999999993,33
619cdd8e45851b2ed2432276,low_WSe2,3.0,0.0,3.0,49.9539688599999,0.1829999999999998,33
619cdd8e45851b2ed2432277,low_WSe2,2.0,1.0,3.0,39.238539750000015,0.2179000000000002,33
619cdd8e45851b2ed2432278,low_WSe2,1.0,1.0,2.0,13.420751790000011,1.3016999999999967,34
619cdd8e45851b2ed2432279,low_WSe2,1.0,2.0,3.0,11.782562309999992,1.2813000000000017,33
619cdd8e45851b2ed243227a,low_WSe2,0.0,3.0,3.0,0.4319490199999904,1.8145000000000024,33
619cdd8e45851b2ed243227b,low_WSe2,0.0,3.0,3.0,0.429599929999938,1.832699999999996,33
619cdd8e45851b2ed243227c,low_WSe2,3.0,0.0,3.0,50.70934431999999,0.2681000000000004,33
619cdd8e45851b2ed243227d,low_WSe2,2.0,1.0,3.0,23.04200207000012,1.1234000000000035,33
619cdd8e45851b2ed243227e,low_WSe2,2.0,1.0,3.0,23.123885060000056,1.255200000000002,33
619cdd8e45851b2ed243227f,low_WSe2,3.0,0.0,3.0,50.66180433999998,0.2705999999999999,33
619cdd8e45851b2ed2432280,low_WSe2,0.0,3.0,3.0,0.427681340000106,1.8258999999999967,33
619cdd8e45851b2ed2432281,low_WSe2,0.0,3.0,3.0,0.4290964799999415,1.8260000000000003,33
619cdd8e45851b2ed2432282,low_WSe2,1.0,2.0,3.0,11.78501957000002,1.1582000000000008,33
619cdd8e45851b2ed2432283,low_WSe2,3.0,0.0,3.0,50.55314327999995,0.2056000000000004,33
619cdd8e45851b2ed2432284,low_WSe2,1.0,2.0,3.0,28.001101240000025,0.2652999999999998,33
619cdd8e45851b2ed2432285,low_WSe2,2.0,1.0,3.0,39.201401419999954,0.1903000000000005,33
619cdd8e45851b2ed2432286,low_WSe2,1.0,2.0,3.0,11.75211661000002,1.3027000000000015,33
619cdd8e45851b2ed2432287,low_WSe2,2.0,1.0,3.0,23.1129765399999,1.2862999999999971,33
619cdd8e45851b2ed2432288,low_WSe2,1.0,2.0,3.0,11.787438349999992,1.271799999999999,33
619cdd8e45851b2ed2432289,low_WSe2,1.0,2.0,3.0,27.91920944000003,0.1905999999999998,33
619cdd8e45851b2ed243228a,low_WSe2,1.0,2.0,3.0,11.76764651999996,1.2985000000000042,33
619cdd8e45851b2ed243228b,low_WSe2,2.0,1.0,3.0,39.243911079999904,0.1930999999999993,33
619cdd8e45851b2ed243228c,low_WSe2,2.0,1.0,3.0,39.23436978999989,0.1509,33
619cdd8e45851b2ed243228d,low_WSe2,0.0,3.0,3.0,0.4302035099998988,1.8320000000000007,33
619cdd8e45851b2ed243228e,low_WSe2,2.0,1.0,3.0,23.159897300000047,1.1766999999999967,33
619cdd8e45851b2ed243228f,low_WSe2,3.0,0.0,3.0,50.55008280999992,0.2123999999999988,33
619cdd8e45851b2ed2432290,low_WSe2,1.0,2.0,3.0,27.924319879999985,0.1909999999999989,33
619cdd8e45851b2ed2432291,low_WSe2,2.0,1.0,3.0,39.24155926999997,0.2008000000000009,33
619cdd8f45851b2ed2432292,low_WSe2,1.0,2.0,3.0,27.912843820000035,0.1932999999999989,33
619cdd8f45851b2ed2432293,low_WSe2,1.0,2.0,3.0,11.752808360000008,1.2942000000000036,33
619cdd8f45851b2ed2432294,low_WSe2,2.0,1.0,3.0,23.11896396000001,1.2839000000000027,33
619cdd8f45851b2ed2432295,low_WSe2,0.0,3.0,3.0,0.4294421100000249,1.8294,33
619cdd8f45851b2ed2432296,low_WSe2,0.0,3.0,3.0,0.4575846399999932,1.828800000000001,33
619cdd8f45851b2ed2432297,low_WSe2,2.0,1.0,3.0,23.118599969999917,1.140500000000003,33
619cdd8f45851b2ed2432298,low_WSe2,2.0,1.0,3.0,39.209449969999966,0.1839000000000012,33
619cdd8f45851b2ed2432299,low_WSe2,1.0,2.0,3.0,27.906705930000044,0.1966999999999998,33
619cdd8f45851b2ed243229a,low_WSe2,0.0,3.0,3.0,0.4281002100000819,1.8255000000000048,33
619cdd8f45851b2ed243229b,low_WSe2,1.0,2.0,3.0,27.91733318000001,0.1875999999999997,33
619cdd8f45851b2ed243229c,low_WSe2,2.0,1.0,3.0,39.22329954000001,0.1896000000000004,33
619cdd8f45851b2ed243229d,low_WSe2,2.0,1.0,3.0,37.58719419999993,0.6516000000000002,33
619cdd8f45851b2ed243229e,low_WSe2,1.0,2.0,3.0,27.919617830000107,0.1881000000000003,33
619cdd8f45851b2ed243229f,low_WSe2,0.0,3.0,3.0,0.4259252100000026,1.826100000000004,33
619cdd8f45851b2ed24322a0,low_WSe2,3.0,0.0,3.0,50.590471500000014,0.1999999999999993,33
619cdd8f45851b2ed24322a1,low_WSe2,2.0,1.0,3.0,39.23617941000002,0.2171000000000003,33
619cdd8f45851b2ed24322a2,low_WSe2,2.0,1.0,3.0,23.27367828000005,0.8562999999999974,33
619cdd8f45851b2ed24322a3,low_WSe2,3.0,0.0,3.0,49.96631067999997,0.1889000000000003,33
619cdd8f45851b2ed24322a4,low_WSe2,1.0,2.0,3.0,28.061661189999995,0.2797,33
619cdd8f45851b2ed24322a5,low_WSe2,3.0,0.0,3.0,50.49982787999998,0.1463999999999998,33
619cdd8f45851b2ed24322a6,low_WSe2,2.0,1.0,3.0,23.12389254999997,1.274000000000001,33
619cdd8f45851b2ed24322a7,low_WSe2,2.0,1.0,3.0,23.135625229999995,1.239200000000004,33
619cdd8f45851b2ed24322a8,low_WSe2,2.0,1.0,3.0,23.102429719999957,1.2603000000000009,33
619cdd8f45851b2ed24322a9,low_WSe2,3.0,0.0,3.0,49.45604459000001,0.1640999999999994,33
619cdd8f45851b2ed24322aa,low_WSe2,2.0,1.0,3.0,38.651177830000094,0.1967999999999996,33
619cdd8f45851b2ed24322ab,low_WSe2,2.0,1.0,3.0,39.24863377999991,0.1806999999999998,33
619cdd8f45851b2ed24322ac,low_WSe2,1.0,2.0,3.0,11.771979419999967,1.3036999999999992,33
619cdd8f45851b2ed24322ad,low_WSe2,1.0,2.0,3.0,11.766841599999896,1.2952999999999977,33
619cdd8f45851b2ed24322ae,low_WSe2,2.0,1.0,3.0,23.124949940000118,1.2849000000000004,33
619cdd8f45851b2ed24322af,low_WSe2,0.0,3.0,3.0,0.432058060000088,1.8259000000000043,33
619cdd8f45851b2ed24322b0,low_WSe2,2.0,1.0,3.0,23.10729794000012,1.245899999999999,33
619cdd8f45851b2ed24322b1,low_WSe2,2.0,1.0,3.0,39.23067193999991,0.1996000000000002,33
619cdd8f45851b2ed24322b2,low_WSe2,1.0,2.0,3.0,11.771727159999944,1.3005999999999958,33
619cdd8f45851b2ed24322b3,low_WSe2,0.0,3.0,3.0,0.4272849900000324,1.8238000000000056,33
619cdd8f45851b2ed24322b4,low_WSe2,2.0,1.0,3.0,37.56938113000005,0.6550000000000011,33
619cdd8f45851b2ed24322b5,low_WSe2,1.0,2.0,3.0,27.922431060000008,0.2015000000000011,33
619cdd8f45851b2ed24322b6,low_WSe2,2.0,1.0,3.0,23.078508039999896,1.2449000000000012,33
619cdd8f45851b2ed24322b7,low_WSe2,2.0,1.0,3.0,23.128528530000075,1.138300000000001,33
619cdd8f45851b2ed24322b8,low_WSe2,2.0,1.0,3.0,39.23691433999993,0.1951,33
619cdd8f45851b2ed24322b9,low_WSe2,1.0,2.0,3.0,11.77722902000004,1.3009999999999948,33
619cdd8f45851b2ed24322ba,low_WSe2,0.0,3.0,3.0,0.4379228699999089,1.8267999999999984,33
619cdd8f45851b2ed24322bb,low_WSe2,2.0,1.0,3.0,39.24652784000004,0.1926999999999985,33
619cdd8f45851b2ed24322bc,low_WSe2,1.0,2.0,3.0,27.913817599999906,0.1877000000000013,33
619cdd8f45851b2ed24322bd,low_WSe2,1.0,2.0,3.0,11.770624790000046,1.2926000000000002,33
619cdd8f45851b2ed24322be,low_WSe2,3.0,0.0,3.0,49.95453910999991,0.1923999999999992,33
619cdd8f45851b2ed24322bf,low_WSe2,2.0,1.0,3.0,39.24349005999993,0.1872999999999987,33
619cdd8f45851b2ed24322c0,low_WSe2,0.0,3.0,3.0,0.428817350000088,1.8273999999999968,33
619cdd8f45851b2ed24322c1,low_WSe2,1.0,2.0,3.0,11.77198705999989,1.3015000000000043,33
619cdd8f45851b2ed24322c2,low_WSe2,2.0,1.0,3.0,39.26332686999994,0.1893999999999991,33
619cdd8f45851b2ed24322c3,low_WSe2,1.0,2.0,3.0,11.789524060000064,1.1574000000000026,33
619cdd8f45851b2ed24322c4,low_WSe2,3.0,0.0,3.0,48.90742641000006,0.6063999999999989,33
619cdd8f45851b2ed24322c5,low_WSe2,1.0,2.0,3.0,11.755576850000114,1.2997000000000014,33
619cdd8f45851b2ed24322c6,low_WSe2,0.0,3.0,3.0,0.4291674499999658,1.8295999999999992,33
619cdd8f45851b2ed24322c7,low_WSe2,0.0,3.0,3.0,0.4537750700000629,1.827600000000004,33
619cdd8f45851b2ed24322c8,low_WSe2,1.0,2.0,3.0,11.758188479999934,1.302399999999999,33
619cdd8f45851b2ed24322c9,low_WSe2,1.0,2.0,3.0,27.99946761000001,0.2622999999999997,33
619cdd8f45851b2ed24322ca,low_WSe2,1.0,2.0,3.0,27.928370520000044,0.1900999999999992,33
619cdd8f45851b2ed24322cb,low_WSe2,1.0,2.0,3.0,11.76465677000009,1.3024999999999949,33
619cdd8f45851b2ed24322cc,low_WSe2,3.0,0.0,3.0,50.59376235,0.2186000000000003,33
619cdd8f45851b2ed24322cd,low_WSe2,2.0,1.0,3.0,23.130049489999955,1.1593000000000018,33
619cdd8f45851b2ed24322ce,low_WSe2,2.0,1.0,3.0,39.23617588000006,0.2065000000000001,33
619cdd8f45851b2ed24322cf,low_WSe2,1.0,2.0,3.0,11.749393990000032,1.2953000000000046,33
619cdd8f45851b2ed24322d0,low_WSe2,2.0,1.0,3.0,23.2737070399999,0.857200000000006,33
619cdd8f45851b2ed24322d1,low_WSe2,1.0,2.0,3.0,11.684021779999956,1.3038999999999987,33
619cdd8f45851b2ed24322d2,low_WSe2,1.0,2.0,3.0,27.92700104000005,0.1827000000000005,33
619cdd8f45851b2ed24322d3,low_WSe2,1.0,2.0,3.0,11.770988579999983,1.2927000000000035,33
619cdd8f45851b2ed24322d4,low_WSe2,1.0,2.0,3.0,27.91426825999997,0.1945999999999994,33
619cdd8f45851b2ed24322d5,low_WSe2,0.0,3.0,3.0,0.4296484999999279,1.8285999999999945,33
619cdd8f45851b2ed24322d6,low_WSe2,2.0,1.0,3.0,23.12572722999997,1.273699999999998,33
619cdd8f45851b2ed24322d7,low_WSe2,1.0,2.0,3.0,27.99815446999992,0.2623999999999995,33
619cdd8f45851b2ed24322d8,low_WSe2,2.0,1.0,3.0,23.119525240000065,1.2657999999999987,33
619cdd8f45851b2ed24322d9,low_WSe2,1.0,2.0,3.0,11.763444740000056,1.296999999999997,33
619cdd8f45851b2ed24322da,low_WSe2,1.0,2.0,3.0,27.92838473999996,0.1887000000000007,33
619cdd8f45851b2ed24322db,low_WSe2,2.0,1.0,3.0,39.2351526800001,0.2703000000000006,33
619cdd8f45851b2ed24322dc,low_WSe2,2.0,1.0,3.0,23.094136160000097,1.2457999999999956,33
619cdd8f45851b2ed24322dd,low_WSe2,2.0,1.0,3.0,39.254972270000096,0.1968000000000014,33
619cdd8f45851b2ed24322de,low_WSe2,2.0,1.0,3.0,23.09935694000004,1.2443999999999988,33
619cdd8f45851b2ed24322df,low_WSe2,2.0,1.0,3.0,39.24889616,0.193900000000001,33
619cdd8f45851b2ed24322e0,low_WSe2,3.0,0.0,3.0,50.56137509000005,0.1555999999999997,33
619cdd8f45851b2ed24322e1,low_WSe2,3.0,0.0,3.0,50.72717436000003,0.1867999999999998,33
619cdd8f45851b2ed24322e2,low_WSe2,1.0,2.0,3.0,27.91039206000005,0.1952999999999995,33
619cdd8f45851b2ed24322e3,low_WSe2,1.0,2.0,3.0,11.771292310000025,1.2979999999999947,33
619cdd8f45851b2ed24322e4,low_WSe2,3.0,0.0,3.0,50.56660578000001,0.1547,33
619cdd8f45851b2ed24322e5,low_WSe2,1.0,2.0,3.0,28.062041390000104,0.2839999999999989,33
619cdd8f45851b2ed24322e6,low_WSe2,3.0,0.0,3.0,50.49732200999993,0.2317999999999997,33
619cdd9045851b2ed24322e7,low_WSe2,2.0,1.0,3.0,39.25279890000006,0.1947000000000009,33
619cdd9045851b2ed24322e8,low_WSe2,1.0,2.0,3.0,27.923414970000067,0.1902000000000008,33
619cdd9045851b2ed24322e9,low_WSe2,1.0,2.0,3.0,11.755309720000003,1.3005999999999958,33
619cdd9045851b2ed24322ea,low_WSe2,1.0,2.0,3.0,28.055937679999943,0.2765999999999984,33
619cdd9045851b2ed24322eb,low_WSe2,2.0,1.0,3.0,23.11537733999993,1.2768000000000015,33
619cdd9045851b2ed24322ec,low_WSe2,2.0,1.0,3.0,39.207524310000096,0.2020999999999997,33
619cdd9045851b2ed24322ed,low_WSe2,1.0,2.0,3.0,11.756093299999964,1.3025999999999982,33
619cdd9045851b2ed24322ee,low_WSe2,2.0,1.0,3.0,39.158933949999934,0.1997999999999997,33
619cdd9045851b2ed24322ef,low_WSe2,1.0,2.0,3.0,27.913327179999897,0.1899999999999995,33
619cdd9045851b2ed24322f0,low_WSe2,2.0,1.0,3.0,23.037699340000053,1.119100000000003,33
619cdd9045851b2ed24322f1,low_WSe2,2.0,1.0,3.0,23.109228849999944,1.2698999999999998,33
619cdd9045851b2ed24322f2,low_WSe2,1.0,2.0,3.0,27.998001539999905,0.2647999999999992,33
619cdd9045851b2ed24322f3,low_WSe2,1.0,2.0,3.0,11.756764949999924,1.302500000000002,33
619cdd9045851b2ed24322f4,low_WSe2,1.0,2.0,3.0,11.767500740000049,1.283699999999996,33
619cdd9045851b2ed24322f5,low_WSe2,1.0,2.0,3.0,11.769747759999962,1.2961000000000027,33
619cdd9045851b2ed24322f6,low_WSe2,1.0,2.0,3.0,11.773026930000004,1.2848000000000042,33
619cdd9045851b2ed24322f7,low_WSe2,1.0,2.0,3.0,27.88016334000008,0.1760999999999999,33
619cdd9045851b2ed24322f8,low_WSe2,2.0,1.0,3.0,39.204659589999935,0.2067000000000014,33
619cdd9045851b2ed24322f9,low_WSe2,1.0,2.0,3.0,11.769449399999974,1.2956000000000003,33
619cdd9045851b2ed24322fa,low_WSe2,1.0,2.0,3.0,11.770335050000076,1.2954000000000008,33
619cdd9045851b2ed24322fb,low_WSe2,1.0,2.0,3.0,27.927626319999945,0.1897999999999999,33
619cdd9045851b2ed24322fc,low_WSe2,2.0,1.0,3.0,39.23893114999992,0.202300000000001,33
619cdd9045851b2ed24322fd,low_WSe2,1.0,2.0,3.0,11.772012959999971,1.3046000000000006,33
619cdd9045851b2ed24322fe,low_WSe2,2.0,1.0,3.0,39.25064976000003,0.1967999999999996,33
619cdd9045851b2ed24322ff,low_WSe2,1.0,2.0,3.0,11.789155919999974,1.159399999999998,33
619cdd9045851b2ed2432300,low_WSe2,3.0,0.0,3.0,50.62464306000002,0.1875,33
619cdd9045851b2ed2432301,low_WSe2,1.0,2.0,3.0,11.785082959999944,1.2973,33
619cdd9045851b2ed2432302,low_WSe2,2.0,1.0,3.0,39.258938660000055,0.1755999999999993,33
619cdd9045851b2ed2432303,low_WSe2,2.0,1.0,3.0,39.22810069999996,0.1443999999999992,33
619cdd9045851b2ed2432304,low_WSe2,2.0,1.0,3.0,23.11382368999993,1.2817000000000007,33
619cdd9045851b2ed2432305,low_WSe2,0.0,3.0,3.0,0.4282250600001021,1.823499999999996,33
619cdd9045851b2ed2432306,low_WSe2,2.0,1.0,3.0,39.10878832999997,0.204600000000001,33
619cdd9045851b2ed2432307,low_WSe2,2.0,1.0,3.0,23.124498500000108,1.2783000000000015,33
619cdd9045851b2ed2432308,low_WSe2,0.0,3.0,3.0,0.4361258600001179,1.8285999999999945,33
619cdd9045851b2ed2432309,low_WSe2,2.0,1.0,3.0,39.18240924999991,0.2077000000000008,33
619cdd9045851b2ed243230a,low_WSe2,1.0,2.0,3.0,28.04987103000008,0.2144999999999992,33
619cdd9045851b2ed243230b,low_WSe2,2.0,1.0,3.0,23.121001990000003,1.2697000000000005,33
619cdd9045851b2ed243230c,low_WSe2,0.0,3.0,3.0,0.4375682900001152,1.8352999999999968,33
619cdd9045851b2ed243230d,low_WSe2,1.0,2.0,3.0,11.785036149999986,1.2712000000000003,33
619cdd9045851b2ed243230e,low_WSe2,2.0,1.0,3.0,39.23830243000002,0.2043999999999997,33
619cdd9045851b2ed243230f,low_WSe2,1.0,2.0,3.0,11.773193900000011,1.2817000000000007,33
619cdd9045851b2ed2432310,low_WSe2,0.0,3.0,3.0,0.4296529899999655,1.8301000000000016,33
619cdd9045851b2ed2432311,low_WSe2,3.0,0.0,3.0,49.40546236999999,0.1547,33
619cdd9045851b2ed2432312,low_WSe2,0.0,3.0,3.0,0.4286311899999759,1.826500000000003,33
619cdd9045851b2ed2432313,low_WSe2,2.0,1.0,3.0,39.19556945999993,0.2082999999999994,33
619cdd9045851b2ed2432314,low_WSe2,2.0,1.0,3.0,39.2664297700001,0.1908999999999991,33
619cdd9045851b2ed2432315,low_WSe2,2.0,1.0,3.0,39.26663003999992,0.1875,33
619cdd9045851b2ed2432316,low_WSe2,0.0,3.0,3.0,0.4293328900000119,1.8292999999999964,33
619cdd9045851b2ed2432317,low_WSe2,1.0,2.0,3.0,27.91917581000007,0.1949000000000005,33
619cdd9045851b2ed2432318,low_WSe2,0.0,3.0,3.0,0.4303797300000838,1.8294,33
619cdd9045851b2ed2432319,low_WSe2,2.0,1.0,3.0,39.38947914000009,0.2187000000000001,33
619cdd9045851b2ed243231a,low_WSe2,1.0,2.0,3.0,28.06042284,0.2830999999999992,33
619cdd9045851b2ed243231b,low_WSe2,1.0,2.0,3.0,27.912224930000093,0.1992000000000011,33
619cdd9045851b2ed243231c,low_WSe2,2.0,1.0,3.0,23.10736625999997,1.260799999999996,33
619cdd9045851b2ed243231d,low_WSe2,3.0,0.0,3.0,49.95558231999994,0.1808999999999994,33
619cdd9045851b2ed243231e,low_WSe2,1.0,2.0,3.0,27.919660109999995,0.1841999999999988,33
619cdd9045851b2ed243231f,low_WSe2,2.0,1.0,3.0,39.236587240000105,0.2037999999999993,33
619cdd9045851b2ed2432320,low_WSe2,1.0,2.0,3.0,28.000285289999965,0.2675999999999998,33
619cdd9045851b2ed2432321,low_WSe2,2.0,1.0,3.0,23.124555780000076,1.2689999999999984,33
619cdd9045851b2ed2432322,low_WSe2,2.0,1.0,3.0,39.23347070000004,0.1968999999999994,33
619cdd9045851b2ed2432323,low_WSe2,0.0,1.0,1.0,-1.6592599999999835,1.8736999999999977,35
619cdd9045851b2ed2432324,low_WSe2,3.0,0.0,3.0,50.49307061,0.2117000000000004,33
619cdd9045851b2ed2432325,low_WSe2,1.0,2.0,3.0,11.765678420000077,1.301400000000001,33
619cdd9045851b2ed2432326,low_WSe2,2.0,1.0,3.0,39.23669144,0.1973000000000002,33
619cdd9045851b2ed2432327,low_WSe2,2.0,1.0,3.0,23.091469720000116,1.2712000000000003,33
619cdd9045851b2ed2432328,low_WSe2,0.0,3.0,3.0,0.4315956899999378,1.8236999999999952,33
619cdd9045851b2ed2432329,low_WSe2,2.0,1.0,3.0,23.140491709999917,1.1802999999999957,33
619cdd9045851b2ed243232a,low_WSe2,2.0,1.0,3.0,23.03824235999995,1.115000000000002,33
619cdd9045851b2ed243232b,low_WSe2,1.0,2.0,3.0,11.772420470000032,1.299500000000002,33
619cdd9045851b2ed243232c,low_WSe2,3.0,0.0,3.0,50.57971770999993,0.2059999999999995,33
619cdd9045851b2ed243232d,low_WSe2,0.0,3.0,3.0,0.4288124300000504,1.8269999999999984,33
619cdd9045851b2ed243232e,low_WSe2,0.0,3.0,3.0,0.4284174999999663,1.826900000000002,33
619cdd9045851b2ed243232f,low_WSe2,0.0,3.0,3.0,0.429408950000095,1.8264,33
619cdd9045851b2ed2432330,low_WSe2,3.0,0.0,3.0,50.54118722000008,0.0426999999999999,33
619cdd9045851b2ed2432331,low_WSe2,1.0,2.0,3.0,11.77183772000011,1.3026000000000053,33
619cdd9045851b2ed2432332,low_WSe2,0.0,3.0,3.0,0.480188460000079,1.830500000000001,33
619cdd9045851b2ed2432333,low_WSe2,0.0,3.0,3.0,0.4543927199999302,1.8300999999999945,33
619cdd9045851b2ed2432334,low_WSe2,2.0,1.0,3.0,39.25636755000009,0.2243000000000012,33
619cdd9045851b2ed2432335,low_WSe2,1.0,2.0,3.0,27.99433494999994,0.258799999999999,33
619cdd9045851b2ed2432336,low_WSe2,2.0,1.0,3.0,23.107585730000014,1.2478000000000051,33
619cdd9045851b2ed2432337,low_WSe2,2.0,1.0,3.0,39.242967550000046,0.1997999999999997,33
619cdd9045851b2ed2432338,low_WSe2,1.0,2.0,3.0,11.76464146000011,1.2984000000000009,33
619cdd9045851b2ed2432339,low_WSe2,2.0,1.0,3.0,39.24179645000008,0.2027999999999998,33
619cdd9045851b2ed243233a,low_WSe2,1.0,2.0,3.0,28.00291066,0.2623999999999995,33
619cdd9045851b2ed243233b,low_WSe2,1.0,2.0,3.0,11.791536449999956,1.156099999999995,33
619cdd9045851b2ed243233c,low_WSe2,3.0,0.0,3.0,50.56006665999994,0.2224000000000003,33
619cdd9145851b2ed243233d,low_WSe2,3.0,0.0,3.0,50.59484682999992,0.1600999999999999,33
619cdd9145851b2ed243233e,low_WSe2,0.0,3.0,3.0,0.4328747199999156,1.832699999999996,33
619cdd9145851b2ed243233f,low_WSe2,1.0,2.0,3.0,11.767960419999998,1.3025999999999982,33
619cdd9145851b2ed2432340,low_WSe2,1.0,2.0,3.0,27.91799919000005,0.1905000000000001,33
619cdd9145851b2ed2432341,low_WSe2,1.0,2.0,3.0,27.88103776999992,0.1740999999999992,33
619cdd9145851b2ed2432342,low_WSe2,1.0,2.0,3.0,11.767878509999935,1.2997999999999976,33
619cdd9145851b2ed2432343,low_WSe2,1.0,2.0,3.0,11.770707939999957,1.3012999999999977,33
619cdd9145851b2ed2432344,low_WSe2,2.0,1.0,3.0,39.21857649999997,0.2219999999999995,33
619cdd9145851b2ed2432345,low_WSe2,2.0,1.0,3.0,39.21573614999993,0.2024000000000008,33
619cdd9145851b2ed2432346,low_WSe2,2.0,1.0,3.0,39.22443845999992,0.1495999999999995,33
619cdd9145851b2ed2432347,low_WSe2,2.0,1.0,3.0,23.12140965999996,1.1428000000000011,33
619cdd9145851b2ed2432348,low_WSe2,2.0,1.0,3.0,23.10230387000005,1.1987000000000023,33
619cdd9145851b2ed2432349,low_WSe2,2.0,1.0,3.0,39.23460299000003,0.1936999999999997,33
619cdd9145851b2ed243234a,low_WSe2,3.0,0.0,3.0,50.560803469999975,0.1929999999999996,33
619cdd9145851b2ed243234b,low_WSe2,1.0,2.0,3.0,11.768628699999898,1.2999999999999972,33
619cdd9145851b2ed243234c,low_WSe2,2.0,1.0,3.0,39.19919562999989,0.2117000000000004,33
619cdd9145851b2ed243234d,low_WSe2,1.0,2.0,3.0,11.76634796999996,1.302399999999999,33
619cdd9145851b2ed243234e,low_WSe2,1.0,2.0,3.0,11.76507177999996,1.3020999999999958,33
619cdd9145851b2ed243234f,low_WSe2,1.0,2.0,3.0,27.917704279999956,0.1884000000000014,33
619cdd9145851b2ed2432350,low_WSe2,2.0,1.0,3.0,39.23527341000003,0.1996000000000002,33
619cdd9145851b2ed2432351,low_WSe2,1.0,2.0,3.0,27.91627072999995,0.1952999999999995,33
619cdd9145851b2ed2432352,low_WSe2,1.0,2.0,3.0,11.773410020000018,1.2988,33
619cdd9145851b2ed2432353,low_WSe2,2.0,1.0,3.0,39.24531849000009,0.1982999999999997,33
619cdd9145851b2ed2432354,low_WSe2,1.0,2.0,3.0,11.770468120000022,1.300400000000003,33
619cdd9145851b2ed2432355,low_WSe2,1.0,2.0,3.0,27.92764132000002,0.1941000000000006,33
619cdd9145851b2ed2432356,low_WSe2,1.0,2.0,3.0,28.067799090000108,0.2823999999999991,33
619cdd9145851b2ed2432357,low_WSe2,1.0,2.0,3.0,28.001539749999893,0.2646000000000015,33
619cdd9145851b2ed2432358,low_WSe2,2.0,1.0,3.0,39.23339244000003,0.1845999999999996,33
619cdd9145851b2ed2432359,low_WSe2,2.0,1.0,3.0,23.140034970000023,1.1798000000000002,33
619cdd9145851b2ed243235a,low_WSe2,1.0,2.0,3.0,11.769021939999892,1.2977999999999952,33
619cdd9145851b2ed243235b,low_WSe2,2.0,1.0,3.0,39.221083279999945,0.2035,33
619cdd9145851b2ed243235c,low_WSe2,3.0,0.0,3.0,48.90040435000001,0.5892,33
619cdd9145851b2ed243235d,low_WSe2,1.0,2.0,3.0,11.76969071999996,1.296199999999999,33
619cdd9145851b2ed243235e,low_WSe2,1.0,2.0,3.0,11.768596910000031,1.2971000000000004,33
619cdd9145851b2ed243235f,low_WSe2,1.0,2.0,3.0,27.839706019999998,0.1806999999999998,33
619cdd9145851b2ed2432360,low_WSe2,1.0,2.0,3.0,11.75249086000007,1.2991000000000028,33
619cdd9145851b2ed2432361,low_WSe2,1.0,2.0,3.0,11.787903959999984,1.2723999999999975,33
619cdd9145851b2ed2432362,low_WSe2,0.0,3.0,3.0,0.4285086700000988,1.825099999999999,33
619cdd9145851b2ed2432363,low_WSe2,2.0,1.0,3.0,23.048428030000004,1.1144999999999996,33
619cdd9145851b2ed2432364,low_WSe2,1.0,2.0,3.0,11.767038949999904,1.299500000000002,33
619cdd9145851b2ed2432365,low_WSe2,2.0,1.0,3.0,38.64183531999997,0.1991999999999993,33
619cdd9145851b2ed2432366,low_WSe2,2.0,1.0,3.0,39.17726074000011,0.2113999999999993,33
619cdd9145851b2ed2432367,low_WSe2,1.0,2.0,3.0,28.01443556999993,0.2523999999999997,33
619cdd9145851b2ed2432368,low_WSe2,1.0,2.0,3.0,11.769208599999946,1.299500000000002,33
619cdd9145851b2ed2432369,low_WSe2,2.0,1.0,3.0,39.24058562000009,0.1925999999999987,33
619cdd9145851b2ed243236a,low_WSe2,0.0,3.0,3.0,0.4290812000000983,1.8300999999999945,33
619cdd9145851b2ed243236b,low_WSe2,1.0,2.0,3.0,11.781298359999926,1.269599999999997,33
619cdd9145851b2ed243236c,low_WSe2,2.0,1.0,3.0,39.15703177999994,0.203899999999999,33
619cdd9145851b2ed243236d,low_WSe2,2.0,1.0,3.0,23.27532664000004,0.8571999999999989,33
619cdd9145851b2ed243236e,low_WSe2,1.0,1.0,2.0,29.664379140000012,0.2589999999999985,34
619cdd9145851b2ed243236f,low_WSe2,3.0,0.0,3.0,50.57544354999991,0.165700000000001,33
619cdd9145851b2ed2432370,low_WSe2,2.0,1.0,3.0,39.250714620000096,0.2002000000000006,33
619cdd9145851b2ed2432371,low_WSe2,2.0,1.0,3.0,39.26999299999993,0.261000000000001,33
619cdd9145851b2ed2432372,low_WSe2,1.0,2.0,3.0,11.764619179999944,1.2937000000000012,33
619cdd9145851b2ed2432373,low_WSe2,1.0,2.0,3.0,11.764402250000092,1.2937999999999974,33
619cdd9145851b2ed2432374,low_WSe2,2.0,1.0,3.0,38.62734585999992,0.1906999999999996,33
619cdd9145851b2ed2432375,low_WSe2,1.0,2.0,3.0,11.763596159999896,1.3021999999999991,33
619cdd9145851b2ed2432376,low_WSe2,2.0,1.0,3.0,22.58695736000008,1.249299999999998,33
619cdd9145851b2ed2432377,low_WSe2,3.0,0.0,3.0,48.875080249999975,0.6347000000000005,33
619cdd9145851b2ed2432378,low_WSe2,1.0,2.0,3.0,11.780796720000115,1.294400000000003,33
619cdd9145851b2ed2432379,low_WSe2,1.0,1.0,2.0,8.019201879999969,1.2988,34
619cdd9145851b2ed243237a,low_WSe2,3.0,0.0,3.0,50.575305200000095,0.2083000000000012,33
619cdd9145851b2ed243237b,low_WSe2,2.0,1.0,3.0,39.251370499999936,0.1874000000000002,33
619cdd9145851b2ed243237c,low_WSe2,0.0,3.0,3.0,0.4294086500000844,1.8286999999999975,33
619cdd9145851b2ed243237d,low_WSe2,2.0,1.0,3.0,39.19381150000008,0.2086000000000005,33
619cdd9145851b2ed243237e,low_WSe2,0.0,3.0,3.0,0.4376150499999198,1.8284999999999985,33
619cdd9145851b2ed243237f,low_WSe2,0.0,3.0,3.0,0.4293532099999879,1.8267000000000024,33
619cdd9145851b2ed2432380,low_WSe2,3.0,0.0,3.0,49.965881790000005,0.1930999999999993,33
619cdd9145851b2ed2432381,low_WSe2,1.0,2.0,3.0,27.91301737999993,0.1975999999999995,33
619cdd9145851b2ed2432382,low_WSe2,2.0,1.0,3.0,23.12381553000004,1.2473000000000027,33
619cdd9145851b2ed2432383,low_WSe2,2.0,1.0,3.0,39.19394773000003,0.2012999999999998,33
619cdd9145851b2ed2432384,low_WSe2,1.0,2.0,3.0,27.9979045099999,0.2622,33
619cdd9145851b2ed2432385,low_WSe2,2.0,1.0,3.0,39.32710978999994,0.2923999999999989,33
619cdd9145851b2ed2432386,low_WSe2,2.0,1.0,3.0,39.23454195999993,0.1989999999999998,33
619cdd9145851b2ed2432387,low_WSe2,1.0,2.0,3.0,11.770905569999956,1.2993999999999986,33
619cdd9145851b2ed2432388,low_WSe2,3.0,0.0,3.0,50.57563880000007,0.2006999999999994,33
619cdd9145851b2ed2432389,low_WSe2,0.0,3.0,3.0,0.4260651799999664,1.831700000000005,33
619cdd9145851b2ed243238a,low_WSe2,1.0,2.0,3.0,11.77262341000004,1.2896999999999963,33
619cdd9145851b2ed243238b,low_WSe2,0.0,3.0,3.0,0.4271149600000967,1.830999999999996,33
619cdd9145851b2ed243238c,low_WSe2,1.0,2.0,3.0,11.75418128,1.301400000000001,33
619cdd9145851b2ed243238d,low_WSe2,1.0,2.0,3.0,11.760586370000045,1.2796999999999985,33
619cdd9145851b2ed243238e,low_WSe2,2.0,1.0,3.0,23.08968237999992,1.260100000000001,33
619cdd9145851b2ed243238f,low_WSe2,3.0,0.0,3.0,50.51813249999996,0.2179999999999999,33
619cdd9145851b2ed2432390,low_WSe2,3.0,0.0,3.0,49.9425639300001,0.1983999999999994,33
619cdd9245851b2ed2432391,low_WSe2,2.0,1.0,3.0,39.38930140999996,0.2757999999999985,33
619cdd9245851b2ed2432392,low_WSe2,3.0,0.0,3.0,50.58205852000001,0.1959999999999997,33
619cdd9245851b2ed2432393,low_WSe2,1.0,2.0,3.0,11.772759650000117,1.2811999999999983,33
619cdd9245851b2ed2432394,low_WSe2,3.0,0.0,3.0,50.57161830999994,0.2019000000000002,33
619cdd9245851b2ed2432395,low_WSe2,2.0,1.0,3.0,23.1404565799999,1.1555999999999995,33
619cdd9245851b2ed2432396,low_WSe2,1.0,2.0,3.0,11.744466309999996,1.295899999999996,33
619cdd9245851b2ed2432397,low_WSe2,2.0,1.0,3.0,39.2826794999999,0.1744000000000003,33
619cdd9245851b2ed2432398,low_WSe2,1.0,2.0,3.0,11.775414330000093,1.3003999999999962,33
619cdd9245851b2ed2432399,low_WSe2,1.0,2.0,3.0,11.763436530000025,1.3026999999999944,33
619cdd9245851b2ed243239a,low_WSe2,1.0,2.0,3.0,11.771642500000087,1.2957000000000036,33
619cdd9245851b2ed243239b,low_WSe2,2.0,1.0,3.0,39.23635461000008,0.1977000000000011,33
619cdd9245851b2ed243239c,low_WSe2,3.0,0.0,3.0,49.97811340999997,0.2017000000000006,33
619cdd9245851b2ed243239d,low_WSe2,2.0,1.0,3.0,39.24549340000003,0.2213999999999991,33
619cdd9245851b2ed243239e,low_WSe2,2.0,1.0,3.0,39.19129355,0.2096999999999997,33
619cdd9245851b2ed243239f,low_WSe2,2.0,1.0,3.0,39.3309542,0.2736,33
619cdd9245851b2ed24323a0,low_WSe2,0.0,3.0,3.0,0.4541923200001179,1.8324,33
619cdd9245851b2ed24323a1,low_WSe2,2.0,1.0,3.0,39.23233819000011,0.205,33
619cdd9245851b2ed24323a2,low_WSe2,2.0,1.0,3.0,23.108733190000105,1.2443000000000026,33
619cdd9245851b2ed24323a3,low_WSe2,1.0,2.0,3.0,28.006382640000083,0.2599,33
619cdd9245851b2ed24323a4,low_WSe2,1.0,2.0,3.0,11.772689449999906,1.303599999999996,33
619cdd9245851b2ed24323a5,low_WSe2,1.0,2.0,3.0,11.771046210000112,1.2882999999999996,33
619cdd9245851b2ed24323a6,low_WSe2,2.0,1.0,3.0,39.234336360000086,0.1947000000000009,33
619cdd9245851b2ed24323a7,low_WSe2,2.0,1.0,3.0,23.091074740000103,1.253,33
619cdd9245851b2ed24323a8,low_WSe2,1.0,2.0,3.0,11.772544169999936,1.3044000000000011,33
619cdd9245851b2ed24323a9,low_WSe2,2.0,1.0,3.0,39.233063830000034,0.1987999999999985,33
619cdd9245851b2ed24323aa,low_WSe2,2.0,1.0,3.0,37.57225040000007,0.6605000000000008,33
619cdd9245851b2ed24323ab,low_WSe2,0.0,3.0,3.0,0.4284939999999437,1.824300000000001,33
619cdd9245851b2ed24323ac,low_WSe2,2.0,1.0,3.0,39.23498386999999,0.2049000000000003,33
619cdd9245851b2ed24323ad,low_WSe2,2.0,1.0,3.0,39.207184539999886,0.2064000000000003,33
619cdd9245851b2ed24323ae,low_WSe2,1.0,2.0,3.0,11.679764579999972,1.3059999999999974,33
619cdd9245851b2ed24323af,low_WSe2,1.0,2.0,3.0,11.772171479999988,1.3025999999999982,33
619cdd9245851b2ed24323b0,low_WSe2,2.0,1.0,3.0,23.11073381000009,1.219299999999997,33
619cdd9245851b2ed24323b1,low_WSe2,0.0,3.0,3.0,0.4547612700000059,1.831000000000003,33
619cdd9245851b2ed24323b2,low_WSe2,2.0,1.0,3.0,37.577297749999886,0.6606000000000005,33
619cdd9245851b2ed24323b3,low_WSe2,2.0,1.0,3.0,39.33322206999996,0.270999999999999,33
619cdd9245851b2ed24323b4,low_WSe2,1.0,2.0,3.0,28.059926970000102,0.2820999999999998,33
619cdd9245851b2ed24323b5,low_WSe2,3.0,0.0,3.0,50.58544558999993,0.2210999999999998,33
619cdd9245851b2ed24323b6,low_WSe2,1.0,2.0,3.0,11.764168749999945,1.3003,33
619cdd9245851b2ed24323b7,low_WSe2,1.0,2.0,3.0,11.681852339999969,1.311399999999999,33
619cdd9245851b2ed24323b8,low_WSe2,0.0,3.0,3.0,0.4272357199999419,1.823999999999998,33
619cdd9245851b2ed24323b9,low_WSe2,0.0,3.0,3.0,0.452862390000007,1.8262,33
619cdd9245851b2ed24323ba,low_WSe2,1.0,2.0,3.0,28.0625024200001,0.2809999999999988,33
619cdd9245851b2ed24323bb,low_WSe2,2.0,1.0,3.0,23.12035640999992,1.264000000000003,33
619cdd9245851b2ed24323bc,low_WSe2,1.0,2.0,3.0,27.91704439999989,0.1977999999999991,33
619cdd9245851b2ed24323bd,low_WSe2,1.0,2.0,3.0,27.915570720000005,0.1933000000000007,33
619cdd9245851b2ed24323be,low_WSe2,2.0,1.0,3.0,39.26061316999999,0.1861999999999994,33
619cdd9245851b2ed24323bf,low_WSe2,2.0,1.0,3.0,39.24233181000004,0.1909999999999989,33
619cdd9245851b2ed24323c0,low_WSe2,2.0,1.0,3.0,37.57809649999994,0.6586999999999996,33
619cdd9245851b2ed24323c1,low_WSe2,1.0,2.0,3.0,11.780811390000045,1.2972000000000037,33
619cdd9245851b2ed24323c2,low_WSe2,1.0,2.0,3.0,11.771044959999916,1.3046999999999969,33
619cdd9245851b2ed24323c3,low_WSe2,2.0,0.0,2.0,19.349354670000075,1.2461000000000002,34
619cdd9245851b2ed24323c4,low_WSe2,2.0,1.0,3.0,39.18065707999999,0.2136000000000013,33
619cdd9245851b2ed24323c5,low_WSe2,1.0,2.0,3.0,11.76742824000006,1.281399999999998,33
619cdd9245851b2ed24323c6,low_WSe2,2.0,1.0,3.0,39.29505758000009,0.2700000000000013,33
619cdd9245851b2ed24323c7,low_WSe2,1.0,2.0,3.0,28.052429990000064,0.2234999999999996,33
619cdd9245851b2ed24323c8,low_WSe2,0.0,3.0,3.0,0.4288404600001172,1.8273999999999968,33
619cdd9245851b2ed24323c9,low_WSe2,1.0,2.0,3.0,27.996514969999907,0.2673999999999985,33
619cdd9245851b2ed24323ca,low_WSe2,0.0,3.0,3.0,0.4291002199999525,1.828800000000001,33
619cdd9245851b2ed24323cb,low_WSe2,1.0,2.0,3.0,11.756368000000055,1.3045000000000044,33
619cdd9245851b2ed24323cc,low_WSe2,1.0,2.0,3.0,11.77001924,1.2976000000000028,33
619cdd9245851b2ed24323cd,low_WSe2,1.0,2.0,3.0,27.9978785400001,0.268699999999999,33
619cdd9245851b2ed24323ce,low_WSe2,3.0,0.0,3.0,49.9631429699999,0.1025000000000009,33
619cdd9245851b2ed24323cf,low_WSe2,2.0,1.0,3.0,39.27066285000005,0.1958000000000002,33
619cdd9245851b2ed24323d0,low_WSe2,1.0,2.0,3.0,27.92039905999991,0.1967999999999996,33
619cdd9245851b2ed24323d1,low_WSe2,1.0,2.0,3.0,27.92548319999992,0.1918000000000006,33
619cdd9245851b2ed24323d2,low_WSe2,2.0,1.0,3.0,39.23939535000004,0.2144999999999992,33
619cdd9245851b2ed24323d3,low_WSe2,2.0,1.0,3.0,39.232249210000006,0.2135999999999995,33
619cdd9245851b2ed24323d4,low_WSe2,0.0,3.0,3.0,0.4278475999998932,1.830999999999996,33
619cdd9245851b2ed24323d5,low_WSe2,0.0,3.0,3.0,0.4323363099999255,1.8175000000000023,33
619cdd9245851b2ed24323d6,low_WSe2,2.0,1.0,3.0,39.25524372999989,0.1963000000000008,33
619cdd9245851b2ed24323d7,low_WSe2,2.0,1.0,3.0,39.19573737,0.2104999999999997,33
619cdd9245851b2ed24323d8,low_WSe2,1.0,2.0,3.0,11.785441109999956,1.2729,33
619cdd9245851b2ed24323d9,low_WSe2,2.0,1.0,3.0,39.19499971000009,0.2080000000000001,33
619cdd9245851b2ed24323da,low_WSe2,3.0,0.0,3.0,50.649939949999954,0.1471,33
619cdd9245851b2ed24323db,low_WSe2,1.0,2.0,3.0,11.770637670000031,1.2978999999999985,33
619cdd9245851b2ed24323dc,low_WSe2,2.0,1.0,3.0,37.573345179999976,0.6600000000000001,33
619cdd9245851b2ed24323dd,low_WSe2,2.0,1.0,3.0,23.10613618999995,1.2815999999999974,33
619cdd9245851b2ed24323de,low_WSe2,1.0,2.0,3.0,11.765747460000046,1.3019999999999996,33
619cdd9245851b2ed24323df,low_WSe2,3.0,0.0,3.0,50.51495506999991,0.2208000000000005,33
619cdd9245851b2ed24323e0,low_WSe2,1.0,2.0,3.0,11.766754839999964,1.295499999999997,33
619cdd9245851b2ed24323e1,low_WSe2,2.0,1.0,3.0,39.2328092799999,0.1501000000000001,33
619cdd9245851b2ed24323e2,low_WSe2,1.0,2.0,3.0,11.798893570000008,1.3018,33
619cdd9245851b2ed24323e3,low_WSe2,1.0,2.0,3.0,11.77065005999997,1.2967000000000013,33
619cdd9245851b2ed24323e4,low_WSe2,0.0,3.0,3.0,0.4315074900000013,1.8138000000000003,33
619cdd9245851b2ed24323e5,low_WSe2,2.0,1.0,3.0,23.120375770000045,1.2847000000000008,33
619cdd9345851b2ed24323e6,low_WSe2,3.0,0.0,3.0,50.5699078000001,0.1999999999999993,33
619cdd9345851b2ed24323e7,low_WSe2,1.0,2.0,3.0,28.04805192999993,0.2189999999999994,33
619cdd9345851b2ed24323e8,low_WSe2,0.0,3.0,3.0,0.4277647200000842,1.8297999999999988,33
619cdd9345851b2ed24323e9,low_WSe2,2.0,1.0,3.0,23.12965196000008,1.2804000000000002,33
619cdd9345851b2ed24323ea,low_WSe2,2.0,1.0,3.0,39.249059439999925,0.1965000000000003,33
619cdd9345851b2ed24323eb,low_WSe2,2.0,1.0,3.0,39.16772337999991,0.1917000000000008,33
619cdd9345851b2ed24323ec,low_WSe2,1.0,2.0,3.0,11.772386320000113,1.3008999999999986,33
619cdd9345851b2ed24323ed,low_WSe2,0.0,3.0,3.0,0.4273255400000266,1.8260999999999967,33
619cdd9345851b2ed24323ee,low_WSe2,0.0,3.0,3.0,0.4260131600000818,1.8299999999999983,33
619cdd9345851b2ed24323ef,low_WSe2,1.0,2.0,3.0,11.799634530000038,1.301400000000001,33
619cdd9345851b2ed24323f0,low_WSe2,3.0,0.0,3.0,50.554924469999925,0.2059000000000015,33
619cdd9345851b2ed24323f1,low_WSe2,1.0,2.0,3.0,11.760454640000024,1.3014999999999972,33
619cdd9345851b2ed24323f2,low_WSe2,1.0,2.0,3.0,11.775321070000007,1.1566000000000043,33
619cdd9345851b2ed24323f3,low_WSe2,2.0,1.0,3.0,39.34360829999996,0.2657000000000007,33
619cdd9345851b2ed24323f4,low_WSe2,1.0,2.0,3.0,11.770451800000036,1.2997000000000014,33
619cdd9345851b2ed24323f5,low_WSe2,2.0,1.0,3.0,37.57985257999989,0.6621000000000006,33
619cdd9345851b2ed24323f6,low_WSe2,0.0,3.0,3.0,0.4279906200001164,1.8278000000000036,33
619cdd9345851b2ed24323f7,low_WSe2,1.0,2.0,3.0,27.924107179999965,0.1944999999999996,33
619cdd9345851b2ed24323f8,low_WSe2,0.0,3.0,3.0,0.4295862400001056,1.827600000000004,33
619cdd9345851b2ed24323f9,low_WSe2,2.0,1.0,3.0,23.110793890000004,1.265900000000002,33
619cdd9345851b2ed24323fa,low_WSe2,3.0,0.0,3.0,49.97467190999996,0.1867000000000001,33
619cdd9345851b2ed24323fb,low_WSe2,2.0,1.0,3.0,39.35353478999996,0.2256999999999998,33
619cdd9345851b2ed24323fc,low_WSe2,1.0,2.0,3.0,27.999343010000075,0.2622,33
619cdd9345851b2ed24323fd,low_WSe2,3.0,0.0,3.0,50.50201556000011,0.2233,33
619cdd9345851b2ed24323fe,low_WSe2,1.0,2.0,3.0,27.994773440000017,0.2663999999999991,33
619cdd9345851b2ed24323ff,low_WSe2,2.0,1.0,3.0,39.25490390000009,0.1679999999999992,33
619cdd9345851b2ed2432400,low_WSe2,2.0,1.0,3.0,39.22632004000006,0.1473000000000013,33
619cdd9345851b2ed2432401,low_WSe2,0.0,3.0,3.0,0.4546863200000075,1.8295999999999992,33
619cdd9345851b2ed2432402,low_WSe2,2.0,1.0,3.0,39.22912331999992,0.2170000000000005,33
619cdd9345851b2ed2432403,low_WSe2,2.0,1.0,3.0,23.027463930000103,1.1155999999999937,33
619cdd9345851b2ed2432404,low_WSe2,1.0,2.0,3.0,11.774812269999972,1.2964999999999949,33
619cdd9345851b2ed2432405,low_WSe2,2.0,1.0,3.0,39.324682210000034,0.2738000000000014,33
619cdd9345851b2ed2432406,low_WSe2,3.0,0.0,3.0,50.556431690000046,0.2054000000000009,33
619cdd9345851b2ed2432407,low_WSe2,2.0,1.0,3.0,23.09505640000001,1.282199999999996,33
619cdd9345851b2ed2432408,low_WSe2,2.0,1.0,3.0,39.232546980000095,0.2058999999999997,33
619cdd9345851b2ed2432409,low_WSe2,0.0,3.0,3.0,0.4310481599999889,1.8192999999999984,33
619cdd9345851b2ed243240a,low_WSe2,2.0,1.0,3.0,39.33666074000011,0.2713000000000001,33
619cdd9345851b2ed243240b,low_WSe2,0.0,3.0,3.0,0.4259422199999676,1.8218999999999996,33
619cdd9345851b2ed243240c,low_WSe2,2.0,1.0,3.0,39.2303777099999,0.2027999999999998,33
619cdd9345851b2ed243240d,low_WSe2,2.0,1.0,3.0,23.14584089000008,1.1425000000000054,33
619cdd9345851b2ed243240e,low_WSe2,1.0,2.0,3.0,28.047956540000087,0.2212000000000014,33
619cdd9345851b2ed243240f,low_WSe2,3.0,0.0,3.0,50.57468503000005,0.2251000000000012,33
619cdd9345851b2ed2432410,low_WSe2,2.0,1.0,3.0,37.67475304000008,0.6112000000000002,33
619cdd9345851b2ed2432411,low_WSe2,0.0,3.0,3.0,0.4305659500000161,1.8319000000000043,33
619cdd9345851b2ed2432412,low_WSe2,2.0,1.0,3.0,23.29290360000008,0.7276999999999987,33
619cdd9345851b2ed2432413,low_WSe2,2.0,1.0,3.0,39.22112982999992,0.1443999999999992,33
619cdd9345851b2ed2432414,low_WSe2,2.0,1.0,3.0,39.18277579000009,0.1347000000000004,33
619cdd9345851b2ed2432415,low_WSe2,2.0,1.0,3.0,39.23538192000005,0.2149000000000001,33
619cdd9345851b2ed2432416,low_WSe2,2.0,1.0,3.0,39.19756962000001,0.2090999999999994,33
619cdd9345851b2ed2432417,low_WSe2,2.0,1.0,3.0,38.792162199999936,0.1790000000000002,33
619cdd9345851b2ed2432418,low_WSe2,1.0,2.0,3.0,27.914404699999977,0.1966999999999998,33
619cdd9345851b2ed2432419,low_WSe2,2.0,1.0,3.0,39.23355892999989,0.1977000000000011,33
619cdd9345851b2ed243241a,low_WSe2,1.0,2.0,3.0,11.775570129999997,1.299599999999998,33
619cdd9345851b2ed243241b,low_WSe2,1.0,2.0,3.0,27.92363148000004,0.1918999999999986,33
619cdd9345851b2ed243241c,low_WSe2,2.0,1.0,3.0,39.237333020000094,0.1918000000000006,33
619cdd9345851b2ed243241d,low_WSe2,3.0,0.0,3.0,50.57745394999993,0.204600000000001,33
619cdd9345851b2ed243241e,low_WSe2,2.0,1.0,3.0,39.27163851999994,0.1943000000000001,33
619cdd9345851b2ed243241f,low_WSe2,2.0,1.0,3.0,38.63327548000011,0.1951999999999998,33
619cdd9345851b2ed2432420,low_WSe2,2.0,1.0,3.0,39.20441061999991,0.1629000000000005,33
619cdd9345851b2ed2432421,low_WSe2,0.0,3.0,3.0,0.4286596300000269,1.8303000000000007,33
619cdd9345851b2ed2432422,low_WSe2,2.0,1.0,3.0,37.57813283,0.6560000000000006,33
619cdd9345851b2ed2432423,low_WSe2,1.0,2.0,3.0,11.7725469899999,1.3046000000000006,33
619cdd9345851b2ed2432424,low_WSe2,3.0,0.0,3.0,50.58062069999992,0.1981000000000001,33
619cdd9345851b2ed2432425,low_WSe2,1.0,2.0,3.0,27.99982320999993,0.262599999999999,33
619cdd9345851b2ed2432426,low_WSe2,0.0,3.0,3.0,0.4289347999999222,1.8292,33
619cdd9345851b2ed2432427,low_WSe2,1.0,2.0,3.0,27.9209143999999,0.1947999999999989,33
619cdd9345851b2ed2432428,low_WSe2,1.0,2.0,3.0,27.92637067999999,0.1892999999999993,33
619cdd9345851b2ed2432429,low_WSe2,1.0,2.0,3.0,11.768361910000056,1.3004999999999995,33
619cdd9345851b2ed243242a,low_WSe2,2.0,1.0,3.0,39.17294672999997,0.1881000000000003,33
619cdd9345851b2ed243242b,low_WSe2,1.0,2.0,3.0,11.7709883299999,1.3008999999999986,33
619cdd9345851b2ed243242c,low_WSe2,1.0,2.0,3.0,11.785955730000058,1.2719999999999985,33
619cdd9345851b2ed243242d,low_WSe2,2.0,1.0,3.0,23.125920579999992,1.282299999999999,33
619cdd9345851b2ed243242e,low_WSe2,0.0,3.0,3.0,0.4371050900001023,1.820499999999996,33
619cdd9345851b2ed243242f,low_WSe2,1.0,2.0,3.0,11.751512439999932,1.296199999999999,33
619cdd9345851b2ed2432430,low_WSe2,1.0,1.0,2.0,8.021232449999957,1.3016000000000003,34
619cdd9345851b2ed2432431,low_WSe2,3.0,0.0,3.0,50.51265900000008,0.2016000000000009,33
619cdd9345851b2ed2432432,low_WSe2,0.0,3.0,3.0,0.4299659499999393,1.822499999999998,33
619cdd9345851b2ed2432433,low_WSe2,0.0,3.0,3.0,0.428823379999983,1.8279,33
619cdd9345851b2ed2432434,low_WSe2,1.0,2.0,3.0,27.921132169999964,0.1967999999999996,33
619cdd9345851b2ed2432435,low_WSe2,1.0,2.0,3.0,11.769228410000084,1.2988,33
619cdd9345851b2ed2432436,low_WSe2,2.0,1.0,3.0,39.2485295500001,0.1598000000000006,33
619cdd9345851b2ed2432437,low_WSe2,2.0,1.0,3.0,39.277655850000016,0.1700999999999997,33
619cdd9345851b2ed2432438,low_WSe2,0.0,2.0,2.0,2.089683949999904,1.832699999999996,34
619cdd9445851b2ed2432439,low_WSe2,0.0,3.0,3.0,0.4282315800000447,1.8243999999999967,33
619cdd9445851b2ed243243a,low_WSe2,2.0,1.0,3.0,37.57844166,0.6576999999999984,33
619cdd9445851b2ed243243b,low_WSe2,2.0,1.0,3.0,38.6346039999999,0.1934000000000004,33
619cdd9445851b2ed243243c,low_WSe2,2.0,1.0,3.0,23.10300327999997,1.1976999999999975,33
619cdd9445851b2ed243243d,low_WSe2,1.0,2.0,3.0,11.772662070000012,1.2935000000000016,33
619cdd9445851b2ed243243e,low_WSe2,1.0,2.0,3.0,27.99843813999996,0.2655999999999991,33
619cdd9445851b2ed243243f,low_WSe2,1.0,2.0,3.0,11.783618480000076,1.293999999999997,33
619cdd9445851b2ed2432440,low_WSe2,2.0,1.0,3.0,38.631389940000005,0.1957000000000004,33
619cdd9445851b2ed2432441,low_WSe2,1.0,2.0,3.0,11.767257810000036,1.2973,33
619cdd9445851b2ed2432442,low_WSe2,1.0,2.0,3.0,11.788513910000107,1.3006000000000029,33
619cdd9445851b2ed2432443,low_WSe2,0.0,3.0,3.0,0.428894390000039,1.8339,33
619cdd9445851b2ed2432444,low_WSe2,0.0,3.0,3.0,0.4280590499999448,1.832699999999996,33
619cdd9445851b2ed2432445,low_WSe2,1.0,2.0,3.0,11.772929389999934,1.3051999999999992,33
619cdd9445851b2ed2432446,low_WSe2,1.0,2.0,3.0,11.76694107000002,1.293999999999997,33
619cdd9445851b2ed2432447,low_WSe2,1.0,2.0,3.0,27.913543119999986,0.1825999999999989,33
619cdd9445851b2ed2432448,low_WSe2,3.0,0.0,3.0,48.9140653800001,0.5777000000000001,33
619cdd9445851b2ed2432449,low_WSe2,3.0,0.0,3.0,50.68864670000003,0.2827999999999999,33
619cdd9445851b2ed243244a,low_WSe2,1.0,2.0,3.0,11.768099769999925,1.3033,33
619cdd9445851b2ed243244b,low_WSe2,1.0,2.0,3.0,11.769802450000032,1.296199999999999,33
619cdd9445851b2ed243244c,low_WSe2,2.0,1.0,3.0,39.22758086000003,0.2011000000000002,33
619cdd9445851b2ed243244d,low_WSe2,1.0,2.0,3.0,11.77424339999992,1.286200000000001,33
619cdd9445851b2ed243244e,low_WSe2,1.0,2.0,3.0,11.763541569999903,1.295199999999994,33
619cdd9445851b2ed243244f,low_WSe2,2.0,1.0,3.0,23.100983159999977,1.2584000000000015,33
619cdd9445851b2ed2432450,low_WSe2,1.0,2.0,3.0,11.767225900000074,1.2971999999999966,33
619cdd9445851b2ed2432451,low_WSe2,0.0,3.0,3.0,0.4274949600000468,1.8241000000000012,33
619cdd9445851b2ed2432452,low_WSe2,1.0,2.0,3.0,11.79406156999993,1.2996000000000052,33
619cdd9445851b2ed2432453,low_WSe2,1.0,2.0,3.0,11.77329194999992,1.2989999999999997,33
619cdd9445851b2ed2432454,low_WSe2,3.0,0.0,3.0,50.56792621000009,0.1577999999999999,33
619cdd9445851b2ed2432455,low_WSe2,2.0,1.0,3.0,39.3312862799999,0.2713000000000001,33
619cdd9445851b2ed2432456,low_WSe2,1.0,2.0,3.0,11.767710639999894,1.3027999999999975,33
619cdd9445851b2ed2432457,low_WSe2,1.0,2.0,3.0,11.781638149999925,1.274799999999999,33
619cdd9445851b2ed2432458,low_WSe2,2.0,1.0,3.0,23.119469199999948,1.2164999999999964,33
619cdd9445851b2ed2432459,low_WSe2,2.0,1.0,3.0,23.280581419999898,0.8532999999999973,33
619cdd9445851b2ed243245a,low_WSe2,1.0,2.0,3.0,11.746855459999995,1.2960999999999956,33
619cdd9445851b2ed243245b,low_WSe2,2.0,1.0,3.0,23.10324496000002,1.1984999999999957,33
619cdd9445851b2ed243245c,low_WSe2,1.0,2.0,3.0,11.7701072499999,1.2941999999999965,33
619cdd9445851b2ed243245d,low_WSe2,3.0,0.0,3.0,50.53967281999994,0.2376000000000004,33
619cdd9445851b2ed243245e,low_WSe2,1.0,2.0,3.0,11.767513739999902,1.296199999999999,33
619cdd9445851b2ed243245f,low_WSe2,2.0,1.0,3.0,39.34861112999992,0.2668999999999997,33
619cdd9445851b2ed2432460,low_WSe2,1.0,2.0,3.0,11.76647038000009,1.3027999999999975,33
619cdd9445851b2ed2432461,low_WSe2,1.0,2.0,3.0,11.676931460000096,1.306599999999996,33
619cdd9445851b2ed2432462,low_WSe2,2.0,1.0,3.0,39.24321912000009,0.1989999999999998,33
619cdd9445851b2ed2432463,low_WSe2,0.0,3.0,3.0,0.4302617099999111,1.8252000000000024,33
619cdd9445851b2ed2432464,low_WSe2,1.0,1.0,2.0,8.02452234000009,1.2811000000000003,34
619cdd9445851b2ed2432465,low_WSe2,1.0,2.0,3.0,11.775059029999955,1.2989999999999997,33
619cdd9445851b2ed2432466,low_WSe2,1.0,2.0,3.0,11.77533347999996,1.3028000000000048,33
619cdd9445851b2ed2432467,low_WSe2,2.0,1.0,3.0,39.23277246000002,0.196200000000001,33
619cdd9445851b2ed2432468,low_WSe2,0.0,3.0,3.0,0.4264802800000211,1.8248000000000035,33
619cdd9445851b2ed2432469,low_WSe2,1.0,2.0,3.0,27.90880741000001,0.1961000000000012,33
619cdd9445851b2ed243246a,low_WSe2,1.0,2.0,3.0,11.772127440000066,1.3012000000000017,33
619cdd9445851b2ed243246b,low_WSe2,1.0,2.0,3.0,27.995608709999946,0.2679999999999989,33
619cdd9445851b2ed243246c,low_WSe2,0.0,3.0,3.0,0.4292646799999033,1.8259999999999932,33
619cdd9445851b2ed243246d,low_WSe2,1.0,2.0,3.0,11.770014919999984,1.2975999999999956,33
619cdd9445851b2ed243246e,low_WSe2,2.0,1.0,3.0,39.24578675000002,0.1943000000000001,33
619cdd9445851b2ed243246f,low_WSe2,0.0,3.0,3.0,0.4289588900000467,1.8228000000000009,33
619cdd9445851b2ed2432470,low_WSe2,2.0,1.0,3.0,39.19978769000004,0.1430999999999986,33
619cdd9445851b2ed2432471,low_WSe2,1.0,2.0,3.0,27.91770582999993,0.1934000000000004,33
619cdd9445851b2ed2432472,low_WSe2,2.0,1.0,3.0,39.27414621000007,0.2556999999999991,33
619cdd9445851b2ed2432473,low_WSe2,1.0,2.0,3.0,28.000920780000115,0.2575000000000003,33
619cdd9445851b2ed2432474,low_WSe2,2.0,1.0,3.0,39.39737384000004,0.2801000000000009,33
619cdd9445851b2ed2432475,low_WSe2,3.0,0.0,3.0,50.53487447999997,0.1689000000000007,33
619cdd9445851b2ed2432476,low_WSe2,2.0,1.0,3.0,23.116590769999934,1.2892999999999972,33
619cdd9445851b2ed2432477,low_WSe2,0.0,3.0,3.0,0.432794949999959,1.8153000000000008,33
619cdd9445851b2ed2432478,low_WSe2,1.0,2.0,3.0,28.058196989999946,0.2755000000000009,33
619cdd9445851b2ed2432479,low_WSe2,2.0,1.0,3.0,23.108779250000037,1.2719999999999985,33
619cdd9445851b2ed243247a,low_WSe2,3.0,0.0,3.0,50.55352230000003,0.1634000000000011,33
619cdd9445851b2ed243247b,low_WSe2,2.0,1.0,3.0,39.230185729999945,0.1892999999999993,33
619cdd9445851b2ed243247c,low_WSe2,2.0,1.0,3.0,23.11489088000011,1.2695000000000007,33
619cdd9445851b2ed243247d,low_WSe2,2.0,1.0,3.0,39.25322888999999,0.1972000000000004,33
619cdd9445851b2ed243247e,low_WSe2,0.0,3.0,3.0,0.4266064499999515,1.8237000000000023,33
619cdd9445851b2ed243247f,low_WSe2,1.0,2.0,3.0,11.763333580000095,1.2978000000000025,33
619cdd9445851b2ed2432480,low_WSe2,1.0,2.0,3.0,28.057111320000104,0.2799999999999993,33
619cdd9445851b2ed2432481,low_WSe2,1.0,2.0,3.0,28.001423310000064,0.2666000000000004,33
619cdd9445851b2ed2432482,low_WSe2,1.0,2.0,3.0,11.770711010000005,1.2982000000000014,33
619cdd9445851b2ed2432483,low_WSe2,1.0,2.0,3.0,27.91510790999996,0.1895000000000006,33
619cdd9445851b2ed2432484,low_WSe2,1.0,2.0,3.0,11.772157880000112,1.2986999999999966,33
619cdd9445851b2ed2432485,low_WSe2,2.0,1.0,3.0,38.63393387000001,0.1913999999999998,33
619cdd9445851b2ed2432486,low_WSe2,3.0,0.0,3.0,49.95550461000003,0.1936999999999997,33
619cdd9445851b2ed2432487,low_WSe2,0.0,3.0,3.0,0.4280047500000705,1.826900000000002,33
619cdd9445851b2ed2432488,low_WSe2,2.0,1.0,3.0,38.62997105000004,0.1961999999999992,33
619cdd9445851b2ed2432489,low_WSe2,3.0,0.0,3.0,49.92204253999999,0.2010000000000005,33
619cdd9445851b2ed243248a,low_WSe2,2.0,1.0,3.0,23.120090030000064,1.2830000000000013,33
619cdd9545851b2ed243248b,low_WSe2,1.0,2.0,3.0,27.92508649000001,0.1941000000000006,33
619cdd9545851b2ed243248c,low_WSe2,2.0,1.0,3.0,39.2562001700001,0.1893000000000011,33
619cdd9545851b2ed243248d,low_WSe2,3.0,0.0,3.0,50.53232766000006,0.1600000000000001,33
619cdd9545851b2ed243248e,low_WSe2,2.0,1.0,3.0,23.12299082999997,1.178600000000003,33
619cdd9545851b2ed243248f,low_WSe2,1.0,2.0,3.0,11.789917249999906,1.155200000000001,33
619cdd9545851b2ed2432490,low_WSe2,1.0,2.0,3.0,28.02155702000005,0.2469999999999999,33
619cdd9545851b2ed2432491,low_WSe2,2.0,1.0,3.0,23.121630959999983,1.2792999999999992,33
619cdd9545851b2ed2432492,low_WSe2,2.0,1.0,3.0,23.117517010000064,1.2783000000000015,33
619cdd9545851b2ed2432493,low_WSe2,1.0,2.0,3.0,11.767954290000024,1.297399999999996,33
619cdd9545851b2ed2432494,low_WSe2,2.0,1.0,3.0,23.093209070000093,1.281100000000002,33
619cdd9545851b2ed2432495,low_WSe2,2.0,1.0,3.0,23.115792899999896,1.2845999999999975,33
619cdd9545851b2ed2432496,low_WSe2,2.0,1.0,3.0,39.23936334999989,0.1951,33
619cdd9545851b2ed2432497,low_WSe2,1.0,2.0,3.0,11.775729500000114,1.2864000000000004,33
619cdd9545851b2ed2432498,low_WSe2,2.0,1.0,3.0,39.20073817000007,0.2114000000000011,33
619cdd9545851b2ed2432499,low_WSe2,3.0,0.0,3.0,50.572802629999934,0.2083999999999992,33
619cdd9545851b2ed243249a,low_WSe2,1.0,2.0,3.0,11.771176949999916,1.3042999999999978,33
619cdd9545851b2ed243249b,low_WSe2,1.0,2.0,3.0,27.916304240000045,0.1986000000000007,33
619cdd9545851b2ed243249c,low_WSe2,1.0,2.0,3.0,11.758792500000016,1.3001000000000005,33
619cdd9545851b2ed243249d,low_WSe2,1.0,2.0,3.0,27.8773549,0.1758000000000006,33
619cdd9545851b2ed243249e,low_WSe2,1.0,2.0,3.0,11.77261395000004,1.2974000000000032,33
619cdd9545851b2ed243249f,low_WSe2,1.0,2.0,3.0,27.916766759999973,0.1935000000000002,33
619cdd9545851b2ed24324a0,low_WSe2,0.0,3.0,3.0,0.4336213400001156,1.8126000000000035,33
619cdd9545851b2ed24324a1,low_WSe2,3.0,0.0,3.0,50.54440142999997,0.2253000000000007,33
619cdd9545851b2ed24324a2,low_WSe2,0.0,3.0,3.0,0.4313837900000976,1.8185,33
619cdd9545851b2ed24324a3,low_WSe2,1.0,2.0,3.0,27.881598409999924,0.1752000000000002,33
619cdd9545851b2ed24324a4,low_WSe2,2.0,1.0,3.0,39.25409663999999,0.1978999999999988,33
619cdd9545851b2ed24324a5,low_WSe2,2.0,1.0,3.0,39.26294783999997,0.1942000000000003,33
619cdd9545851b2ed24324a6,low_WSe2,1.0,2.0,3.0,11.772814740000047,1.3038999999999987,33
619cdd9545851b2ed24324a7,low_WSe2,2.0,1.0,3.0,23.102203859999957,1.2571000000000012,33
619cdd9545851b2ed24324a8,low_WSe2,3.0,0.0,3.0,50.52670169999997,0.2154999999999987,33
619cdd9545851b2ed24324a9,low_WSe2,2.0,1.0,3.0,39.23016613999998,0.1981999999999999,33
619cdd9545851b2ed24324aa,low_WSe2,2.0,1.0,3.0,23.123835129999897,1.2800999999999974,33
619cdd9545851b2ed24324ab,low_WSe2,3.0,0.0,3.0,50.59702142000001,0.1734000000000009,33
619cdd9545851b2ed24324ac,low_WSe2,0.0,3.0,3.0,0.4359645300000352,1.8367000000000004,33
619cdd9545851b2ed24324ad,low_WSe2,1.0,2.0,3.0,11.767375670000082,1.302399999999999,33
619cdd9545851b2ed24324ae,low_WSe2,2.0,1.0,3.0,39.293259350000014,0.1743999999999985,33
619cdd9545851b2ed24324af,low_WSe2,1.0,2.0,3.0,11.76686412999992,1.294499999999999,33
619cdd9545851b2ed24324b0,low_WSe2,3.0,0.0,3.0,50.58983064999993,0.1916999999999991,33
619cdd9545851b2ed24324b1,low_WSe2,3.0,0.0,3.0,48.89742626999996,0.5830000000000002,33
619cdd9545851b2ed24324b2,low_WSe2,1.0,2.0,3.0,11.769526519999989,1.2946999999999989,33
619cdd9545851b2ed24324b3,low_WSe2,2.0,1.0,3.0,39.29286548999998,0.1687000000000011,33
619cdd9545851b2ed24324b4,low_WSe2,2.0,1.0,3.0,23.108811849999974,1.263300000000001,33
619cdd9545851b2ed24324b5,low_WSe2,1.0,2.0,3.0,11.7605355999999,1.299200000000006,33
619cdd9545851b2ed24324b6,low_WSe2,1.0,2.0,3.0,11.767200400000082,1.2933999999999983,33
619cdd9545851b2ed24324b7,low_WSe2,3.0,0.0,3.0,50.4971755,0.2228999999999992,33
619cdd9545851b2ed24324b8,low_WSe2,1.0,1.0,2.0,8.02473294999993,1.2998000000000012,34
619cdd9545851b2ed24324b9,low_WSe2,2.0,1.0,3.0,23.13653870000011,1.2770999999999972,33
619cdd9545851b2ed24324ba,low_WSe2,1.0,2.0,3.0,11.771579409999948,1.3042000000000016,33
619cdd9545851b2ed24324bb,low_WSe2,1.0,2.0,3.0,11.774675390000072,1.2989999999999997,33
619cdd9545851b2ed24324bc,low_WSe2,2.0,1.0,3.0,39.23521936999991,0.193999999999999,33
619cdd9545851b2ed24324bd,low_WSe2,2.0,1.0,3.0,39.24069743999989,0.2076999999999991,33
619cdd9545851b2ed24324be,low_WSe2,3.0,0.0,3.0,50.57674540000003,0.214500000000001,33
619cdd9545851b2ed24324bf,low_WSe2,1.0,2.0,3.0,11.773040830000117,1.1570999999999998,33
619cdd9545851b2ed24324c0,low_WSe2,3.0,0.0,3.0,48.05647841999994,0.5754000000000001,33
619cdd9545851b2ed24324c1,low_WSe2,2.0,1.0,3.0,39.19140846999999,0.2072000000000002,33
619cdd9545851b2ed24324c2,low_WSe2,3.0,0.0,3.0,49.94856723999997,0.1854999999999993,33
619cdd9545851b2ed24324c3,low_WSe2,2.0,1.0,3.0,39.23584912000005,0.2009999999999987,33
619cdd9545851b2ed24324c4,low_WSe2,1.0,2.0,3.0,27.91465562000008,0.1974,33
619cdd9545851b2ed24324c5,low_WSe2,2.0,1.0,3.0,39.21090233,0.2022999999999992,33
619cdd9545851b2ed24324c6,low_WSe2,3.0,0.0,3.0,48.89583916999991,0.6211000000000002,33
619cdd9545851b2ed24324c7,low_WSe2,3.0,0.0,3.0,49.988040920000095,0.1701999999999994,33
619cdd9545851b2ed24324c8,low_WSe2,1.0,2.0,3.0,27.91189026999996,0.1925000000000007,33
619cdd9545851b2ed24324c9,low_WSe2,3.0,0.0,3.0,50.52791727000008,0.2027999999999998,33
619cdd9545851b2ed24324ca,low_WSe2,0.0,3.0,3.0,0.4267973000000324,1.8255000000000048,33
619cdd9545851b2ed24324cb,low_WSe2,1.0,2.0,3.0,28.005423500000006,0.2567000000000004,33
619cdd9545851b2ed24324cc,low_WSe2,2.0,1.0,3.0,23.080750619999925,1.255900000000004,33
619cdd9545851b2ed24324cd,low_WSe2,1.0,2.0,3.0,27.92948421000005,0.1920999999999999,33
619cdd9545851b2ed24324ce,low_WSe2,2.0,1.0,3.0,39.20390685000011,0.1775000000000002,33
619cdd9545851b2ed24324cf,low_WSe2,2.0,1.0,3.0,39.33307515999995,0.266,33
619cdd9545851b2ed24324d0,low_WSe2,0.0,2.0,2.0,-3.319380269999943,1.8655000000000008,34
619cdd9545851b2ed24324d1,low_WSe2,0.0,3.0,3.0,0.429700739999987,1.831400000000002,33
619cdd9545851b2ed24324d2,low_WSe2,3.0,0.0,3.0,50.55690603999992,0.2068000000000012,33
619cdd9545851b2ed24324d3,low_WSe2,3.0,0.0,3.0,50.56391846000006,0.192400000000001,33
619cdd9545851b2ed24324d4,low_WSe2,2.0,1.0,3.0,39.23734001999996,0.1997,33
619cdd9545851b2ed24324d5,low_WSe2,0.0,3.0,3.0,0.4287168400000496,1.8290000000000008,33
619cdd9545851b2ed24324d6,low_WSe2,2.0,1.0,3.0,39.304693730000096,0.2713999999999998,33
619cdd9545851b2ed24324d7,low_WSe2,1.0,2.0,3.0,11.76616583000008,1.3027999999999975,33
619cdd9545851b2ed24324d8,low_WSe2,1.0,2.0,3.0,11.77272769,1.3024000000000058,33
619cdd9545851b2ed24324d9,low_WSe2,3.0,0.0,3.0,50.57407634999991,0.1512999999999991,33
619cdd9545851b2ed24324da,low_WSe2,1.0,2.0,3.0,11.78874747000008,1.2653999999999996,33
619cdd9545851b2ed24324db,low_WSe2,1.0,2.0,3.0,11.768906989999994,1.2929999999999993,33
619cdd9545851b2ed24324dc,low_WSe2,2.0,1.0,3.0,23.09620526000007,1.2456000000000031,33
619cdd9545851b2ed24324dd,low_WSe2,1.0,2.0,3.0,11.766184990000044,1.3023000000000025,33
619cdd9545851b2ed24324de,low_WSe2,3.0,0.0,3.0,50.5460267500001,0.212299999999999,33
619cdd9645851b2ed24324df,low_WSe2,1.0,2.0,3.0,11.785127589999991,1.2691000000000017,33
619cdd9645851b2ed24324e0,low_WSe2,2.0,1.0,3.0,39.16863483999991,0.1216999999999988,33
619cdd9645851b2ed24324e1,low_WSe2,3.0,0.0,3.0,50.61391166999997,0.1805000000000003,33
619cdd9645851b2ed24324e2,low_WSe2,1.0,2.0,3.0,11.760636129999956,1.2978000000000025,33
619cdd9645851b2ed24324e3,low_WSe2,1.0,2.0,3.0,27.915467960000115,0.1944999999999996,33
619cdd9645851b2ed24324e4,low_WSe2,2.0,1.0,3.0,23.110172129999945,1.220399999999998,33
619cdd9645851b2ed24324e5,low_WSe2,3.0,0.0,3.0,49.9958466900001,0.1927000000000003,33
619cdd9645851b2ed24324e6,low_WSe2,1.0,2.0,3.0,11.760160519999989,1.2986000000000004,33
619cdd9645851b2ed24324e7,low_WSe2,2.0,1.0,3.0,39.18842395999995,0.2141000000000001,33
619cdd9645851b2ed24324e8,low_WSe2,1.0,2.0,3.0,11.77348894999999,1.301399999999994,33
619cdd9645851b2ed24324e9,low_WSe2,3.0,0.0,3.0,48.90450696000003,0.5961999999999996,33
619cdd9645851b2ed24324ea,low_WSe2,1.0,2.0,3.0,27.875617950000105,0.1769999999999996,33
619cdd9645851b2ed24324eb,low_WSe2,0.0,3.0,3.0,0.4342413199998987,1.8055999999999983,33
619cdd9645851b2ed24324ec,low_WSe2,2.0,1.0,3.0,39.27165986999994,0.2606999999999999,33
619cdd9645851b2ed24324ed,low_WSe2,1.0,2.0,3.0,11.755964639999991,1.3056000000000054,33
619cdd9645851b2ed24324ee,low_WSe2,2.0,1.0,3.0,39.19846465999994,0.1522000000000005,33
619cdd9645851b2ed24324ef,low_WSe2,2.0,1.0,3.0,38.63069505000003,0.1906999999999996,33
619cdd9645851b2ed24324f0,low_WSe2,3.0,0.0,3.0,50.54386093000003,0.2701000000000011,33
619cdd9645851b2ed24324f1,low_WSe2,1.0,2.0,3.0,11.772465629999932,1.283699999999996,33
619cdd9645851b2ed24324f2,low_WSe2,2.0,1.0,3.0,23.127186400000063,1.2805999999999995,33
619cdd9645851b2ed24324f3,low_WSe2,1.0,2.0,3.0,11.773996339999927,1.302900000000001,33
619cdd9645851b2ed24324f4,low_WSe2,1.0,2.0,3.0,11.767933170000097,1.2987000000000035,33
619cdd9645851b2ed24324f5,low_WSe2,2.0,1.0,3.0,23.09348671000001,1.2453000000000003,33
619cdd9645851b2ed24324f6,low_WSe2,2.0,1.0,3.0,39.23940543999997,0.1951999999999998,33
619cdd9645851b2ed24324f7,low_WSe2,0.0,3.0,3.0,0.4282369399999766,1.8329999999999984,33
619cdd9645851b2ed24324f8,low_WSe2,1.0,2.0,3.0,11.761248419999893,1.2996000000000052,33
619cdd9645851b2ed24324f9,low_WSe2,2.0,1.0,3.0,23.11891565,1.271100000000004,33
619cdd9645851b2ed24324fa,low_WSe2,1.0,2.0,3.0,11.765038300000004,1.3003,33
619cdd9645851b2ed24324fb,low_WSe2,2.0,1.0,3.0,39.2455001199999,0.202399999999999,33
619cdd9645851b2ed24324fc,low_WSe2,0.0,3.0,3.0,0.4269231699999523,1.8271000000000013,33
619cdd9645851b2ed24324fd,low_WSe2,2.0,1.0,3.0,37.5838773599999,0.6509999999999998,33
619cdd9645851b2ed24324fe,low_WSe2,1.0,2.0,3.0,28.005704680000008,0.2629999999999999,33
619cdd9645851b2ed24324ff,low_WSe2,1.0,2.0,3.0,11.768808389999991,1.3018999999999965,33
619cdd9645851b2ed2432500,low_WSe2,1.0,2.0,3.0,11.767160789999924,1.3000000000000045,33
619cdd9645851b2ed2432501,low_WSe2,1.0,2.0,3.0,11.759958119999954,1.2997000000000014,33
619cdd9645851b2ed2432502,low_WSe2,1.0,2.0,3.0,11.74946589,1.2980000000000018,33
619cdd9645851b2ed2432503,low_WSe2,2.0,1.0,3.0,22.55312363000011,1.249299999999998,33
619cdd9645851b2ed2432504,low_WSe2,2.0,1.0,3.0,39.24555403999993,0.198599999999999,33
619cdd9645851b2ed2432505,low_WSe2,3.0,0.0,3.0,50.58112822999997,0.1968999999999994,33
619cdd9645851b2ed2432506,low_WSe2,2.0,1.0,3.0,23.02056973000007,1.119800000000005,33
619cdd9645851b2ed2432507,low_WSe2,3.0,0.0,3.0,50.49075939999998,0.2050999999999998,33
619cdd9645851b2ed2432508,low_WSe2,1.0,2.0,3.0,27.91630858999997,0.1905999999999998,33
619cdd9645851b2ed2432509,low_WSe2,3.0,0.0,3.0,50.65216218999999,0.2498000000000004,33
619cdd9645851b2ed243250a,low_WSe2,1.0,2.0,3.0,11.743451609999957,1.3003999999999962,33
619cdd9645851b2ed243250b,low_WSe2,1.0,2.0,3.0,27.994954089999965,0.2668999999999997,33
619cdd9645851b2ed243250c,low_WSe2,3.0,0.0,3.0,49.58979935000011,0.2263000000000001,33
619cdd9645851b2ed243250d,low_WSe2,1.0,2.0,3.0,11.768613189999986,1.2988,33
619cdd9645851b2ed243250e,low_WSe2,1.0,2.0,3.0,11.770247390000112,1.3000000000000045,33
619cdd9645851b2ed243250f,low_WSe2,1.0,2.0,3.0,11.771225669999913,1.302500000000002,33
619cdd9645851b2ed2432510,low_WSe2,1.0,2.0,3.0,28.047568570000067,0.2195999999999998,33
619cdd9645851b2ed2432511,low_WSe2,2.0,1.0,3.0,39.22696593999994,0.1974,33
619cdd9645851b2ed2432512,low_WSe2,1.0,2.0,3.0,28.049143649999905,0.2231000000000005,33
619cdd9645851b2ed2432513,low_WSe2,2.0,1.0,3.0,39.25807364999996,0.1865999999999985,33
619cdd9645851b2ed2432514,low_WSe2,1.0,2.0,3.0,11.766241519999983,1.3025999999999982,33
619cdd9645851b2ed2432515,low_WSe2,2.0,1.0,3.0,39.320372250000034,0.2479000000000013,33
619cdd9645851b2ed2432516,low_WSe2,2.0,1.0,3.0,39.259281070000085,0.1935000000000002,33
619cdd9645851b2ed2432517,low_WSe2,1.0,2.0,3.0,11.773259040000074,1.3019999999999996,33
619cdd9645851b2ed2432518,low_WSe2,2.0,1.0,3.0,39.23581377000009,0.1857000000000006,33
619cdd9645851b2ed2432519,low_WSe2,2.0,1.0,3.0,23.122980670000096,1.2824999999999989,33
619cdd9645851b2ed243251a,low_WSe2,2.0,1.0,3.0,39.21707962999999,0.1969000000000011,33
619cdd9645851b2ed243251b,low_WSe2,1.0,2.0,3.0,28.000542819999964,0.2674000000000003,33
619cdd9645851b2ed243251c,low_WSe2,0.0,3.0,3.0,0.427459449999958,1.8339,33
619cdd9645851b2ed243251d,low_WSe2,2.0,1.0,3.0,23.13718184999997,1.1396999999999975,33
619cdd9645851b2ed243251e,low_WSe2,2.0,1.0,3.0,38.63238284999993,0.1934000000000004,33
619cdd9645851b2ed243251f,low_WSe2,2.0,1.0,3.0,38.66584145999995,0.1902000000000008,33
619cdd9645851b2ed2432520,low_WSe2,3.0,0.0,3.0,50.57322615000008,0.1589999999999989,33
619cdd9645851b2ed2432521,low_WSe2,0.0,3.0,3.0,0.4538455999999655,1.8256999999999977,33
619cdd9645851b2ed2432522,low_WSe2,0.0,3.0,3.0,0.4549679399999036,1.829500000000003,33
619cdd9645851b2ed2432523,low_WSe2,0.0,3.0,3.0,0.4284159299999714,1.826499999999996,33
619cdd9645851b2ed2432524,low_WSe2,0.0,3.0,3.0,0.426559579999946,1.8287000000000049,33
619cdd9645851b2ed2432525,low_WSe2,1.0,2.0,3.0,28.060167099999944,0.2767999999999997,33
619cdd9645851b2ed2432526,low_WSe2,2.0,1.0,3.0,39.3581622300001,0.279399999999999,33
619cdd9645851b2ed2432527,low_WSe2,1.0,2.0,3.0,11.770290579999926,1.3033,33
619cdd9645851b2ed2432528,low_WSe2,0.0,3.0,3.0,0.4281530699999507,1.8279,33
619cdd9645851b2ed2432529,low_WSe2,0.0,3.0,3.0,0.4310421800000199,1.8146000000000055,33
619cdd9645851b2ed243252a,low_WSe2,3.0,0.0,3.0,50.55956098000011,0.2035999999999997,33
619cdd9645851b2ed243252b,low_WSe2,2.0,1.0,3.0,39.19015818000007,0.1923000000000012,33
619cdd9645851b2ed243252c,low_WSe2,2.0,1.0,3.0,39.23904466999993,0.1995000000000004,33
619cdd9645851b2ed243252d,low_WSe2,2.0,1.0,3.0,23.117492410000104,1.2493000000000052,33
619cdd9645851b2ed243252e,low_WSe2,3.0,0.0,3.0,48.93263211999997,0.4493000000000009,33
619cdd9645851b2ed243252f,low_WSe2,1.0,2.0,3.0,11.760717580000108,1.2978000000000025,33
619cdd9645851b2ed2432530,low_WSe2,2.0,1.0,3.0,23.115757379999916,1.156799999999997,33
619cdd9645851b2ed2432531,low_WSe2,2.0,1.0,3.0,39.19348638000001,0.2085000000000008,33
619cdd9745851b2ed2432532,low_WSe2,0.0,3.0,3.0,0.4279275099999609,1.8257000000000048,33
619cdd9745851b2ed2432533,low_WSe2,1.0,2.0,3.0,11.761205819999976,1.3040999999999985,33
619cdd9745851b2ed2432534,low_WSe2,1.0,2.0,3.0,11.773960290000094,1.282199999999996,33
619cdd9745851b2ed2432535,low_WSe2,0.0,3.0,3.0,0.4322708199999283,1.828800000000001,33
619cdd9745851b2ed2432536,low_WSe2,2.0,1.0,3.0,39.24384880999996,0.1928,33
619cdd9745851b2ed2432537,low_WSe2,1.0,2.0,3.0,11.772922000000095,1.3034999999999997,33
619cdd9745851b2ed2432538,low_WSe2,1.0,2.0,3.0,28.00702455999999,0.2596000000000007,33
619cdd9745851b2ed2432539,low_WSe2,1.0,2.0,3.0,11.773312049999948,1.2860999999999976,33
619cdd9745851b2ed243253a,low_WSe2,1.0,2.0,3.0,11.784074129999896,1.1543999999999954,33
619cdd9745851b2ed243253b,low_WSe2,1.0,2.0,3.0,27.927120190000096,0.1589000000000009,33
619cdd9745851b2ed243253c,low_WSe2,1.0,2.0,3.0,11.773624189999952,1.2967000000000013,33
619cdd9745851b2ed243253d,low_WSe2,1.0,2.0,3.0,11.798850209999944,1.269599999999997,33
619cdd9745851b2ed243253e,low_WSe2,1.0,2.0,3.0,11.76171550999992,1.304499999999997,33
619cdd9745851b2ed243253f,low_WSe2,2.0,1.0,3.0,39.23825188999994,0.1860999999999997,33
619cdd9745851b2ed2432540,low_WSe2,1.0,2.0,3.0,11.763445589999936,1.2980000000000018,33
619cdd9745851b2ed2432541,low_WSe2,3.0,0.0,3.0,50.59459112,0.1967999999999996,33
619cdd9745851b2ed2432542,low_WSe2,2.0,1.0,3.0,23.135872110000072,1.144200000000005,33
619cdd9745851b2ed2432543,low_WSe2,2.0,1.0,3.0,23.120564630000025,1.2815000000000012,33
619cdd9745851b2ed2432544,low_WSe2,2.0,1.0,3.0,23.127959859999955,1.282899999999998,33
619cdd9745851b2ed2432545,low_WSe2,3.0,0.0,3.0,49.98631845000009,0.2014999999999993,33
619cdd9745851b2ed2432546,low_WSe2,2.0,1.0,3.0,39.238004939999925,0.2034000000000002,33
619cdd9745851b2ed2432547,low_WSe2,1.0,2.0,3.0,11.771389270000087,1.300699999999999,33
619cdd9745851b2ed2432548,low_WSe2,1.0,2.0,3.0,28.110185069999943,0.1860999999999997,33
619cdd9745851b2ed2432549,low_WSe2,1.0,2.0,3.0,11.789005329999998,1.1597000000000008,33
619cdd9745851b2ed243254a,low_WSe2,2.0,1.0,3.0,23.11641768000008,1.2653000000000034,33
619cdd9745851b2ed243254b,low_WSe2,1.0,2.0,3.0,11.776238379999985,1.3011999999999944,33
619cdd9745851b2ed243254c,low_WSe2,3.0,0.0,3.0,50.58582588,0.1920000000000001,33
619cdd9745851b2ed243254d,low_WSe2,2.0,1.0,3.0,39.23405757999994,0.2017999999999986,33
619cdd9745851b2ed243254e,low_WSe2,2.0,1.0,3.0,23.135520609999997,1.278100000000002,33
619cdd9745851b2ed243254f,low_WSe2,0.0,3.0,3.0,0.4293465000000083,1.826100000000004,33
619cdd9745851b2ed2432550,low_WSe2,1.0,2.0,3.0,11.753220829999908,1.299599999999998,33
619cdd9745851b2ed2432551,low_WSe2,1.0,2.0,3.0,11.748770740000044,1.2922999999999971,33
619cdd9745851b2ed2432552,low_WSe2,1.0,2.0,3.0,11.765505520000024,1.299900000000001,33
619cdd9745851b2ed2432553,low_WSe2,3.0,0.0,3.0,50.47952057000007,0.2176000000000009,33
619cdd9745851b2ed2432554,low_WSe2,2.0,1.0,3.0,23.098342060000085,1.246700000000004,33
619cdd9745851b2ed2432555,low_WSe2,1.0,2.0,3.0,11.765997279999954,1.2996000000000052,33
619cdd9745851b2ed2432556,low_WSe2,1.0,2.0,3.0,11.770608320000054,1.299500000000002,33
619cdd9745851b2ed2432557,low_WSe2,2.0,1.0,3.0,39.20284270999996,0.1997,33
619cdd9745851b2ed2432558,low_WSe2,1.0,2.0,3.0,11.765135829999952,1.2963000000000022,33
619cdd9745851b2ed2432559,low_WSe2,2.0,1.0,3.0,39.23515475999993,0.1481999999999992,33
619cdd9745851b2ed243255a,low_WSe2,2.0,1.0,3.0,39.3051506100001,0.2688999999999986,33
619cdd9745851b2ed243255b,low_WSe2,3.0,0.0,3.0,50.53551898999999,0.1648000000000014,33
619cdd9745851b2ed243255c,low_WSe2,0.0,3.0,3.0,0.4290244299999699,1.827600000000004,33
619cdd9745851b2ed243255d,low_WSe2,3.0,0.0,3.0,50.58619196999994,0.2045999999999992,33
619cdd9745851b2ed243255e,low_WSe2,1.0,2.0,3.0,11.776233519999996,1.3000999999999934,33
619cdd9745851b2ed243255f,low_WSe2,1.0,2.0,3.0,11.76559259999998,1.2991000000000028,33
619cdd9745851b2ed2432560,low_WSe2,2.0,1.0,3.0,39.23899772999998,0.2018000000000004,33
619cdd9745851b2ed2432561,low_WSe2,1.0,2.0,3.0,11.756327829999908,1.302900000000001,33
619cdd9745851b2ed2432562,low_WSe2,2.0,1.0,3.0,39.22936159999999,0.1484999999999985,33
619cdd9745851b2ed2432563,low_WSe2,2.0,1.0,3.0,39.24804281000006,0.1973000000000002,33
619cdd9745851b2ed2432564,low_WSe2,1.0,2.0,3.0,11.782861610000044,1.2967000000000013,33
619cdd9745851b2ed2432565,low_WSe2,2.0,1.0,3.0,39.33224249000004,0.2868000000000013,33
619cdd9745851b2ed2432566,low_WSe2,1.0,2.0,3.0,11.773370890000011,1.3016000000000003,33
619cdd9745851b2ed2432567,low_WSe2,0.0,3.0,3.0,0.4577006100000176,1.8288999999999973,33
619cdd9745851b2ed2432568,low_WSe2,1.0,2.0,3.0,11.768453879999914,1.2997000000000014,33
619cdd9745851b2ed2432569,low_WSe2,2.0,1.0,3.0,39.2289789899999,0.2166999999999994,33
619cdd9745851b2ed243256a,low_WSe2,2.0,1.0,3.0,37.51635356999991,0.5455000000000005,33
619cdd9745851b2ed243256b,low_WSe2,3.0,0.0,3.0,50.60589678000006,0.2683999999999997,33
619cdd9745851b2ed243256c,low_WSe2,3.0,0.0,3.0,48.90982723000011,0.6143999999999998,33
619cdd9745851b2ed243256d,low_WSe2,1.0,2.0,3.0,11.770759029999898,1.306200000000004,33
619cdd9745851b2ed243256e,low_WSe2,1.0,2.0,3.0,27.91781450999997,0.1887000000000007,33
619cdd9745851b2ed243256f,low_WSe2,1.0,2.0,3.0,11.772176669999896,1.3009999999999948,33
619cdd9745851b2ed2432570,low_WSe2,2.0,1.0,3.0,39.23818469000007,0.1943000000000001,33
619cdd9745851b2ed2432571,low_WSe2,2.0,1.0,3.0,23.101079399999925,1.1968999999999994,33
619cdd9745851b2ed2432572,low_WSe2,2.0,1.0,3.0,39.24600964999995,0.1909999999999989,33
619cdd9745851b2ed2432573,low_WSe2,2.0,1.0,3.0,39.23443092000007,0.2013999999999995,33
619cdd9745851b2ed2432574,low_WSe2,0.0,3.0,3.0,0.4313061699999139,1.8307999999999964,33
619cdd9745851b2ed2432575,low_WSe2,0.0,3.0,3.0,0.4282601100000534,1.825800000000001,33
619cdd9745851b2ed2432576,low_WSe2,1.0,2.0,3.0,11.771560070000069,1.3012000000000017,33
619cdd9745851b2ed2432577,low_WSe2,2.0,0.0,2.0,40.29168973999994,0.1902000000000008,34
619cdd9745851b2ed2432578,low_WSe2,1.0,2.0,3.0,27.918742249999923,0.1872999999999987,33
619cdd9745851b2ed2432579,low_WSe2,3.0,0.0,3.0,50.75712899999994,0.1684999999999998,33
619cdd9745851b2ed243257a,low_WSe2,1.0,2.0,3.0,27.9198703699999,0.1966999999999998,33
619cdd9745851b2ed243257b,low_WSe2,3.0,0.0,3.0,50.56511267999995,0.1622000000000003,33
619cdd9745851b2ed243257c,low_WSe2,2.0,1.0,3.0,39.22666998000004,0.2007999999999992,33
619cdd9745851b2ed243257d,low_WSe2,2.0,1.0,3.0,38.6373790600001,0.1940000000000008,33
619cdd9745851b2ed243257e,low_WSe2,1.0,2.0,3.0,11.770502620000103,1.3029999999999973,33
619cdd9745851b2ed243257f,low_WSe2,1.0,2.0,3.0,27.915940500000037,0.1951,33
619cdd9745851b2ed2432580,low_WSe2,0.0,3.0,3.0,0.4261348399999747,1.8250000000000028,33
619cdd9745851b2ed2432581,low_WSe2,0.0,3.0,3.0,0.4283597299999542,1.828400000000002,33
619cdd9745851b2ed2432582,low_WSe2,3.0,0.0,3.0,50.504924749999965,0.2211999999999996,33
619cdd9745851b2ed2432583,low_WSe2,2.0,1.0,3.0,39.19698855999995,0.1897000000000002,33
619cdd9745851b2ed2432584,low_WSe2,1.0,2.0,3.0,11.772005210000078,1.2988,33
619cdd9845851b2ed2432585,low_WSe2,2.0,1.0,3.0,23.10119134000005,1.2776999999999958,33
619cdd9845851b2ed2432586,low_WSe2,2.0,0.0,2.0,40.932358740000055,0.2595999999999989,34
619cdd9845851b2ed2432587,low_WSe2,2.0,1.0,3.0,39.23688575999999,0.1866000000000003,33
619cdd9845851b2ed2432588,low_WSe2,1.0,2.0,3.0,27.96899265000002,0.1564999999999994,33
619cdd9845851b2ed2432589,low_WSe2,2.0,1.0,3.0,39.25187983999994,0.1957000000000004,33
619cdd9845851b2ed243258a,low_WSe2,2.0,1.0,3.0,23.10743647999997,1.2438000000000002,33
619cdd9845851b2ed243258b,low_WSe2,0.0,3.0,3.0,0.4295533399999272,1.8310999999999995,33
619cdd9845851b2ed243258c,low_WSe2,2.0,1.0,3.0,39.19872016999993,0.2004999999999999,33
619cdd9845851b2ed243258d,low_WSe2,1.0,2.0,3.0,11.785146590000055,1.2730000000000032,33
619cdd9845851b2ed243258e,low_WSe2,1.0,2.0,3.0,27.909641389999933,0.1951,33
619cdd9845851b2ed243258f,low_WSe2,0.0,3.0,3.0,0.454994030000023,1.8282999999999987,33
619cdd9845851b2ed2432590,low_WSe2,1.0,2.0,3.0,11.772748200000011,1.300400000000003,33
619cdd9845851b2ed2432591,low_WSe2,2.0,1.0,3.0,23.10291216999989,1.2607,33
619cdd9845851b2ed2432592,low_WSe2,1.0,2.0,3.0,11.772537419999924,1.283300000000004,33
619cdd9845851b2ed2432593,low_WSe2,2.0,1.0,3.0,23.12856827999989,1.2822000000000031,33
619cdd9845851b2ed2432594,low_WSe2,1.0,2.0,3.0,27.917466879999893,0.1869999999999994,33
619cdd9845851b2ed2432595,low_WSe2,2.0,1.0,3.0,39.24239696999989,0.1973000000000002,33
619cdd9845851b2ed2432596,low_WSe2,1.0,2.0,3.0,11.775763630000018,1.3018,33
619cdd9845851b2ed2432597,low_WSe2,0.0,3.0,3.0,0.4269127599999933,1.8237000000000023,33
619cdd9845851b2ed2432598,low_WSe2,0.0,3.0,3.0,0.4289681600000108,1.8241000000000012,33
619cdd9845851b2ed2432599,low_WSe2,1.0,2.0,3.0,11.771808510000016,1.2997999999999976,33
619cdd9845851b2ed243259a,low_WSe2,1.0,2.0,3.0,27.91293726999993,0.1895999999999986,33
619cdd9845851b2ed243259b,low_WSe2,2.0,1.0,3.0,39.20374335000001,0.190100000000001,33
619cdd9845851b2ed243259c,low_WSe2,3.0,0.0,3.0,48.917786410000055,0.5961000000000016,33
619cdd9845851b2ed243259d,low_WSe2,3.0,0.0,3.0,50.68605452999996,0.2628000000000003,33
619cdd9845851b2ed243259e,low_WSe2,0.0,3.0,3.0,0.4291347899999778,1.8265999999999991,33
619cdd9845851b2ed243259f,low_WSe2,2.0,1.0,3.0,37.57281225000001,0.6561000000000003,33
619cdd9845851b2ed24325a0,low_WSe2,1.0,2.0,3.0,27.91768230999992,0.1920999999999999,33
619cdd9845851b2ed24325a1,low_WSe2,1.0,1.0,2.0,8.018030350000004,1.2937000000000012,34
619cdd9845851b2ed24325a2,low_WSe2,3.0,0.0,3.0,47.42395820000011,0.2680999999999987,33
619cdd9845851b2ed24325a3,low_WSe2,1.0,2.0,3.0,11.762510609999923,1.299500000000002,33
619cdd9845851b2ed24325a4,low_WSe2,1.0,2.0,3.0,11.768203500000016,1.2974000000000032,33
619cdd9845851b2ed24325a5,low_WSe2,1.0,2.0,3.0,11.77129308999996,1.296999999999997,33
619cdd9845851b2ed24325a6,low_WSe2,1.0,2.0,3.0,11.788607310000078,1.3024000000000058,33
619cdd9845851b2ed24325a7,low_WSe2,2.0,1.0,3.0,39.24854647000011,0.1965000000000003,33
619cdd9845851b2ed24325a8,low_WSe2,0.0,3.0,3.0,0.4276518399998963,1.8264,33
619cdd9845851b2ed24325a9,low_WSe2,1.0,2.0,3.0,11.768535279999911,1.2862999999999971,33
619cdd9845851b2ed24325aa,low_WSe2,1.0,2.0,3.0,11.771880539999971,1.2991000000000028,33
619cdd9845851b2ed24325ab,low_WSe2,2.0,1.0,3.0,23.111064579999983,1.125700000000002,33
619cdd9845851b2ed24325ac,low_WSe2,1.0,2.0,3.0,11.76192527000011,1.2988999999999962,33
619cdd9845851b2ed24325ad,low_WSe2,2.0,1.0,3.0,39.229221430000095,0.1972000000000004,33
619cdd9845851b2ed24325ae,low_WSe2,0.0,2.0,2.0,-3.3214994199999417,1.8664000000000025,34
619cdd9845851b2ed24325af,low_WSe2,1.0,2.0,3.0,27.91167208999991,0.1964000000000005,33
619cdd9845851b2ed24325b0,low_WSe2,1.0,2.0,3.0,11.78546348000008,1.295899999999996,33
619cdd9845851b2ed24325b1,low_WSe2,0.0,3.0,3.0,0.4314884300001154,1.831400000000002,33
619cdd9845851b2ed24325b2,low_WSe2,1.0,2.0,3.0,27.922725749999927,0.187800000000001,33
619cdd9845851b2ed24325b3,low_WSe2,2.0,1.0,3.0,23.11862587999989,1.1390999999999991,33
619cdd9845851b2ed24325b4,low_WSe2,1.0,2.0,3.0,11.76546106999989,1.2972000000000037,33
619cdd9845851b2ed24325b5,low_WSe2,2.0,1.0,3.0,38.657777720000055,0.1879000000000008,33
619cdd9845851b2ed24325b6,low_WSe2,1.0,2.0,3.0,11.757564709999986,1.3003,33
619cdd9845851b2ed24325b7,low_WSe2,1.0,2.0,3.0,11.766724580000062,1.3019000000000034,33
619cdd9845851b2ed24325b8,low_WSe2,2.0,1.0,3.0,38.63355647000007,0.189,33
619cdd9845851b2ed24325b9,low_WSe2,1.0,2.0,3.0,11.784902959999943,1.268000000000001,33
619cdd9845851b2ed24325ba,low_WSe2,2.0,1.0,3.0,39.190994939999925,0.2115999999999989,33
619cdd9845851b2ed24325bb,low_WSe2,2.0,1.0,3.0,39.20265754999996,0.1730999999999998,33
619cdd9845851b2ed24325bc,low_WSe2,2.0,1.0,3.0,39.25384168999999,0.2005999999999996,33
619cdd9845851b2ed24325bd,low_WSe2,1.0,2.0,3.0,11.768130709999912,1.3021999999999991,33
619cdd9845851b2ed24325be,low_WSe2,1.0,2.0,3.0,11.764983949999976,1.2976000000000028,33
619cdd9845851b2ed24325bf,low_WSe2,1.0,2.0,3.0,28.054311209999923,0.2698,33
619cdd9845851b2ed24325c0,low_WSe2,2.0,1.0,3.0,23.111374719999997,1.280200000000001,33
619cdd9845851b2ed24325c1,low_WSe2,2.0,1.0,3.0,23.094159040000054,1.2007000000000048,33
619cdd9845851b2ed24325c2,low_WSe2,0.0,3.0,3.0,0.4348888500000498,1.8256000000000012,33
619cdd9845851b2ed24325c3,low_WSe2,2.0,1.0,3.0,39.248966169999946,0.1920999999999999,33
619cdd9845851b2ed24325c4,low_WSe2,2.0,1.0,3.0,39.23455502000006,0.1544999999999987,33
619cdd9845851b2ed24325c5,low_WSe2,3.0,0.0,3.0,48.90280375999996,0.6064000000000007,33
619cdd9845851b2ed24325c6,low_WSe2,2.0,1.0,3.0,23.119746840000097,1.2698999999999998,33
619cdd9845851b2ed24325c7,low_WSe2,1.0,2.0,3.0,11.766733489999968,1.303200000000004,33
619cdd9845851b2ed24325c8,low_WSe2,2.0,1.0,3.0,39.2520745100001,0.1972000000000004,33
619cdd9845851b2ed24325c9,low_WSe2,2.0,1.0,3.0,39.24045237999989,0.1967999999999996,33
619cdd9845851b2ed24325ca,low_WSe2,1.0,2.0,3.0,27.83754911999995,0.1747999999999994,33
619cdd9845851b2ed24325cb,low_WSe2,1.0,1.0,2.0,8.019413950000057,1.2939000000000007,34
619cdd9845851b2ed24325cc,low_WSe2,2.0,1.0,3.0,38.62642067999995,0.1931000000000011,33
619cdd9845851b2ed24325cd,low_WSe2,3.0,0.0,3.0,48.87067699999998,0.5120000000000005,33
619cdd9845851b2ed24325ce,low_WSe2,2.0,1.0,3.0,39.268440119999966,0.189,33
619cdd9845851b2ed24325cf,low_WSe2,0.0,3.0,3.0,0.4314173500001175,1.817,33
619cdd9845851b2ed24325d0,low_WSe2,3.0,0.0,3.0,50.52420306000008,0.1775999999999999,33
619cdd9845851b2ed24325d1,low_WSe2,1.0,2.0,3.0,27.93127763999996,0.1920999999999999,33
619cdd9845851b2ed24325d2,low_WSe2,2.0,1.0,3.0,38.62267939000007,0.1922000000000014,33
619cdd9845851b2ed24325d3,low_WSe2,0.0,3.0,3.0,0.4314263900000128,1.829100000000004,33
619cdd9845851b2ed24325d4,low_WSe2,1.0,2.0,3.0,27.91744631000006,0.1947000000000009,33
619cdd9845851b2ed24325d5,low_WSe2,2.0,1.0,3.0,39.23572021,0.1965000000000003,33
619cdd9845851b2ed24325d6,low_WSe2,1.0,2.0,3.0,11.75265018999993,1.2954000000000008,33
619cdd9845851b2ed24325d7,low_WSe2,3.0,0.0,3.0,49.95001411000008,0.2362999999999999,33
619cdd9845851b2ed24325d8,low_WSe2,2.0,1.0,3.0,23.02725882000008,1.1181999999999943,33
619cdd9945851b2ed24325d9,low_WSe2,3.0,0.0,3.0,50.55086732999994,0.1897999999999999,33
619cdd9945851b2ed24325da,low_WSe2,2.0,1.0,3.0,39.30999971999999,0.2701000000000011,33
619cdd9945851b2ed24325db,low_WSe2,0.0,3.0,3.0,0.4286972700001001,1.8282999999999987,33
619cdd9945851b2ed24325dc,low_WSe2,1.0,2.0,3.0,28.00272360000008,0.2654999999999994,33
619cdd9945851b2ed24325dd,low_WSe2,0.0,3.0,3.0,0.4276362899999526,1.8256000000000012,33
619cdd9945851b2ed24325de,low_WSe2,1.0,2.0,3.0,11.77056263999997,1.2849999999999966,33
619cdd9945851b2ed24325df,low_WSe2,2.0,1.0,3.0,39.26957646999999,0.1672000000000011,33
619cdd9945851b2ed24325e0,low_WSe2,2.0,1.0,3.0,39.232675459999925,0.1829,33
619cdd9945851b2ed24325e1,low_WSe2,2.0,1.0,3.0,23.12957733000011,1.2627999999999986,33
619cdd9945851b2ed24325e2,low_WSe2,1.0,2.0,3.0,11.786281110000107,1.272199999999998,33
619cdd9945851b2ed24325e3,low_WSe2,1.0,2.0,3.0,11.752592869999932,1.2988,33
619cdd9945851b2ed24325e4,low_WSe2,2.0,1.0,3.0,23.13332003999998,1.1402,33
619cdd9945851b2ed24325e5,low_WSe2,2.0,1.0,3.0,23.12242762000009,1.2691000000000017,33
619cdd9945851b2ed24325e6,low_WSe2,2.0,1.0,3.0,39.23229530999997,0.2003000000000003,33
619cdd9945851b2ed24325e7,low_WSe2,3.0,0.0,3.0,50.57694662000004,0.1975999999999995,33
619cdd9945851b2ed24325e8,low_WSe2,1.0,2.0,3.0,11.764143359999924,1.2986999999999966,33
619cdd9945851b2ed24325e9,low_WSe2,2.0,1.0,3.0,39.23624834000002,0.1994000000000007,33
619cdd9945851b2ed24325ea,low_WSe2,2.0,1.0,3.0,23.14428423999997,1.1787999999999954,33
619cdd9945851b2ed24325eb,low_WSe2,3.0,0.0,3.0,50.58799002999999,0.1987000000000005,33
